Example,Original_Message,Decoded_Bits,Polar_code,Binary_Corrupted_codeword,Corrupted_codeword,Output
0,"[1, 1, 1, 1, 1, 1, 1, 1]","[1, 1, 1, 1, 1, 1, 1, 1]",,"[0, 1, 1, 1, 1, 1, 1, 0, 1, 0, 0, 0, 0, 0, 0, 1]","[0.79192, -1.85649, -0.56811, -1.79045, -1.47267, -2.43152, -1.29343, 0.63173, -0.67322, 0.29564, 1.38161, 1.50757, 0.08975, 0.54787, 0.82638, -0.43393]","[-1.04843, -1.04974, -1.05041, -1.0519, -1.05029, -1.05017, -1.04972, -1.04997]"
1,"[1, 1, 1, 1, 1, 1, 1, 0]","[1, 1, 1, 1, 1, 1, 1, 0]",,"[1, 0, 0, 1, 0, 0, 0, 0, 0, 1, 1, 1, 1, 1, 1, 0]","[-0.73465, 2.74154, 0.86556, -0.07263, 2.55301, 2.25976, 1.10333, 0.58091, 1.02867, -1.22009, -1.12176, -0.01985, -0.53849, -1.08644, -0.20598, 0.6319]","[-1.03698, -1.03408, -1.05318, -1.04666, -1.03537, -1.05717, -1.05504, 1.05417]"
2,"[1, 1, 1, 1, 1, 1, 0, 1]","[1, 1, 1, 1, 1, 1, 0, 1]",,"[1, 1, 0, 1, 0, 1, 0, 0, 0, 0, 1, 0, 1, 0, 0, 1]","[-1.48312, -0.38287, 1.30141, -0.17317, 2.26996, -0.886, 0.96508, 0.55183, 0.34854, 0.75115, -0.62458, 1.82311, -1.94244, 1.01665, 0.20228, -0.4834]","[-1.0476, -1.05695, -1.04724, -1.05341, -1.05264, -1.05843, 1.03682, -1.04904]"
3,"[1, 1, 1, 1, 1, 0, 1, 1]","[1, 1, 0, 0, 1, 0, 0, 0]",,"[1, 0, 1, 1, 0, 1, 1, 1, 0, 1, 0, 0, 1, 0, 0, 1]","[-1.53776, 0.77893, -1.27969, -0.76461, 0.61944, -0.55603, -0.09186, -0.22382, 0.42884, -0.07198, 1.33775, 0.76727, -1.98561, 0.06013, 0.6912, -0.96482]","[-1.04728, -1.05067, 1.07145, 1.07165, -1.0525, 1.06777, 1.07347, 1.07693]"
4,"[1, 1, 1, 1, 1, 0, 1, 0]","[1, 1, 1, 1, 1, 0, 1, 0]",,"[0, 1, 0, 0, 1, 1, 0, 1, 1, 0, 1, 1, 0, 0, 1, 0]","[1.22344, -1.19419, 1.79049, 1.24648, -1.25655, -1.18288, 1.61399, -1.8394, -0.70328, 1.51482, -0.499, -0.58757, 0.98365, 0.73548, -0.60028, 0.48932]","[-1.05197, -1.05237, -1.05289, -1.05361, -1.04962, 1.05176, -1.05313, 1.0514]"
5,"[1, 1, 1, 1, 1, 0, 0, 1]","[1, 1, 1, 1, 1, 0, 0, 1]",,"[0, 0, 1, 0, 1, 0, 0, 0, 1, 1, 1, 0, 0, 1, 0, 1]","[1.83273, 0.79379, -0.37472, 0.07163, -0.92387, 2.49094, 0.75086, 1.59365, -2.05883, -0.55778, -1.45893, 1.93163, 0.43828, -0.3467, 0.33199, -1.3646]","[-1.04779, -0.29095, -1.04296, -0.56049, -1.04787, 1.05173, 1.04948, -1.02708]"
6,"[1, 1, 1, 1, 1, 0, 0, 0]","[1, 1, 1, 1, 1, 0, 0, 0]",,"[1, 1, 1, 0, 0, 1, 1, 1, 0, 0, 0, 1, 1, 0, 0, 0]","[-1.19248, -0.71695, -1.29552, 1.63869, 2.12954, -1.21465, -0.30412, -0.21956, 0.34792, 1.98858, 0.88651, -2.91501, -1.01879, 2.41325, 1.90099, 0.84937]","[-1.05098, -1.0505, -1.05173, -1.05134, -1.05238, 1.0532, 1.05384, 1.05332]"
7,"[1, 1, 1, 1, 0, 1, 1, 1]","[1, 1, 1, 1, 0, 1, 1, 1]",,"[1, 1, 1, 1, 0, 1, 1, 0, 0, 0, 0, 0, 1, 0, 0, 1]","[-1.45545, -1.39221, -0.77764, -0.09422, 0.99744, -0.24245, -1.75405, 1.10767, 1.69013, 1.84078, 1.41708, 0.81861, -1.35579, 0.78547, 0.78053, -0.65774]","[-1.0485, -1.0492, -1.04998, -1.05225, 1.05031, -1.05029, -1.04961, -1.04977]"
8,"[1, 1, 1, 1, 0, 1, 0, 1]","[1, 1, 1, 1, 0, 1, 0, 1]",,"[1, 1, 0, 1, 1, 1, 0, 0, 1, 0, 1, 0, 0, 1, 1, 1]","[-0.05986, -0.87424, 0.8334, -0.84858, -0.42173, -1.47534, 2.10456, 1.31447, -1.5022, 0.72182, -0.55728, 0.20236, 1.2838, -0.24013, -0.14484, -2.1148]","[-1.04761, -1.05147, -1.05352, -1.04367, 1.05855, -1.04529, 1.06442, -1.04289]"
9,"[1, 1, 1, 1, 0, 1, 0, 0]","[1, 1, 1, 1, 0, 1, 0, 0]",,"[1, 0, 1, 0, 0, 0, 1, 1, 0, 1, 0, 1, 1, 1, 0, 0]","[-1.78601, 2.37879, -2.03553, 0.94202, 1.34662, 1.45421, -0.20366, -0.14571, 1.80437, -0.61214, 0.89957, -2.06901, -1.00059, -2.00492, 0.46496, 1.54212]","[-1.05091, -1.05588, -1.05068, -1.05305, 1.05071, -1.05083, 1.05056, 1.05088]"
10,"[1, 1, 1, 1, 0, 0, 1, 1]","[1, 1, 1, 1, 0, 0, 1, 1]",,"[0, 0, 1, 1, 1, 0, 1, 0, 1, 1, 0, 0, 0, 1, 1, 1]","[0.27364, 1.09346, -2.08289, -1.43531, -0.81853, 1.65929, -0.24106, 0.35826, -1.42044, -1.37204, 0.58688, 0.13045, 0.40224, -0.66269, -0.15621, -1.4468]","[-1.0505, -1.04931, -1.06005, -1.05119, 1.05327, 1.05255, -1.04452, -1.05083]"
11,"[1, 1, 1, 1, 0, 0, 1, 0]","[1, 1, 1, 1, 0, 0, 1, 0]",,"[1, 1, 0, 0, 0, 1, 0, 1, 0, 0, 1, 1, 1, 0, 1, 0]","[-1.47373, -1.24364, 0.98427, 0.8845, 1.18191, -1.26708, 0.78058, -0.91475, 1.27885, 2.03012, -1.97243, -0.84902, -0.517, 0.30573, -0.47769, 0.78817]","[-1.05232, -1.05356, -1.05282, -1.05354, 1.05114, 1.05165, -1.05353, 1.05143]"
12,"[1, 1, 1, 1, 0, 0, 0, 1]","[1, 1, 1, 1, 0, 0, 0, 1]",,"[1, 0, 0, 1, 0, 0, 0, 0, 0, 1, 1, 0, 1, 1, 1, 1]","[-1.03201, 1.86111, 0.9839, -0.59063, 0.72831, 0.12532, 2.31435, 1.96556, 1.19615, -1.17027, -0.29516, 1.91211, -2.60515, -0.27178, -0.77348, -0.31647]","[-1.05468, -1.05594, -1.05173, -1.0546, 1.05141, 1.05095, 1.05052, -1.05508]"
13,"[1, 1, 1, 1, 0, 0, 0, 0]","[1, 1, 1, 1, 1, 0, 0, 0]",,"[0, 1, 1, 0, 0, 1, 1, 1, 1, 0, 1, 1, 0, 0, 0, 0]","[1.50159, -0.40572, -1.41055, 0.01635, 0.21529, -1.13281, -0.99851, -0.15453, -1.40016, 1.39651, -0.49896, -1.85983, 0.50311, 1.95235, 1.12611, 0.4717]","[-1.0491, -1.03735, -1.02922, -1.03776, -0.84315, 1.05119, 1.05087, 1.0511]"
14,"[1, 1, 1, 0, 1, 1, 1, 0]","[1, 1, 1, 0, 0, 1, 1, 0]",,"[0, 1, 1, 1, 1, 0, 0, 1, 1, 0, 0, 0, 0, 1, 1, 0]","[1.10866, -1.66616, -1.14135, -0.80155, -0.35303, 0.35767, 1.19092, -0.71144, -0.20299, 1.27741, 1.65276, 1.90185, 0.15551, -1.7549, -1.35, 0.18328]","[-1.04977, -1.04799, -1.0491, 1.05017, 1.04946, -1.04866, -1.04893, 1.05314]"
15,"[1, 1, 1, 0, 1, 1, 0, 1]","[1, 1, 1, 0, 1, 1, 0, 1]",,"[0, 0, 1, 0, 0, 1, 0, 0, 1, 0, 0, 1, 1, 0, 1, 1]","[0.71378, 0.96905, -0.69162, 0.74342, 1.98304, -0.75116, 0.67067, 0.90489, -1.20573, 0.06265, 1.80992, -0.67117, -1.41542, 1.05471, -1.19711, -0.01803]","[-1.05102, -1.06883, -1.05194, 1.05028, -1.04852, -1.05192, 1.05159, -1.05063]"
16,"[1, 1, 1, 0, 1, 1, 0, 0]","[1, 1, 1, 0, 1, 1, 0, 0]",,"[1, 1, 0, 1, 1, 0, 1, 1, 0, 0, 1, 0, 0, 1, 0, 0]","[-0.53727, -0.57488, 2.30703, -1.38989, -1.42165, 1.75916, -2.76946, -1.03892, 1.42239, 1.18078, -0.91344, 1.28994, 2.05369, -0.74311, 0.20834, 1.29987]","[-1.05115, -1.05186, -1.04832, 1.0473, -1.05042, -1.05112, 1.04976, 1.05038]"
17,"[1, 1, 1, 0, 1, 0, 1, 1]","[1, 1, 1, 0, 1, 0, 1, 1]",,"[0, 1, 0, 0, 0, 0, 1, 0, 1, 0, 1, 1, 1, 0, 0, 1]","[0.41453, -1.31942, 0.92945, 1.56137, 1.86543, 0.54428, -0.89424, 0.26941, -0.64901, 1.35974, -0.92835, -0.75596, -0.22595, 0.16304, 1.75916, -1.75748]","[-1.04974, -1.05474, -1.0497, 1.03692, -1.04949, 1.03392, -1.04748, -1.04618]"
18,"[1, 1, 1, 0, 1, 0, 1, 0]","[1, 1, 1, 0, 1, 0, 1, 0]",,"[1, 0, 1, 0, 1, 1, 0, 1, 0, 1, 0, 0, 0, 0, 1, 0]","[-1.98538, 0.11563, -1.33209, 0.0473, -0.90359, -0.46019, 1.89869, -1.83397, 1.34267, -2.06084, 0.90972, 0.61787, 0.70176, 0.39455, -0.06384, 1.02238]","[-1.05158, -1.04633, -1.06458, 1.05331, -1.04757, 1.05216, -1.05213, 1.05196]"
19,"[1, 1, 1, 0, 1, 0, 0, 0]","[0, 0, 1, 0, 1, 1, 1, 0]",,"[0, 0, 0, 1, 0, 1, 1, 0, 0, 1, 0, 0, 1, 1, 1, 1]","[0.47517, 0.60756, 0.85955, -1.38192, 0.60849, -0.15536, -1.19546, 0.2639, 0.51677, -1.68389, 0.03825, 1.67226, -1.3224, -0.64773, -1.15846, -0.42875]","[1.0491, 1.05969, -1.03166, 0.2349, -1.04268, -1.05302, -1.03973, 1.04561]"
20,"[1, 1, 1, 0, 0, 1, 1, 1]","[1, 1, 1, 0, 0, 1, 1, 1]",,"[1, 0, 0, 0, 0, 1, 1, 0, 1, 1, 1, 1, 1, 1, 0, 1]","[-0.33605, 0.92587, 1.82849, 0.36895, 0.15839, -0.98877, -2.30401, 0.99361, -1.26708, -1.4856, -1.65925, -1.65272, -1.62645, -0.9377, 1.44181, -0.76238]","[-1.04377, -1.02735, -1.04812, 1.05961, 1.0467, -1.01739, -1.04931, -1.04618]"
21,"[1, 1, 1, 0, 0, 1, 1, 0]","[1, 1, 1, 0, 0, 1, 1, 0]",,"[1, 1, 1, 1, 1, 0, 0, 1, 0, 0, 0, 0, 0, 1, 0, 0]","[-0.60064, -0.50763, -1.08558, -0.05176, -0.80325, 0.48325, 0.9567, -0.54914, 0.51242, 1.31584, 2.8407, 1.26843, 1.49631, -0.35778, 0.15778, 0.03975]","[-1.05006, -1.0489, -1.04337, 1.04104, 1.04221, -1.04968, -1.01286, 1.04271]"
22,"[1, 1, 1, 0, 0, 1, 0, 1]","[1, 1, 1, 0, 0, 1, 0, 1]",,"[1, 0, 1, 0, 1, 1, 0, 0, 0, 0, 0, 1, 0, 0, 1, 1]","[-0.26958, 1.49713, -0.99514, 1.10543, -1.31102, -1.11887, 0.78416, 0.65733, 1.90032, 0.83145, 0.68888, -0.75324, 1.93581, 1.96408, -0.62047, -1.02652]","[-1.05047, -1.0369, -1.05295, 1.0501, 1.05139, -1.05243, 1.05287, -1.05077]"
23,"[1, 1, 1, 0, 0, 1, 0, 0]","[1, 1, 1, 0, 0, 1, 0, 0]",,"[0, 1, 0, 1, 0, 1, 1, 1, 1, 0, 1, 0, 1, 1, 0, 0]","[0.17947, -1.49629, 0.68349, -1.26051, 1.23058, -0.10671, -0.48171, -1.39402, -1.30379, 1.95619, -2.32631, 1.04927, -1.35248, -2.05959, 0.51488, 1.25869]","[-1.04693, -1.04617, -1.04268, 1.04624, 1.05895, -1.04731, 1.04503, 1.0453]"
24,"[1, 1, 1, 0, 0, 0, 1, 1]","[1, 1, 1, 0, 0, 0, 1, 1]",,"[1, 1, 0, 0, 1, 0, 1, 0, 0, 0, 1, 1, 0, 1, 0, 0]","[-1.68074, -1.30092, 1.85911, 1.17217, -2.03094, 1.53931, -0.25518, 0.41568, 0.65864, 2.63959, -0.40703, -1.82442, 1.49964, -0.92031, 1.10811, 0.05983]","[-1.06021, -1.03495, -1.05706, 1.05071, 1.05248, 1.0498, -1.05874, -1.05264]"
25,"[1, 1, 1, 0, 0, 0, 1, 0]","[1, 1, 1, 0, 0, 0, 1, 0]",,"[0, 0, 1, 1, 0, 1, 0, 1, 1, 1, 0, 0, 1, 0, 1, 0]","[0.88132, 0.708, -1.48993, -1.51666, 0.20801, -1.22059, 1.38397, -0.4635, -0.44998, -0.06016, 0.51126, 1.51104, -0.63487, 2.29625, -1.32894, 1.78345]","[-1.05187, -1.05415, -1.05372, 1.0503, 1.05259, 1.05182, -1.05346, 1.05165]"
26,"[1, 1, 1, 0, 0, 0, 0, 1]","[1, 1, 1, 0, 0, 0, 0, 1]",,"[0, 1, 1, 0, 0, 0, 0, 0, 0, 0, 0, 1, 1, 1, 1, 1]","[1.8191, -1.82153, -1.07683, 0.79539, 1.73266, 2.42953, 1.49351, 0.66224, 1.22995, 0.34118, 0.68667, -1.23258, -1.13172, -1.42897, -1.07495, -1.25544]","[-1.05352, -1.05212, -1.04815, 1.05131, 1.05202, 1.04831, 1.04869, -1.05173]"
27,"[1, 1, 1, 0, 0, 0, 0, 0]","[1, 1, 1, 0, 0, 0, 0, 0]",,"[1, 0, 0, 1, 1, 1, 1, 1, 0, 1, 1, 0, 0, 0, 0, 1]","[-1.22973, 0.51011, 1.45958, -0.50405, -0.53142, -0.91453, -0.58556, -0.4615, 0.78224, -1.08519, -0.72784, 0.6428, 2.33447, 1.14925, 1.2438, -0.23316]","[-1.04644, -1.05438, -1.05486, 1.07264, 1.06336, 1.06928, 1.07465, 1.0781]"
28,"[1, 1, 0, 1, 1, 1, 1, 1]","[1, 1, 0, 1, 1, 1, 1, 1]",,"[0, 1, 0, 1, 1, 1, 1, 0, 0, 0, 1, 0, 0, 0, 0, 1]","[0.02019, -1.44766, 0.42426, -1.12036, -0.97728, -1.81505, -0.59919, 1.60314, 0.00022, 2.1507, -1.53464, 0.14811, 0.93948, 0.6061, 0.41144, -0.06924]","[-1.04878, -1.04995, 1.04861, -1.05257, -1.04977, -1.05074, -1.05041, -1.05052]"
29,"[1, 1, 0, 1, 1, 1, 1, 0]","[1, 1, 0, 1, 1, 1, 1, 0]",,"[0, 0, 1, 0, 0, 0, 0, 1, 1, 1, 0, 1, 1, 1, 1, 0]","[1.8347, 0.16467, -1.21022, 1.58752, 0.74848, 0.94702, 1.12722, -0.18573, -1.38548, -1.40726, 0.6059, -0.62196, -1.39415, -1.02325, -0.34786, 1.60079]","[-1.05152, -1.05221, 1.05328, -1.05248, -1.0513, -1.05118, -1.0521, 1.05109]"
30,"[1, 1, 0, 1, 1, 1, 0, 1]","[0, 1, 0, 1, 1, 1, 0, 1]",,"[0, 1, 1, 1, 0, 0, 1, 0, 1, 0, 0, 0, 1, 0, 1, 1]","[1.12532, -2.15587, -0.41318, -0.98695, 0.23944, 0.66769, -0.44294, 1.04522, -0.7206, 1.71957, 0.54484, 1.47104, -0.78615, 1.90183, -2.65674, -0.48313]","[0.94422, -1.03019, 1.02754, -1.04694, -1.05179, -1.05078, 1.04049, -1.04546]"
31,"[1, 1, 0, 1, 1, 1, 0, 0]","[1, 1, 0, 1, 1, 1, 0, 0]",,"[1, 0, 0, 0, 1, 0, 1, 1, 0, 1, 1, 1, 0, 1, 0, 0]","[-0.67918, 1.38089, 2.79957, 0.89844, -1.60289, 1.09851, -0.47958, -0.87997, 1.10687, -1.0654, -0.88219, -1.64779, 1.79494, -0.12637, 1.01229, 1.5179]","[-1.05069, -1.05432, 1.04999, -1.05275, -1.05245, -1.05038, 1.05045, 1.05084]"
32,"[1, 1, 0, 1, 1, 0, 1, 1]","[1, 1, 0, 1, 1, 0, 1, 1]",,"[0, 0, 0, 1, 0, 0, 1, 0, 1, 1, 1, 0, 1, 1, 0, 1]","[1.15053, 1.37686, 0.0476, -1.14714, 1.10257, 1.39016, -1.32865, 1.33419, -0.401, -0.21321, -1.77401, 0.40195, -1.1186, -0.47215, 1.28967, -1.39328]","[-1.0491, -1.05124, 1.05559, -1.04997, -1.04872, 1.05403, -1.05061, -1.04944]"
33,"[1, 1, 0, 1, 1, 0, 1, 0]","[1, 1, 0, 1, 0, 0, 0, 0]",,"[1, 1, 1, 0, 1, 1, 1, 1, 0, 0, 1, 1, 0, 0, 1, 0]","[-1.14441, -0.74835, -1.77377, 0.43711, -0.86872, -0.75364, -0.35279, -0.59815, 1.02499, 1.16606, -0.40789, -1.34598, 0.09485, 1.42349, -1.84626, 1.26626]","[-1.03922, -1.02634, 1.04554, -1.01866, 1.01452, 1.04892, 1.04918, 1.04369]"
34,"[1, 1, 0, 1, 1, 0, 0, 0]","[1, 1, 0, 1, 1, 0, 0, 0]",,"[0, 1, 0, 0, 0, 1, 1, 1, 1, 0, 1, 1, 1, 0, 0, 0]","[0.06722, -1.83522, 1.62343, 0.83017, 1.2715, -0.35036, -0.52776, -0.86066, -0.72026, 0.39118, -0.73897, -0.54188, -0.31734, 0.70934, 1.9686, 2.44334]","[-1.04944, -1.05374, 1.05367, -1.05396, -1.05247, 1.05349, 1.05366, 1.05324]"
35,"[1, 1, 0, 1, 0, 1, 1, 1]","[1, 1, 0, 1, 0, 1, 1, 1]",,"[0, 1, 0, 1, 0, 1, 0, 0, 1, 0, 1, 0, 1, 0, 0, 1]","[0.31039, -1.47639, 1.55096, -0.77469, 1.44576, -1.23901, 0.6264, 1.47355, -0.68036, 0.71001, -0.63798, 0.62179, -0.2346, 0.96339, 0.67138, -0.89186]","[-1.0444, -1.02895, 1.05872, -1.02985, 1.05258, -1.04676, -1.04145, -1.04109]"
36,"[1, 1, 0, 1, 0, 1, 0, 0]","[1, 1, 0, 1, 1, 0, 1, 1]",,"[1, 0, 0, 0, 1, 0, 1, 0, 1, 1, 1, 0, 1, 1, 0, 0]","[-0.64076, 0.42985, 1.62069, 1.7957, -0.10941, 0.47675, -1.30005, 0.06953, -2.00739, -1.66488, -1.15225, 0.23875, -1.79866, -1.2638, 1.55611, 0.74797]","[-1.04003, -1.02955, 1.05752, -0.74341, -1.0484, 1.0546, -1.04162, -1.03446]"
37,"[1, 1, 0, 1, 0, 0, 1, 1]","[1, 1, 0, 1, 0, 0, 1, 1]",,"[1, 0, 0, 1, 1, 0, 1, 0, 0, 1, 1, 0, 0, 1, 0, 1]","[-1.32251, 0.95659, 0.62342, -1.96695, -1.07367, 0.9363, -2.06962, 0.35125, 0.9295, -2.0689, -1.16051, 1.65439, 0.89453, -1.60186, 2.40616, -0.39106]","[-1.04895, -1.05116, 1.05428, -1.05041, 1.05288, 1.05248, -1.05082, -1.04958]"
38,"[1, 1, 0, 1, 0, 0, 1, 0]","[1, 1, 1, 0, 1, 1, 1, 0]",,"[0, 1, 0, 0, 0, 1, 0, 1, 1, 0, 0, 0, 1, 1, 1, 0]","[1.19292, -1.34036, 0.12932, 1.79703, 1.03484, -0.991, 0.46683, -1.2915, -0.91723, 2.07746, 1.26044, 0.06435, -0.78641, -0.17615, -1.66269, 0.67185]","[-1.03777, -1.05005, -1.0419, 1.02066, -1.06202, -1.05347, -1.05196, 1.03372]"
39,"[1, 1, 0, 1, 0, 0, 0, 1]","[1, 0, 0, 0, 1, 1, 1, 0]",,"[0, 0, 1, 1, 0, 0, 0, 0, 1, 1, 1, 0, 1, 1, 1, 0]","[2.53987, 1.71347, -1.8305, -2.09781, 0.43211, 1.00975, 0.63269, 1.41972, -2.21364, -2.14121, -0.20155, 2.03448, -0.75702, -1.13931, -1.77546, 0.19848]","[-1.04692, 1.03097, 1.05362, 1.04918, -1.04691, -1.06128, -1.05553, 1.05445]"
40,"[1, 1, 0, 0, 1, 1, 1, 1]","[1, 1, 0, 0, 1, 1, 1, 1]",,"[0, 0, 1, 1, 1, 1, 1, 1, 1, 1, 0, 1, 0, 0, 0, 1]","[1.80928, 0.24109, -0.97606, -0.11304, -1.46433, -1.95194, -1.52675, -0.79713, -1.82467, -1.07005, 0.60556, -1.80709, 0.96404, 0.65202, 0.81676, -1.63734]","[-0.91694, -1.02419, 1.06662, 1.05018, -1.06954, -1.06888, -1.06053, -1.06519]"
41,"[1, 1, 0, 0, 1, 1, 1, 0]","[0, 0, 0, 1, 1, 0, 0, 0]",,"[1, 0, 1, 1, 0, 0, 0, 0, 0, 0, 1, 0, 1, 1, 0, 0]","[-0.8599, 0.71051, -0.10559, -0.58895, 0.45137, 1.06673, 0.09132, 0.30438, 0.83455, 2.16783, -1.42984, 1.72204, -0.84202, -1.67929, 0.08033, 0.22035]","[1.03847, 1.04918, 1.02234, -0.94126, -1.04705, 1.04068, 1.04083, 1.03943]"
42,"[1, 1, 0, 0, 1, 1, 0, 1]","[1, 1, 0, 0, 1, 1, 0, 1]",,"[0, 0, 0, 0, 0, 1, 0, 0, 0, 1, 1, 1, 1, 0, 1, 1]","[0.88421, 1.2305, 1.28269, 1.92179, 2.25766, -1.23894, 1.21646, 1.59837, 1.70148, -1.01616, -1.06144, -0.91935, -0.90014, 0.61785, -1.21429, -0.8352]","[-1.05176, -1.0529, 1.05223, 1.05055, -1.04406, -1.05379, 1.05238, -1.0532]"
43,"[1, 1, 0, 0, 1, 1, 0, 0]","[1, 1, 0, 0, 1, 1, 0, 0]",,"[0, 1, 1, 1, 0, 0, 1, 1, 1, 0, 0, 0, 0, 0, 0, 0]","[0.92182, -0.45418, -0.68432, -1.16295, 0.0881, 1.88623, -1.87143, -0.0859, -1.5919, 0.72884, 1.67889, 1.89224, 0.12434, 0.43799, 0.88918, 0.71558]","[-1.05327, -1.05172, 1.04563, 1.05037, -1.04693, -1.04508, 1.04126, 1.05066]"
44,"[1, 1, 0, 0, 1, 0, 1, 1]","[1, 1, 0, 0, 1, 0, 1, 1]",,"[1, 1, 1, 0, 0, 0, 1, 0, 0, 0, 0, 0, 1, 1, 0, 1]","[-0.38754, -1.13336, -1.52846, 1.25356, 0.25461, 2.21592, -0.39867, 0.45195, 1.43755, 1.20813, 0.71529, 0.14285, -0.65278, -0.00725, 1.69649, -0.73157]","[-1.04802, -1.00192, 1.02725, 1.05291, -1.04727, 1.05907, -1.04781, -1.04196]"
45,"[1, 1, 0, 0, 1, 0, 1, 0]","[1, 1, 0, 0, 1, 0, 1, 0]",,"[0, 0, 0, 1, 1, 1, 0, 1, 1, 1, 1, 0, 0, 0, 1, 0]","[0.92036, 0.74349, 1.50644, -0.47133, -1.63614, -1.14184, 0.97946, -1.1117, -2.14433, -0.6727, -0.54247, 0.21291, 1.47759, 1.33729, -0.3315, 1.71011]","[-1.05187, -1.05305, 1.05064, 1.05015, -1.04998, 1.05175, -1.05328, 1.05145]"
46,"[1, 1, 0, 0, 1, 0, 0, 1]","[1, 1, 0, 0, 1, 0, 0, 1]",,"[1, 1, 1, 0, 1, 0, 0, 0, 1, 0, 1, 1, 0, 1, 1, 1]","[-0.54958, -2.08619, -0.14782, 0.46907, -0.72226, 0.02929, 1.71384, 1.75573, -0.96941, 0.05115, -1.38853, -0.76906, 0.286, -1.32775, -1.29956, -0.97391]","[-1.05362, -1.05363, 1.06118, 1.0526, -1.05168, 1.05229, 1.05199, -1.0533]"
47,"[1, 1, 0, 0, 1, 0, 0, 0]","[1, 0, 0, 1, 0, 0, 1, 0]",,"[1, 0, 1, 1, 0, 1, 0, 1, 0, 1, 0, 1, 1, 0, 0, 0]","[-0.74003, 0.36968, -1.41273, -0.44979, 1.91391, -1.19007, 0.06727, -1.84033, 0.71894, -1.24246, 1.53452, -0.40673, -1.97654, 0.68868, 0.39228, 0.82495]","[-1.04273, 0.3091, 1.07763, -0.56148, 1.01812, 1.04355, -1.05384, 1.04937]"
48,"[1, 1, 0, 0, 0, 1, 1, 1]","[1, 1, 0, 0, 0, 1, 1, 1]",,"[1, 0, 0, 1, 0, 1, 1, 0, 0, 1, 0, 1, 1, 1, 0, 1]","[-0.75617, 1.00708, 0.02441, -0.16201, 1.74349, -0.73063, -0.64388, 1.50386, 0.26636, -0.56241, 1.36835, -0.50224, -1.20423, -0.59346, 0.71979, -2.13212]","[-1.03871, -1.02659, 1.06656, 1.01769, 1.05784, -1.02975, -1.04316, -1.03898]"
49,"[1, 1, 0, 0, 0, 1, 1, 0]","[1, 1, 0, 0, 0, 1, 1, 0]",,"[0, 1, 0, 1, 1, 0, 0, 1, 1, 0, 1, 0, 0, 1, 1, 1]","[1.5413, -1.57586, 0.50223, -1.057, -2.02899, 1.13188, 1.20096, -0.7863, -0.11097, 0.59738, -1.67409, 0.36156, 1.08582, -0.70514, -1.7999, -0.16579]","[-1.04577, -1.07018, 1.06436, 1.05834, 1.06418, -1.0672, -1.05327, 1.05664]"
50,"[1, 1, 0, 0, 0, 1, 0, 1]","[1, 1, 0, 0, 0, 1, 0, 1]",,"[0, 0, 1, 0, 1, 1, 0, 0, 1, 1, 1, 1, 0, 0, 1, 1]","[0.55753, 0.85009, -0.85755, 1.63975, -1.40057, -0.47631, 2.57493, 2.06219, -2.0592, -1.5634, -0.87263, -1.24063, 0.52396, 1.17009, -1.67154, -0.84918]","[-1.0519, -1.05261, 1.04197, 1.05145, 1.05172, -1.05294, 1.0522, -1.05308]"
51,"[1, 1, 0, 0, 0, 1, 0, 0]","[1, 1, 0, 0, 0, 1, 0, 0]",,"[1, 1, 1, 1, 0, 0, 1, 1, 0, 0, 0, 0, 1, 1, 0, 0]","[-1.12632, -1.41509, -0.54278, -1.77331, 1.58641, 1.48657, -0.22539, -1.15608, 1.5634, 0.48216, 0.40515, 0.40191, -1.06441, -1.92627, 0.66533, 0.72038]","[-1.05102, -1.05095, 1.04795, 1.04891, 1.04628, -1.05103, 1.05072, 1.05122]"
52,"[1, 1, 0, 0, 0, 0, 1, 1]","[1, 1, 1, 0, 0, 0, 0, 1]",,"[0, 1, 1, 0, 1, 0, 0, 0, 1, 0, 0, 1, 1, 1, 0, 1]","[0.69254, -1.78623, -1.95458, 0.80589, -0.41618, 1.22998, 0.58239, 0.82, -0.25708, 0.36966, 0.81897, -0.3562, -0.18027, -1.543, 0.86398, -0.29211]","[-1.0493, -1.03321, -1.03962, 1.04318, 1.05832, 1.0013, 1.03101, -1.02538]"
53,"[1, 1, 0, 0, 0, 0, 1, 0]","[1, 1, 0, 0, 0, 0, 1, 0]",,"[1, 0, 0, 1, 0, 1, 0, 1, 0, 1, 1, 0, 1, 0, 1, 0]","[-0.15962, 1.24458, 0.90892, -0.97476, 1.24, -2.01911, 0.66445, -1.47413, 1.86085, -1.46222, -0.96112, 2.25292, -0.98438, 0.05918, -0.85699, 0.40655]","[-1.0517, -1.05358, 1.0504, 1.0501, 1.05376, 1.05158, -1.05321, 1.05162]"
54,"[1, 1, 0, 0, 0, 0, 0, 1]","[1, 1, 0, 0, 0, 0, 0, 1]",,"[1, 1, 0, 0, 0, 0, 0, 0, 0, 0, 1, 1, 1, 1, 1, 1]","[-0.58914, -1.41119, 0.13889, 0.38179, 1.95634, 1.72522, 2.06969, 0.91628, 1.11265, 1.7304, -0.74518, -0.95934, -0.47464, -0.77357, -0.55099, -0.70364]","[-1.05562, -1.05605, 1.04912, 1.05174, 1.0512, 1.05061, 1.05042, -1.05512]"
55,"[1, 1, 0, 0, 0, 0, 0, 0]","[1, 1, 0, 0, 0, 0, 0, 0]",,"[0, 0, 1, 1, 1, 1, 1, 1, 1, 1, 0, 0, 0, 0, 0, 0]","[1.63364, 0.73007, -1.23316, -1.10193, -0.61968, -1.27107, -1.96773, -2.01666, -0.40844, -0.69556, 1.06496, 1.25922, 1.75571, 0.30968, 1.52364, 0.73368]","[-1.05104, -1.0517, 1.05218, 1.05173, 1.05315, 1.05261, 1.05309, 1.0525]"
56,"[1, 0, 1, 1, 1, 1, 0, 1]","[1, 0, 1, 1, 0, 1, 0, 1]",,"[0, 0, 0, 1, 1, 1, 0, 0, 1, 0, 1, 0, 1, 0, 1, 1]","[1.21125, 0.48193, 1.56799, -1.15237, -0.30697, -1.69462, 0.67056, 1.71481, -1.66182, 0.52287, -1.72023, 0.37565, -3.29743, 1.16814, -0.80456, -1.56282]","[-1.05118, 1.05047, -1.0514, -1.05192, 0.96016, -1.05227, 1.05281, -1.05079]"
57,"[1, 0, 1, 1, 1, 1, 0, 0]","[1, 0, 1, 1, 0, 1, 0, 0]",,"[1, 1, 0, 0, 1, 0, 1, 0, 0, 0, 0, 1, 0, 1, 0, 0]","[-1.19983, -0.82323, 0.00583, 1.88043, -2.27724, 0.83196, -1.31474, 0.00416, 1.40662, 0.64823, 1.58835, -1.5159, 0.53614, -0.96565, 2.09038, 0.21978]","[-1.05893, 1.06278, -1.00942, -1.0191, 0.48509, -1.00396, 1.06187, 1.05421]"
58,"[1, 0, 1, 1, 1, 0, 1, 1]","[1, 0, 0, 1, 0, 0, 1, 1]",,"[0, 1, 0, 1, 1, 0, 1, 0, 1, 1, 0, 0, 1, 1, 0, 1]","[0.85104, -1.42644, 0.26253, -1.16672, -0.4573, 1.86207, -0.05791, 1.46433, -0.77514, -1.37732, 1.36762, 0.83201, -2.13608, -1.57208, 0.68852, -1.23926]","[-1.04726, 1.062, 1.01973, -1.04301, 1.05926, 1.05786, -1.04557, -1.04461]"
59,"[1, 0, 1, 1, 1, 0, 1, 0]","[1, 1, 0, 0, 1, 0, 1, 0]",,"[1, 0, 0, 1, 1, 1, 0, 1, 0, 1, 1, 1, 1, 0, 1, 0]","[-0.21546, 1.81621, 1.31007, -0.1908, -1.50828, -0.93491, 0.68508, -2.46674, 0.04296, -0.47262, -1.70869, -2.50232, -0.35039, 0.84018, -0.81312, 1.97424]","[-1.04805, -1.03715, 1.01534, 1.01879, -0.77825, 1.05073, -1.05102, 1.05113]"
60,"[1, 0, 1, 1, 1, 0, 0, 0]","[1, 0, 1, 1, 1, 0, 0, 0]",,"[0, 0, 1, 0, 0, 1, 1, 1, 1, 1, 0, 1, 1, 0, 0, 0]","[1.06718, 1.16534, -0.80378, 0.94047, 0.90592, -1.79337, -0.64468, -0.10394, -0.99185, -0.61697, 0.26025, -2.64942, -1.31078, 2.7154, 0.87025, 0.87235]","[-1.05006, 1.05344, -1.0523, -1.05246, -1.0516, 1.05323, 1.05342, 1.05326]"
61,"[1, 0, 1, 1, 0, 1, 1, 1]","[1, 0, 1, 1, 0, 1, 1, 1]",,"[0, 0, 1, 1, 0, 1, 1, 0, 1, 1, 0, 0, 1, 0, 1, 1]","[0.86205, 0.5475, -0.04943, -1.27643, 1.75241, -0.28984, -0.43326, 1.18727, -0.49897, -0.12259, 1.99338, 1.08605, -0.11598, 1.06479, -0.20598, -1.21217]","[-1.04784, 1.04684, -1.04926, -1.04579, 1.04491, -1.05111, -1.04159, -1.04907]"
62,"[1, 0, 1, 1, 0, 1, 1, 0]","[1, 0, 1, 0, 0, 1, 1, 0]",,"[1, 1, 0, 1, 1, 0, 1, 1, 0, 0, 1, 1, 0, 1, 1, 0]","[-2.10308, -0.27505, 0.18816, -0.14278, -0.75177, 1.80416, -0.48865, -0.56192, 0.78682, 0.93988, -1.41729, -0.20696, 1.42619, -1.02479, -0.60611, 2.68961]","[-1.05436, 1.06493, -1.0373, 0.44022, 1.03668, -1.05458, -1.05417, 1.03553]"
63,"[1, 0, 1, 1, 0, 1, 0, 1]","[0, 1, 1, 0, 1, 0, 0, 1]",,"[1, 0, 0, 1, 0, 1, 1, 1, 0, 1, 1, 0, 0, 1, 1, 1]","[-1.73167, 1.41354, 1.83034, -0.36195, 0.10185, -1.29573, -0.03466, -0.47634, 0.9149, -0.75153, -0.44306, 0.94188, 0.29044, -0.17699, -0.51937, -0.42547]","[1.05063, -0.9813, -0.85456, 1.03835, -0.98136, 1.04905, 1.04991, -1.03084]"
64,"[1, 0, 1, 1, 0, 1, 0, 0]","[1, 0, 1, 1, 0, 1, 0, 0]",,"[0, 1, 1, 0, 0, 0, 1, 1, 1, 0, 0, 1, 1, 1, 0, 0]","[0.85912, -1.8361, -1.44347, 1.34682, 1.58334, 1.76023, -2.20571, -1.23419, -1.07604, 1.776, 0.71418, -1.41115, -1.37961, -1.66488, 1.18671, 0.21231]","[-1.051, 1.05083, -1.05135, -1.05323, 1.05052, -1.0513, 1.05063, 1.05093]"
65,"[1, 0, 1, 1, 0, 0, 1, 1]","[1, 0, 1, 1, 0, 0, 1, 1]",,"[1, 1, 1, 0, 1, 0, 1, 0, 0, 0, 0, 0, 0, 1, 0, 1]","[-1.68086, -0.92329, -0.32323, 0.05353, -1.50065, 0.98249, -0.74387, 1.95691, 1.39665, 0.92232, 1.48159, 0.53023, 1.37307, -0.55733, 0.60187, -1.43547]","[-1.05028, 1.03853, -1.05808, -1.04488, 1.04935, 1.0522, -1.05192, -1.05064]"
66,"[1, 0, 1, 1, 0, 0, 1, 0]","[1, 0, 1, 1, 0, 0, 1, 0]",,"[0, 0, 0, 1, 0, 1, 0, 1, 1, 1, 1, 1, 1, 0, 1, 0]","[1.39381, 0.0524, 0.29005, -0.24981, 0.89507, -1.11675, 0.04438, -2.12276, -1.00359, -0.94808, -0.51678, -0.36955, -1.0563, 0.03379, -1.3278, 0.01097]","[-1.05234, 1.04864, -1.05018, -1.02613, 1.04942, 1.05181, -1.05343, 1.05158]"
67,"[1, 0, 1, 1, 0, 0, 0, 1]","[1, 1, 1, 1, 0, 1, 0, 1]",,"[0, 1, 0, 1, 0, 0, 0, 0, 1, 0, 1, 0, 0, 0, 1, 1]","[0.57061, -0.34648, 1.71001, -1.00624, 1.95103, 0.35703, 0.99862, 0.43011, -1.06152, 0.61648, -0.52394, 2.8228, 0.24787, 0.13739, -2.05997, -0.56391]","[-1.05265, -1.01325, -1.05529, -1.04842, 1.06503, -1.04359, 1.0459, -1.05581]"
68,"[1, 0, 1, 0, 1, 1, 1, 1]","[1, 0, 1, 0, 1, 1, 1, 1]",,"[0, 1, 0, 0, 0, 1, 1, 0, 1, 0, 1, 1, 0, 0, 0, 1]","[0.59433, -1.71756, 1.19391, 1.16806, 0.41518, -1.59784, -0.65062, 1.5742, -0.43888, 0.52702, -0.59241, -1.09735, 0.87285, 1.37625, 0.73787, -0.10268]","[-1.04881, 1.05358, -1.05031, 1.0504, -1.05307, -1.05052, -1.05048, -1.05054]"
69,"[1, 0, 1, 0, 1, 1, 1, 0]","[1, 0, 1, 0, 1, 1, 1, 0]",,"[1, 0, 1, 1, 0, 0, 0, 1, 0, 1, 0, 0, 1, 1, 1, 0]","[-1.32949, 1.41268, -2.98546, -2.03877, 0.88645, 1.41579, 1.49779, -1.72941, 0.91054, -0.9335, 1.75039, 0.63966, -0.24447, -0.41901, -0.24715, 0.50178]","[-1.05207, 1.05014, -1.05295, 1.04989, -1.05162, -1.05165, -1.05235, 1.05131]"
70,"[1, 0, 1, 0, 1, 0, 1, 1]","[1, 0, 1, 0, 1, 0, 1, 1]",,"[1, 0, 0, 0, 0, 0, 1, 0, 0, 1, 1, 1, 1, 1, 0, 1]","[-1.80186, 1.75489, 2.23863, 0.57518, 1.90399, 1.6157, -0.81102, 2.22205, 0.62143, -1.21392, -1.45747, -1.46682, -1.02859, -1.31266, 1.33039, -0.86966]","[-1.04965, 1.0552, -1.05408, 1.05059, -1.05098, 1.0526, -1.05139, -1.05005]"
71,"[1, 0, 1, 0, 1, 0, 1, 0]","[0, 0, 0, 1, 1, 0, 0, 1]",,"[0, 1, 1, 0, 1, 1, 0, 1, 1, 0, 0, 0, 0, 1, 1, 1]","[0.51662, -1.05555, -1.13976, 0.45286, -1.21155, -0.7927, 0.3263, -1.48722, -1.50452, 1.46542, 1.25413, 1.09734, 0.20245, -0.00708, -0.88558, -0.36408]","[1.05413, 0.95259, 1.05058, -1.0339, -0.5654, 1.06108, 1.03658, -1.04708]"
72,"[1, 0, 1, 0, 1, 0, 0, 1]","[0, 0, 0, 0, 0, 0, 1, 1]",,"[0, 0, 1, 0, 1, 1, 0, 0, 0, 1, 0, 1, 0, 1, 0, 1]","[1.29674, 1.31338, -0.6613, 0.9018, -0.80473, -0.06023, 1.85825, 2.4029, 0.80842, -1.0816, 1.45863, -1.78484, 1.21526, -2.22061, 0.42195, -0.73604]","[1.02957, 1.04691, 1.05536, 1.04768, 1.03393, 1.04645, -1.05867, -1.0411]"
73,"[1, 0, 1, 0, 1, 0, 0, 0]","[1, 0, 1, 0, 1, 0, 0, 0]",,"[1, 1, 0, 1, 0, 1, 0, 1, 0, 0, 1, 0, 1, 0, 0, 0]","[-0.47088, -0.86362, 0.08143, -0.63334, 1.33221, -2.16285, 0.15539, -1.68177, 1.17832, 0.39321, -1.68829, 0.75328, -0.66533, 1.53919, 0.53352, 0.71008]","[-1.04594, 1.04414, -1.02011, 1.04234, -1.05796, 1.04581, 1.03463, 1.04738]"
74,"[1, 0, 1, 0, 0, 1, 1, 1]","[1, 0, 1, 0, 0, 1, 1, 1]",,"[1, 1, 0, 0, 0, 1, 1, 0, 0, 0, 1, 1, 0, 0, 0, 1]","[-1.18122, -1.40118, 1.1138, 0.90547, 0.71332, -0.31317, -1.10621, 0.29598, 1.18988, 1.23709, -1.38203, -0.51371, 0.04511, 0.26203, 1.51482, -1.30527]","[-1.05004, 1.04083, -1.05181, 1.04541, 1.0266, -1.05054, -1.0503, -1.05149]"
75,"[1, 0, 1, 0, 0, 1, 1, 0]","[1, 1, 1, 0, 1, 0, 1, 0]",,"[0, 0, 1, 1, 1, 1, 0, 1, 1, 1, 1, 0, 0, 1, 1, 0]","[1.97346, 0.66308, -1.40962, -1.25823, -1.07516, -0.0691, 1.63982, -0.1727, -1.29268, -0.42538, -0.16706, 0.74096, 2.3911, -1.30229, -1.84169, 0.71217]","[-1.04372, -1.03297, -0.24246, 1.04151, -1.02507, 1.04553, -1.04227, 1.04609]"
76,"[1, 0, 1, 0, 0, 1, 0, 1]","[1, 0, 1, 0, 0, 1, 0, 1]",,"[0, 1, 1, 0, 1, 1, 0, 0, 1, 0, 0, 1, 0, 0, 1, 1]","[1.22098, -1.59332, -0.38368, 0.69414, -0.54936, -0.76258, 0.73221, 1.13661, -1.05028, 0.80591, 1.37643, -0.26404, 0.82305, 0.73314, -0.7874, -0.68515]","[-1.05356, 1.05215, -1.05522, 1.05081, 1.05194, -1.05376, 1.05262, -1.05382]"
77,"[1, 0, 1, 0, 0, 1, 0, 0]","[1, 0, 1, 0, 0, 1, 0, 0]",,"[1, 0, 0, 1, 0, 0, 1, 1, 0, 1, 1, 0, 1, 1, 0, 0]","[-0.75313, 0.60998, 0.82863, -1.74858, 1.00958, 0.79468, -1.07872, -0.94502, 0.37766, -0.93393, -0.01714, 1.8262, -1.36129, -1.51546, 1.22226, 0.70564]","[-1.05086, 1.04918, -1.04892, 1.04946, 1.05142, -1.0511, 1.05044, 1.05092]"
78,"[1, 0, 1, 0, 0, 0, 1, 1]","[1, 1, 0, 0, 0, 1, 0, 1]",,"[0, 0, 0, 0, 1, 1, 0, 0, 1, 1, 1, 1, 0, 0, 1, 1]","[1.03869, 1.29684, 2.10965, 0.53826, -1.21061, -0.11876, 0.56227, 0.55404, -0.27168, -0.50507, -1.35751, -0.32591, 1.65565, 1.18802, -0.03939, -1.29635]","[-1.0516, -1.05258, 1.05224, 1.05098, 1.0521, -1.05308, 1.05201, -1.05301]"
79,"[1, 0, 1, 0, 0, 0, 0, 1]","[1, 0, 1, 0, 0, 0, 0, 1]",,"[1, 0, 1, 0, 0, 0, 0, 0, 0, 1, 0, 1, 1, 1, 1, 1]","[-0.45828, 0.08747, -2.86095, 0.55119, 0.84512, 0.006, 0.93092, 1.30276, 0.16832, -1.0915, 0.60757, -2.0314, -0.45483, -1.53726, -1.07118, -1.41882]","[-1.05529, 1.04927, -1.05331, 1.05176, 1.05167, 1.05069, 1.05055, -1.05563]"
80,"[1, 0, 0, 1, 1, 1, 1, 0]","[1, 0, 0, 1, 1, 1, 1, 0]",,"[1, 1, 1, 0, 0, 0, 0, 1, 0, 0, 0, 1, 1, 1, 1, 1]","[-2.29538, -0.43225, -0.31051, 1.13404, 0.81689, 0.43308, 0.23908, -0.30291, 1.81179, 1.80076, 0.9272, -1.2776, -0.28087, -1.8195, -0.71114, -0.42085]","[-1.04102, 1.0526, 1.05247, -1.04911, -1.0561, -1.06287, -1.05432, 1.05675]"
81,"[1, 0, 0, 1, 1, 1, 0, 0]","[1, 1, 1, 0, 1, 1, 0, 0]",,"[1, 1, 1, 0, 1, 0, 1, 1, 1, 0, 1, 0, 1, 1, 0, 0]","[-0.23477, -2.21111, -0.55447, 0.70671, -1.14118, 0.99812, -1.52112, -1.96741, -1.48005, 1.21637, -0.90246, 0.25326, -0.46115, -1.0148, 1.25032, 0.84321]","[-1.05041, -1.03224, -1.04554, 1.03495, -0.19231, -1.05031, 1.0516, 1.05189]"
82,"[1, 0, 0, 1, 1, 0, 1, 0]","[1, 0, 0, 1, 1, 0, 1, 0]",,"[0, 0, 0, 0, 1, 1, 0, 1, 1, 1, 0, 1, 0, 0, 1, 0]","[1.41757, 1.04998, 0.05551, 1.46296, -1.99691, -1.38657, 0.5131, -0.76593, -1.24111, -1.66689, 0.39148, -1.02575, 0.4906, 0.91726, -1.45398, 0.97217]","[-1.05175, 1.05315, 1.06566, -1.05327, -1.04896, 1.05199, -1.05301, 1.05171]"
83,"[1, 0, 0, 1, 1, 0, 0, 1]","[1, 0, 0, 1, 1, 0, 0, 1]",,"[0, 1, 1, 1, 1, 0, 0, 0, 1, 0, 0, 0, 0, 1, 1, 1]","[0.56484, -2.27729, -0.96893, -0.998, -2.84937, 0.85371, 2.04616, 0.68691, -0.92999, 0.45106, 0.98044, 1.47705, 0.12132, -0.70113, -1.30217, -1.2618]","[-1.05356, 1.04937, 1.04885, -1.05488, -1.05256, 1.05057, 1.05016, -1.0545]"
84,"[1, 0, 0, 1, 1, 0, 0, 0]","[1, 0, 0, 1, 1, 0, 0, 0]",,"[1, 0, 0, 0, 1, 1, 1, 1, 0, 1, 1, 1, 1, 0, 0, 0]","[-1.10558, 1.55971, 0.36911, 1.96572, -0.27627, -1.6797, -1.0086, -1.22553, 1.29373, -1.74387, -0.73502, -0.64534, -1.53053, 0.5705, 0.94318, 0.819]","[-1.04966, 1.0541, 1.05374, -1.05208, -1.06319, 1.0532, 1.05379, 1.05337]"
85,"[1, 0, 0, 1, 0, 1, 0, 1]","[1, 1, 0, 0, 0, 0, 1, 0]",,"[0, 0, 1, 1, 1, 1, 0, 0, 1, 1, 1, 0, 0, 0, 1, 0]","[0.56091, 0.80416, -1.04957, -0.98485, -0.59622, -0.76823, 0.89313, 0.21586, -0.43112, -1.85295, -0.36991, 1.10004, 0.32445, 0.9443, -1.61004, 0.15319]","[-1.03592, -1.03282, 1.07646, 1.08647, 0.63753, 1.08186, -1.05047, 1.08323]"
86,"[1, 0, 0, 1, 0, 0, 1, 1]","[1, 0, 0, 1, 0, 0, 1, 1]",,"[1, 1, 0, 1, 1, 0, 1, 0, 1, 0, 1, 0, 0, 1, 0, 1]","[-0.65515, -0.92036, 1.14986, -0.91373, -1.24022, 2.21902, -0.23929, 0.89137, -0.54077, 1.65434, -1.51709, 0.39665, 1.88769, -1.76492, 0.87773, -0.71577]","[-1.04889, 1.05429, 1.05437, -1.05037, 1.05123, 1.05345, -1.05039, -1.04934]"
87,"[1, 0, 0, 1, 0, 0, 1, 0]","[1, 0, 0, 1, 0, 0, 1, 0]",,"[1, 0, 1, 0, 0, 1, 0, 1, 0, 1, 0, 1, 1, 0, 1, 1]","[-0.54548, 1.33869, -1.65498, 2.61553, 1.07796, -0.55586, 0.81508, -0.59229, 0.9041, -0.83842, 1.50097, -0.88539, -0.8382, 0.19332, -0.07443, -0.00943]","[-1.04875, 1.05669, 1.06158, -1.04657, 1.06207, 1.06557, -1.04211, 1.06376]"
88,"[1, 0, 0, 1, 0, 0, 0, 1]","[1, 0, 0, 1, 0, 0, 0, 1]",,"[1, 1, 1, 0, 0, 0, 0, 0, 0, 0, 0, 0, 1, 1, 1, 1]","[-1.12144, -0.69276, -1.66871, 0.09092, 1.78469, 1.10678, 1.42083, 0.43898, 2.22775, 0.74684, 1.00758, 0.81529, -1.27172, -0.72075, -0.61899, -0.34066]","[-1.05484, 1.06431, 1.04741, -0.98671, 1.04927, 1.05054, 1.04971, -1.05478]"
89,"[1, 0, 0, 0, 1, 1, 0, 1]","[1, 0, 0, 0, 1, 1, 0, 1]",,"[0, 1, 0, 0, 0, 1, 0, 0, 1, 1, 1, 1, 1, 0, 1, 1]","[1.90629, -1.88338, 1.89962, 0.39528, 2.13203, -1.23401, 0.69079, 0.90382, -1.34068, -0.9549, -0.87266, -1.04194, -1.58901, 0.52447, -1.31444, -1.48016]","[-1.05147, 1.06397, 1.05194, 1.05079, -1.04166, -1.0526, 1.05274, -1.05011]"
90,"[1, 0, 0, 0, 1, 1, 0, 0]","[1, 1, 1, 0, 0, 0, 0, 0]",,"[0, 0, 0, 1, 1, 1, 1, 1, 1, 1, 0, 0, 0, 1, 0, 0]","[0.06341, 0.38042, 0.056, -0.63198, -0.59485, -0.87107, -1.3271, -1.79449, -0.35568, -0.14942, 0.38829, 0.47182, 2.51908, -1.73501, 1.22372, 1.58143]","[-1.03889, -1.01952, -1.00281, 0.97528, 1.04471, 1.04912, 1.02966, 1.01577]"
91,"[1, 0, 0, 0, 1, 0, 1, 1]","[1, 0, 0, 0, 1, 0, 1, 1]",,"[0, 0, 1, 0, 0, 0, 1, 0, 1, 1, 0, 1, 1, 1, 0, 0]","[2.16929, 0.5859, -0.2938, 0.44342, 1.79123, 1.87821, -0.67967, 1.43107, -2.06642, -1.86397, 1.02725, -2.61616, -0.56476, -0.74517, 2.60352, 0.24123]","[-1.04945, 1.03882, 1.04036, 1.05411, -1.0472, 1.05624, -1.05298, -1.04996]"
92,"[1, 0, 0, 0, 1, 0, 1, 0]","[1, 0, 0, 0, 1, 0, 1, 0]",,"[1, 1, 0, 1, 1, 1, 0, 1, 0, 1, 1, 0, 0, 0, 1, 0]","[-0.59622, -0.19012, 0.54569, -0.63651, -1.05935, -1.85821, 0.88566, -1.15499, 0.82601, -0.52957, -2.2761, 0.50232, 0.8922, 1.99861, -0.03767, 0.31958]","[-1.04949, 1.03025, 1.04997, 1.04784, -1.04726, 1.05066, -1.05048, 1.05103]"
93,"[1, 0, 0, 0, 1, 0, 0, 1]","[1, 0, 0, 0, 1, 0, 0, 1]",,"[1, 0, 0, 0, 1, 0, 0, 0, 0, 1, 1, 1, 0, 1, 1, 0]","[-1.16603, 2.5244, 0.92545, 1.39953, -0.40556, 1.30202, 0.85646, 0.94828, 1.84747, -1.67603, -0.90561, -1.45542, 1.51183, -1.28487, -0.43189, 0.22248]","[-1.05956, 1.04461, 1.04417, 1.04869, -1.05331, 1.05473, 1.05306, -1.04908]"
94,"[1, 0, 0, 0, 1, 0, 0, 0]","[1, 0, 0, 0, 1, 0, 0, 0]",,"[0, 1, 0, 1, 0, 1, 1, 1, 1, 0, 0, 0, 1, 0, 0, 0]","[1.41537, -1.36139, 0.44029, -1.56226, 0.85131, -0.8868, -1.78461, -0.81364, -1.46214, 0.98257, 0.53479, 0.82145, -0.50528, 0.23941, 1.3202, 1.01487]","[-1.05113, 1.05075, 1.06846, 1.05106, -1.04978, 1.05232, 1.05316, 1.05254]"
95,"[1, 0, 0, 0, 0, 1, 1, 0]","[0, 0, 0, 0, 0, 1, 1, 0]",,"[1, 0, 0, 1, 1, 1, 1, 1, 0, 1, 1, 0, 0, 1, 1, 0]","[-0.79609, 1.02263, 1.92386, -1.03344, -1.63519, -0.51587, -0.12722, -0.51999, 1.35863, -1.15503, -0.00599, 1.635, 1.604, -0.15327, -1.4887, 0.75106]","[0.98773, 1.04631, 1.04358, 1.05082, 1.06291, -1.05865, -1.04025, 1.05033]"
96,"[1, 0, 0, 0, 0, 1, 0, 1]","[1, 1, 0, 0, 1, 0, 0, 1]",,"[1, 1, 0, 0, 1, 0, 0, 0, 0, 0, 1, 1, 0, 1, 1, 1]","[-1.98619, -0.71883, 0.97361, 0.89123, -0.42952, 0.23933, 0.55205, 0.3361, 1.54626, 0.64049, -1.59132, -0.50551, 1.51608, -0.72942, -1.03206, -1.27423]","[-1.05224, -1.05409, 1.04687, 1.05014, -1.04258, 1.04892, 1.04865, -1.05422]"
97,"[1, 0, 0, 0, 0, 1, 0, 0]","[1, 0, 0, 0, 0, 1, 0, 0]",,"[0, 0, 1, 1, 0, 0, 1, 1, 1, 0, 0, 0, 1, 1, 0, 0]","[1.02941, 1.19648, -2.01948, -0.48801, 0.90979, 0.78854, -1.15562, -1.12159, -1.66695, 0.01187, 1.72299, 1.27649, -1.41065, -1.07602, 0.68381, 0.1458]","[-1.05076, 1.02768, 1.04952, 1.05053, 1.05228, -1.04994, 1.05166, 1.05225]"
98,"[1, 0, 0, 0, 0, 0, 1, 1]","[1, 0, 0, 0, 0, 0, 1, 1]",,"[1, 0, 1, 0, 1, 0, 1, 0, 0, 1, 0, 0, 0, 1, 0, 1]","[-1.13099, 0.91585, -0.00461, 1.10269, -1.38922, 1.23368, -0.64026, 1.75262, 0.31989, -1.13102, 0.79445, 0.95981, 0.62099, -1.15749, 1.60511, -1.18733]","[-1.04745, 1.0631, 1.04671, 1.0432, 1.05963, 1.05916, -1.04638, -1.04087]"
99,"[1, 0, 0, 0, 0, 0, 1, 0]","[1, 0, 0, 0, 0, 0, 1, 0]",,"[0, 1, 0, 1, 0, 1, 0, 1, 1, 0, 1, 0, 1, 0, 1, 0]","[2.96155, -0.4133, 2.06396, -1.85359, 0.51773, -1.4839, 0.86655, -0.83824, -1.53772, 1.93979, -0.48174, 2.05765, -1.68955, 0.44967, -1.29784, 0.67177]","[-1.0514, 1.04896, 1.05051, 1.05038, 1.05385, 1.05157, -1.05298, 1.05155]"
100,"[1, 0, 0, 0, 0, 0, 0, 1]","[1, 0, 0, 0, 0, 0, 0, 1]",,"[0, 0, 1, 1, 0, 0, 0, 0, 1, 1, 1, 1, 1, 1, 1, 1]","[0.91994, 0.81358, -0.15526, -0.07808, 2.03651, 0.37978, 1.66219, 1.68915, -2.03076, -1.44757, -1.5037, -1.90021, -1.71583, -1.70301, -0.76554, -0.21941]","[-1.05501, 1.04954, 1.05177, 0.99407, 1.04795, 1.05089, 1.05156, -1.05546]"
101,"[1, 0, 0, 0, 0, 0, 0, 0]","[1, 1, 1, 0, 0, 0, 0, 0]",,"[1, 0, 0, 1, 1, 1, 1, 1, 1, 0, 0, 0, 0, 0, 0, 0]","[-1.98725, 0.00661, 0.0497, -1.36172, -1.97479, -0.40604, -1.3875, -1.27221, -0.09097, 1.32839, 0.96913, 1.11768, 0.51645, 1.25016, 0.68511, 0.7361]","[-1.04883, -1.04239, -1.04235, 1.04666, 1.047, 1.04925, 1.05012, 1.04984]"
102,"[0, 1, 1, 1, 1, 1, 1, 1]","[0, 1, 0, 0, 1, 1, 1, 1]",,"[1, 0, 0, 0, 0, 1, 0, 1, 1, 1, 0, 1, 0, 0, 0, 1]","[-1.26185, 0.72488, 1.83074, 1.00201, 0.89204, -0.2718, 1.88497, -2.50317, -1.02995, -0.17368, 1.00807, -0.25706, 2.07465, 0.81632, 1.26632, -0.56982]","[1.05994, -1.01679, 1.04497, 1.02118, -1.02608, -1.04254, -1.04837, -1.03625]"
103,"[0, 1, 1, 1, 1, 1, 0, 1]","[1, 1, 1, 0, 1, 1, 1, 0]",,"[0, 0, 1, 1, 0, 0, 0, 1, 0, 0, 1, 0, 1, 0, 1, 0]","[0.00769, 1.47439, -0.2738, -0.02922, 0.35834, 0.68818, 0.6116, -0.39769, 0.44011, 1.29427, -1.03032, 0.80425, -1.4389, 0.13641, -0.61808, 0.50507]","[-1.04684, -1.05259, -1.04462, 1.04113, -1.03838, -1.05527, -1.05899, 1.05022]"
104,"[0, 1, 1, 1, 1, 1, 0, 0]","[1, 1, 1, 1, 1, 1, 0, 0]",,"[1, 0, 0, 0, 0, 0, 0, 1, 1, 1, 0, 1, 0, 1, 0, 0]","[-0.39394, 0.59176, 1.8462, 0.13086, 2.82466, 1.33275, 0.95425, -0.41173, -0.7795, -0.4428, 0.67484, -1.43324, 0.72984, -1.58953, 0.76761, 0.30815]","[-1.0467, -1.04228, -1.03596, -1.0529, -1.03753, -1.04559, 1.04974, 1.04067]"
105,"[0, 1, 1, 1, 1, 0, 1, 1]","[0, 1, 1, 1, 1, 0, 1, 1]",,"[0, 1, 1, 0, 0, 1, 0, 1, 0, 1, 0, 0, 1, 1, 0, 1]","[1.49698, -2.09488, -0.36693, 1.38894, 0.87927, -2.92884, 1.09235, -0.57876, 0.52335, -0.28929, 0.73414, 1.67413, -0.91516, -1.32873, 1.27824, -0.78385]","[1.05009, -1.05044, -1.05766, -1.04944, -1.00995, 1.052, -1.05153, -1.05081]"
106,"[0, 1, 1, 1, 1, 0, 1, 0]","[0, 1, 1, 1, 1, 0, 1, 0]",,"[1, 0, 1, 1, 0, 0, 1, 0, 1, 0, 1, 1, 0, 0, 1, 0]","[-0.92784, 0.6761, -1.78238, -1.70909, 0.4199, 1.21168, -0.2057, 2.45119, -0.97845, 0.74883, -1.13806, -1.20131, 0.29724, 1.60061, -1.30612, 1.37473]","[1.05082, -1.05148, -1.05143, -1.05311, -1.04937, 1.05234, -1.05304, 1.05195]"
107,"[0, 1, 1, 1, 1, 0, 0, 1]","[0, 1, 1, 1, 1, 0, 0, 1]",,"[1, 0, 1, 0, 1, 1, 1, 1, 1, 1, 1, 0, 0, 1, 1, 1]","[-0.07086, 0.45653, -1.662, 1.14575, -0.17148, -0.33584, -0.09657, -2.54543, -0.80674, -1.75435, -2.24935, 1.34173, 1.82283, -1.4049, -1.19083, -2.34017]","[1.05276, -1.05383, -1.05126, -1.05244, -1.02326, 1.05194, 1.05228, -1.05206]"
108,"[0, 1, 1, 1, 0, 1, 0, 1]","[0, 1, 1, 1, 0, 1, 0, 1]",,"[1, 0, 1, 0, 0, 0, 1, 1, 1, 0, 1, 0, 0, 0, 1, 1]","[-0.47002, 0.99465, -0.42878, 0.8198, 0.13197, 2.64883, -1.49808, -1.86377, -1.63827, 0.75157, -1.60975, 0.50878, 0.71864, 1.68833, -0.4603, -1.93697]","[1.05279, -1.05323, -1.05462, -1.05403, 1.0516, -1.05309, 1.05173, -1.05312]"
109,"[0, 1, 1, 1, 0, 0, 1, 1]","[0, 1, 1, 1, 0, 0, 1, 1]",,"[1, 1, 0, 0, 0, 1, 0, 1, 1, 1, 0, 1, 0, 1, 0, 1]","[-2.16443, -1.57295, 0.81936, 1.56109, 0.3586, -0.71278, 2.75652, -0.88781, -0.80385, -1.3681, 1.88553, -0.52265, 1.68478, -2.07534, 0.47499, -0.2608]","[1.05239, -1.02943, -1.01825, -1.00578, 1.0578, 1.05879, -1.04908, -1.04662]"
110,"[0, 1, 1, 1, 0, 0, 1, 0]","[0, 1, 1, 1, 0, 0, 1, 0]",,"[0, 0, 1, 1, 1, 0, 1, 0, 0, 0, 1, 1, 1, 0, 1, 0]","[2.11556, 0.81925, -0.72077, -1.68409, -0.81584, 0.75289, -0.25571, 0.7023, 1.49134, 1.20757, -1.1864, -0.45671, -1.19921, 0.38697, -0.33203, 0.39824]","[1.05133, -1.05201, -1.05133, -1.05276, 1.05294, 1.05245, -1.05285, 1.05235]"
111,"[0, 1, 1, 1, 0, 0, 0, 1]","[0, 1, 1, 1, 0, 0, 0, 1]",,"[0, 0, 1, 0, 1, 1, 1, 1, 0, 1, 1, 0, 1, 1, 1, 1]","[1.20105, 0.23094, -2.20317, 1.96055, -1.02771, -0.91881, -0.04643, -1.55164, 1.63943, -0.78783, -1.31039, 0.49491, -0.42147, -1.51688, -2.17689, -0.40743]","[1.0527, -1.05106, -1.05016, -1.05114, 1.05015, 1.05156, 1.05257, -1.05146]"
112,"[0, 1, 1, 1, 0, 0, 0, 0]","[0, 1, 0, 1, 1, 0, 0, 0]",,"[1, 0, 1, 1, 1, 0, 0, 0, 1, 1, 0, 1, 0, 0, 0, 0]","[-0.5656, 1.90551, -0.23539, -0.91862, -0.32369, 2.94103, 0.38881, 1.63203, -2.01026, -1.05412, 2.17383, -1.42946, 2.50705, 0.11867, 0.84051, 0.89684]","[1.05283, -0.46484, 1.0689, -1.04327, -1.05385, 1.05102, 1.05068, 1.05128]"
113,"[0, 1, 1, 0, 1, 1, 1, 1]","[0, 1, 1, 0, 1, 1, 1, 1]",,"[0, 1, 1, 1, 0, 0, 0, 1, 0, 1, 1, 1, 1, 0, 0, 1]","[1.23032, -1.86972, -0.58708, -0.11145, 2.27295, 0.41135, 1.49418, -0.68705, 0.79833, -2.79021, -1.81213, -1.00354, -0.18515, 0.99954, 0.84593, -0.67672]","[1.04907, -1.05242, -1.04864, 1.0473, -1.0653, -1.05457, -1.05229, -1.05338]"
114,"[0, 1, 1, 0, 1, 1, 1, 0]","[0, 0, 0, 1, 1, 1, 1, 0]",,"[1, 0, 0, 0, 1, 1, 1, 0, 0, 0, 0, 1, 1, 1, 1, 1]","[-1.41094, 0.88867, 0.40251, 0.51032, -1.84414, -1.34787, -0.99709, 0.79123, 0.08198, 0.41527, 1.38543, -0.03249, -1.27757, -1.51506, -0.85669, -0.04203]","[1.04752, 1.06056, 1.05996, -0.9891, -1.05218, -1.05955, -1.05188, 1.04993]"
115,"[0, 1, 1, 0, 1, 1, 0, 0]","[0, 1, 1, 0, 1, 1, 0, 0]",,"[0, 0, 1, 0, 0, 0, 0, 0, 0, 0, 1, 0, 0, 1, 0, 0]","[0.62461, 0.47819, -0.23726, 1.24855, 0.78549, 0.39957, 1.5065, 2.32093, 0.68853, 0.98982, -1.1854, 1.22207, 0.59478, -1.333, 0.6428, 1.43723]","[1.04679, -1.05819, -1.03867, 1.04653, -1.04117, -1.05094, 1.0423, 1.04154]"
116,"[0, 1, 1, 0, 1, 0, 1, 1]","[0, 1, 1, 0, 1, 0, 1, 1]",,"[1, 0, 1, 1, 1, 1, 0, 1, 1, 0, 1, 1, 1, 1, 0, 1]","[-1.06079, 1.60814, -1.00541, -1.22233, -0.62649, -1.44149, 0.50308, -0.13833, -1.57054, 1.78713, -1.01178, -2.36451, -1.00913, -1.50322, 1.0994, -0.97202]","[1.05196, -1.05237, -1.05282, 1.05114, -1.04844, 1.0531, -1.0517, -1.0502]"
117,"[0, 1, 1, 0, 1, 0, 1, 0]","[0, 1, 1, 0, 1, 0, 1, 0]",,"[0, 1, 0, 0, 0, 0, 1, 0, 0, 1, 0, 0, 0, 0, 1, 0]","[0.6963, -0.5315, 1.12902, 0.51863, 0.25386, 0.75116, -1.41748, 0.70771, 1.02073, -1.17739, 1.26182, 0.42313, 0.93319, 0.01646, -0.27668, 1.36294]","[1.05011, -1.05407, -1.05328, 1.04921, -1.0503, 1.05122, -1.05313, 1.05098]"
118,"[0, 1, 1, 0, 1, 0, 0, 1]","[0, 1, 1, 0, 1, 0, 0, 1]",,"[0, 0, 0, 1, 0, 1, 1, 1, 0, 0, 0, 0, 0, 1, 1, 1]","[1.15548, 0.80912, 1.7208, -0.84323, 1.68131, -0.94716, -1.16371, -1.51629, 1.05609, 1.30129, 1.09804, 0.29747, 0.24628, -1.8199, -1.55023, -0.72099]","[1.05085, -1.05255, -1.04465, 1.02025, -1.05049, 1.04872, 1.04994, -1.00594]"
119,"[0, 1, 1, 0, 1, 0, 0, 0]","[1, 0, 0, 0, 0, 0, 1, 0]",,"[1, 1, 1, 0, 0, 1, 0, 0, 1, 0, 1, 0, 1, 0, 1, 0]","[-0.33767, -1.11193, -0.81229, 1.53607, 0.12841, -0.16716, 0.55853, 0.17063, -2.14721, 0.64099, -0.98072, 1.41852, -2.46546, 0.38269, -0.15379, 0.36145]","[-0.98727, 1.05437, 1.09506, 1.07563, 1.03726, 1.08338, -1.04868, 1.08285]"
120,"[0, 1, 1, 0, 0, 1, 1, 1]","[0, 1, 1, 0, 0, 1, 1, 1]",,"[1, 1, 1, 1, 1, 0, 0, 1, 1, 1, 1, 1, 1, 0, 0, 1]","[-1.66054, -0.9186, -0.72867, -0.7895, -2.22273, 1.02933, 0.5875, -1.84305, -1.85857, -1.09921, -0.67428, -0.59725, -1.39498, 1.51308, 0.42738, -0.85648]","[1.05231, -1.05197, -1.05158, 1.05169, 1.0506, -1.05309, -1.05214, -1.05272]"
121,"[0, 1, 1, 0, 0, 1, 1, 0]","[0, 1, 1, 0, 0, 1, 1, 0]",,"[0, 0, 0, 0, 0, 1, 1, 0, 0, 0, 0, 0, 0, 0, 1, 0]","[1.23129, 0.86978, 0.51021, 1.4756, 1.04961, -2.07147, -0.98906, 1.11135, 0.8831, 1.5888, 0.87227, 1.23647, 1.38136, 0.03817, -1.85189, 0.70343]","[1.04595, -1.05553, -1.05555, 1.04101, 1.04992, -1.03676, -1.05875, 1.04264]"
122,"[0, 1, 1, 0, 0, 1, 0, 1]","[0, 1, 1, 0, 0, 1, 0, 1]",,"[0, 1, 0, 1, 0, 0, 1, 1, 0, 1, 0, 1, 0, 0, 1, 1]","[1.29022, -2.05169, 1.61579, -0.58873, 0.64187, 0.96121, -1.24481, -1.74474, 1.70712, -1.97759, 0.59617, -1.12562, 2.27287, 0.72439, -1.39722, -0.3366]","[1.05284, -1.05143, -1.05384, 1.04974, 1.05206, -1.05315, 1.05203, -1.053]"
123,"[0, 1, 1, 0, 0, 1, 0, 0]","[0, 0, 1, 1, 0, 1, 0, 0]",,"[1, 0, 0, 0, 1, 1, 0, 0, 1, 0, 0, 1, 1, 1, 0, 0]","[-0.98781, 0.5225, 0.26862, 0.2501, -0.4826, -2.25316, 0.45534, 0.37509, -1.07198, 1.29239, 0.12787, -0.02421, -2.52008, -1.84455, 1.43661, 0.92996]","[1.05052, 1.05945, -1.02989, -1.0347, 1.04711, -1.05007, 1.04963, 1.04975]"
124,"[0, 1, 1, 0, 0, 0, 1, 0]","[0, 1, 1, 0, 0, 0, 1, 0]",,"[1, 1, 0, 0, 1, 0, 1, 0, 1, 1, 0, 0, 1, 0, 1, 0]","[-1.26989, -0.56627, 0.31154, 1.25843, -0.46601, 1.87652, -1.62791, 0.0502, -0.35209, -1.37002, 1.61227, 2.02515, -2.52459, 0.45783, -1.54837, 1.43038]","[1.0507, -1.05366, -1.05351, 1.04993, 1.05038, 1.05172, -1.05324, 1.05162]"
125,"[0, 1, 1, 0, 0, 0, 0, 1]","[0, 1, 1, 0, 0, 0, 0, 1]",,"[1, 0, 0, 1, 1, 1, 1, 1, 0, 0, 0, 1, 1, 1, 1, 1]","[-0.57126, 1.67301, 0.65336, -1.19742, -1.12994, -0.91254, -0.49358, -1.05906, 0.04641, 1.11449, 1.31403, -0.48906, -0.53201, -1.91338, -1.06379, -1.14581]","[1.0512, -1.04963, -1.04782, 1.04968, 1.04758, 1.04933, 1.04959, -1.0463]"
126,"[0, 1, 0, 1, 1, 1, 1, 1]","[0, 1, 0, 1, 1, 1, 1, 1]",,"[0, 0, 1, 0, 0, 0, 0, 1, 0, 0, 1, 0, 0, 0, 0, 1]","[0.69949, 0.73481, -0.708, 0.70109, 1.33248, 1.832, 1.08892, -0.75721, 0.662, 0.53673, -0.54298, 1.71051, 2.30132, 0.1065, 1.2355, -1.17097]","[1.05184, -1.05146, 1.05117, -1.05281, -1.05159, -1.05189, -1.0505, -1.05153]"
127,"[0, 1, 0, 1, 1, 1, 1, 0]","[0, 0, 1, 0, 1, 1, 1, 0]",,"[1, 1, 1, 1, 1, 1, 1, 0, 0, 1, 0, 0, 1, 1, 1, 0]","[-1.90286, -0.66109, -0.4428, -1.19217, -1.41577, -1.01726, -1.0901, 1.22434, 0.1281, -1.03286, 1.93834, 0.30625, -0.52253, -1.5385, -0.84521, 2.12543]","[1.05245, 0.82144, -1.04916, 1.04495, -1.0509, -1.05067, -1.05171, 1.05194]"
128,"[0, 1, 0, 1, 1, 1, 0, 1]","[0, 1, 0, 1, 1, 1, 0, 1]",,"[1, 0, 0, 0, 1, 0, 1, 1, 1, 0, 0, 0, 1, 0, 1, 1]","[-1.48861, 0.63615, 1.22002, 1.04582, -1.25579, 1.34734, -0.73964, -1.87526, -0.94574, 0.07314, 1.3603, 0.92308, -1.63926, 0.39035, -1.39243, -2.21229]","[1.05275, -1.05365, 1.05065, -1.05347, -1.05267, -1.05393, 1.05179, -1.05305]"
129,"[0, 1, 0, 1, 1, 1, 0, 0]","[0, 0, 1, 1, 1, 1, 0, 0]",,"[0, 1, 0, 1, 0, 1, 0, 0, 0, 0, 0, 1, 0, 1, 0, 0]","[0.22481, -2.03377, 1.06346, -1.40165, 1.20479, -0.64389, 0.05093, 0.35808, 1.74931, 0.09355, 0.11443, -1.83326, 1.72604, -0.53723, 1.54123, 1.18887]","[1.05002, 1.07094, -1.0498, -1.05158, -1.04893, -1.05068, 1.04933, 1.04921]"
130,"[0, 1, 0, 1, 1, 0, 1, 1]","[0, 1, 0, 1, 1, 0, 1, 1]",,"[1, 1, 1, 0, 1, 1, 0, 1, 1, 1, 1, 0, 1, 1, 0, 1]","[-0.45284, -0.33948, -1.11886, 0.42141, -1.15499, -1.86527, 1.76975, -1.1985, -0.92173, -1.64352, -2.07866, 0.58258, -0.56231, -2.1787, 1.50846, -1.88155]","[1.05172, -1.051, 1.05489, -1.04978, -1.04599, 1.05322, -1.05102, -1.04995]"
131,"[0, 1, 0, 1, 1, 0, 1, 0]","[1, 0, 1, 1, 1, 1, 0, 0]",,"[0, 0, 0, 1, 0, 0, 1, 1, 0, 0, 0, 1, 0, 0, 0, 0]","[0.27382, 0.26369, 1.2826, -2.58005, 1.25695, 1.32014, -0.54791, -0.41614, 1.07617, 2.37405, 0.70678, -0.58818, 1.47509, 1.84314, 0.17504, 0.15717]","[-1.02994, 1.07185, -0.95898, -0.44674, -1.05007, -1.03708, 0.90882, 0.97695]"
132,"[0, 1, 0, 1, 1, 0, 0, 1]","[0, 1, 0, 1, 1, 0, 0, 1]",,"[1, 1, 0, 0, 0, 1, 1, 1, 0, 1, 0, 0, 0, 1, 1, 1]","[-0.0412, -1.26101, 2.47032, 0.72309, 2.58552, -0.40557, -0.19403, -1.33227, 1.5295, -0.149, 1.20647, 1.65655, 0.40599, -1.31671, -1.76547, -1.15029]","[1.05339, -1.05277, 1.05099, -1.04935, -1.04328, 1.0524, 1.0524, -1.05169]"
133,"[0, 1, 0, 1, 0, 1, 1, 1]","[0, 1, 0, 1, 0, 1, 1, 1]",,"[1, 0, 1, 0, 1, 0, 0, 1, 0, 0, 1, 0, 1, 0, 0, 1]","[-0.96899, 0.91517, -0.64833, 1.04677, -0.4926, 0.69515, 2.91528, -1.61632, 1.03384, 1.79625, -1.62629, 1.18525, -0.88072, 0.68801, 0.82985, -0.71318]","[1.04993, -1.04872, 1.04696, -1.05175, 1.05308, -1.05275, -1.05073, -1.05229]"
134,"[0, 1, 0, 1, 0, 1, 1, 0]","[0, 1, 0, 1, 0, 1, 1, 0]",,"[0, 1, 0, 1, 0, 1, 1, 0, 0, 1, 0, 1, 0, 1, 1, 0]","[0.47192, -1.65277, 1.16995, -1.7375, 1.64084, -0.37761, -0.58667, 1.85808, 1.82899, -1.21254, 0.09329, -2.31848, 0.47401, -0.42665, -1.25328, 0.37333]","[1.05234, -1.05045, 1.05085, -1.05276, 1.05007, -1.051, -1.05222, 1.05135]"
135,"[0, 1, 0, 1, 0, 1, 0, 1]","[0, 1, 1, 1, 1, 1, 0, 1]",,"[0, 0, 1, 0, 1, 0, 1, 1, 0, 1, 0, 0, 0, 0, 1, 1]","[1.64065, 0.67277, -0.00822, 1.19324, -0.02603, 1.54989, -0.80342, -0.78751, 0.83202, -0.30763, 2.84403, 0.73724, 0.39152, 0.09618, -0.72088, -1.45228]","[1.05079, -1.06254, -1.06035, -1.04847, -1.04687, -1.0508, 1.05031, -1.0487]"
136,"[0, 1, 0, 1, 0, 1, 0, 0]","[0, 1, 0, 1, 0, 1, 0, 0]",,"[1, 1, 1, 1, 1, 1, 1, 0, 1, 1, 1, 1, 1, 1, 0, 0]","[-0.05222, -1.26197, -1.49758, -1.16996, -0.59646, -0.09104, -0.29691, 1.16003, -2.43977, -1.26693, -0.38484, -0.7179, -1.25217, -2.75873, 2.26671, 1.95544]","[1.04348, -1.03805, 1.05163, -1.05005, 1.04626, -1.03714, 1.0522, 1.04496]"
137,"[0, 1, 0, 1, 0, 0, 1, 1]","[0, 1, 0, 1, 0, 0, 1, 1]",,"[0, 1, 1, 0, 0, 1, 0, 1, 0, 1, 1, 0, 0, 1, 0, 1]","[2.89492, -1.94984, -1.83879, 1.05971, 1.32707, -1.00268, 0.74651, -0.69489, 0.15674, -1.17986, -0.32844, 0.66491, 0.7308, -0.85842, 0.94762, -1.24743]","[1.04993, -1.05054, 1.05294, -1.04951, 1.05247, 1.05192, -1.05141, -1.05075]"
138,"[0, 1, 0, 1, 0, 0, 1, 0]","[0, 1, 1, 1, 1, 0, 1, 0]",,"[1, 0, 0, 1, 1, 0, 1, 0, 1, 0, 1, 1, 0, 0, 1, 0]","[-1.04874, 1.72388, 1.32834, -1.0496, -1.33513, 0.64218, -0.35785, 0.33221, -0.28036, 0.35048, -0.43355, -1.42524, 0.01129, 0.13805, -1.31306, 1.82829]","[1.05124, -1.05141, -1.03881, -1.05234, -1.04043, 1.05226, -1.0528, 1.05213]"
139,"[0, 1, 0, 1, 0, 0, 0, 1]","[0, 1, 0, 1, 0, 0, 0, 1]",,"[1, 1, 0, 0, 1, 1, 1, 1, 1, 1, 0, 0, 1, 1, 1, 1]","[-0.87314, -0.81575, 0.4011, 0.69562, -0.74838, -1.52658, -1.57249, -1.93735, -0.71048, -1.38141, 1.00032, 2.34358, -0.61084, -0.74271, -1.34847, -1.10239]","[1.0526, -1.05357, 1.04868, -1.05201, 1.05061, 1.05197, 1.05196, -1.05194]"
140,"[0, 1, 0, 1, 0, 0, 0, 0]","[0, 1, 0, 1, 0, 0, 0, 0]",,"[0, 0, 1, 1, 0, 0, 0, 1, 0, 0, 1, 1, 0, 0, 0, 0]","[1.40849, 0.28451, -2.21438, -1.39252, 1.51062, 1.65285, 0.98685, -1.03249, 1.02252, 1.01653, -1.3051, -1.35519, 0.19933, 1.4026, 1.18828, 1.38735]","[1.05007, -1.04987, 1.07597, -1.05282, 1.07311, 1.07092, 1.06774, 1.06656]"
141,"[0, 1, 0, 0, 1, 1, 1, 1]","[0, 1, 0, 0, 1, 1, 1, 1]",,"[1, 1, 0, 1, 0, 0, 0, 1, 1, 1, 1, 1, 0, 0, 0, 1]","[-1.50277, -0.93124, 0.1148, -0.99599, 3.01064, 1.45363, 1.34371, -0.71016, -1.62781, -0.63157, -0.03449, -1.35755, 1.27206, 2.18222, 1.27371, -1.03958]","[1.04792, -1.05035, 1.05432, 1.04782, -1.05167, -1.05504, -1.05257, -1.05436]"
142,"[0, 1, 0, 0, 1, 1, 1, 0]","[0, 1, 0, 0, 0, 1, 1, 0]",,"[0, 1, 1, 0, 1, 1, 0, 0, 0, 0, 1, 0, 1, 1, 1, 0]","[1.23029, -0.20283, -1.0861, 0.60778, -1.54532, -0.90914, 0.5925, 0.49599, 0.87935, 1.03679, -0.81707, 0.60432, -1.7881, -1.42467, -2.74708, 1.54457]","[1.02769, -0.86935, 1.02291, 1.01905, 0.90758, -1.03374, -1.05077, 1.01303]"
143,"[0, 1, 0, 0, 1, 1, 0, 1]","[1, 0, 0, 1, 0, 1, 1, 1]",,"[0, 1, 1, 1, 1, 1, 1, 1, 0, 1, 1, 0, 1, 0, 0, 1]","[0.75412, -1.3035, -2.14197, -1.6865, -1.46889, -0.06938, -1.4861, -1.2118, 1.98434, -0.33207, -0.04261, 0.25635, -2.19709, 1.53735, 0.24391, -1.45236]","[-1.04141, 1.02274, 1.08057, -1.06215, 1.03106, -1.06257, -1.0578, -1.05946]"
144,"[0, 1, 0, 0, 1, 1, 0, 0]","[0, 1, 0, 0, 1, 1, 0, 0]",,"[1, 0, 0, 0, 0, 1, 0, 0, 1, 0, 0, 0, 0, 1, 0, 0]","[-0.58664, 1.24659, 0.87487, 0.74435, 1.15143, -0.82682, 1.7236, 1.3364, -0.9939, 0.94168, 0.75864, 0.98689, 0.66842, -1.18511, 0.47679, 0.25023]","[1.04927, -1.05219, 1.04422, 1.04742, -1.05109, -1.05274, 1.04844, 1.0485]"
145,"[0, 1, 0, 0, 1, 0, 1, 1]","[0, 1, 1, 1, 0, 1, 0, 0]",,"[0, 0, 0, 1, 1, 1, 0, 1, 0, 1, 0, 1, 1, 1, 0, 0]","[1.33675, 0.85713, 0.68778, -0.13841, -0.06485, -0.38027, 2.68808, -0.93184, 0.88357, -0.32333, 0.71969, -0.3703, -1.12826, -0.9101, 1.07316, 1.11017]","[1.04732, -0.99831, -1.02877, -1.03329, 1.06095, -1.03352, 1.06214, 1.05749]"
146,"[0, 1, 0, 0, 1, 0, 1, 0]","[0, 1, 0, 0, 1, 0, 1, 0]",,"[1, 1, 1, 0, 0, 0, 1, 0, 1, 1, 1, 0, 0, 0, 1, 0]","[-0.58023, -0.8461, -0.75811, 2.34272, 0.74504, 1.93826, -0.4832, 1.58081, -0.36714, -1.71957, -0.33964, 0.58977, 0.49646, 1.48891, -1.4757, 1.83652]","[1.05043, -1.05357, 1.04981, 1.04954, -1.04967, 1.05163, -1.05345, 1.05137]"
147,"[0, 1, 0, 0, 1, 0, 0, 1]","[0, 0, 0, 0, 1, 0, 0, 1]",,"[1, 0, 1, 1, 0, 1, 1, 1, 0, 1, 1, 1, 0, 1, 1, 1]","[-1.01741, 1.5257, -0.01923, -0.70934, 1.07888, -0.98974, -0.85741, -1.63, 0.07544, -0.28871, -0.29981, -1.1325, 0.97784, -0.15238, -0.7155, -1.125]","[1.05342, 1.05544, 1.05102, 1.05136, -1.05503, 1.05182, 1.05213, -1.0524]"
148,"[0, 1, 0, 0, 1, 0, 0, 0]","[1, 1, 0, 0, 0, 0, 0, 1]",,"[1, 1, 0, 0, 1, 0, 0, 0, 0, 0, 0, 0, 1, 1, 0, 1]","[-0.12254, -0.86632, 0.80753, 1.52061, -0.65049, 1.42245, 1.14259, 0.18529, 2.08916, 0.28688, 0.8955, 1.48216, -1.19934, -0.65182, 1.34399, -0.48506]","[-1.02836, -1.00988, 1.04301, 1.04358, 1.04799, 0.95847, 1.03331, -0.85587]"
149,"[0, 1, 0, 0, 0, 1, 1, 1]","[0, 1, 0, 0, 0, 1, 1, 1]",,"[0, 1, 0, 1, 1, 0, 0, 1, 0, 1, 0, 1, 1, 0, 0, 1]","[1.38826, -1.77934, 0.33974, -1.81973, -0.63866, 1.02643, 2.16952, -1.01455, 1.43271, -0.24458, 2.04134, -3.16316, -1.95457, 1.48888, 0.57358, -1.13147]","[1.05148, -1.05173, 1.04971, 1.05179, 1.05532, -1.05212, -1.05058, -1.05106]"
150,"[0, 1, 0, 0, 0, 1, 1, 0]","[0, 1, 0, 0, 0, 1, 1, 0]",,"[1, 0, 1, 1, 0, 1, 1, 0, 1, 0, 1, 0, 0, 1, 1, 0]","[-0.26097, 0.99256, -0.11583, -0.60363, 0.38898, -0.77627, -1.24465, 1.53496, -1.43415, 1.1748, -0.67693, 1.12028, 1.44541, -1.20133, -0.94796, 2.43089]","[1.05254, -1.05911, 1.06031, 1.03268, 1.04943, -1.05126, -1.0525, 1.05124]"
151,"[0, 1, 0, 0, 0, 1, 0, 1]","[1, 0, 1, 0, 1, 1, 1, 0]",,"[0, 1, 1, 1, 0, 0, 1, 1, 1, 1, 1, 0, 0, 0, 1, 0]","[0.05038, -1.28093, -0.48078, -1.7351, 2.05198, 0.5392, -0.8699, -0.74193, -0.89366, -1.39894, -1.48339, 0.43395, 1.66153, 0.42379, -0.00055, 0.43249]","[-1.05142, 0.88579, -0.67633, 1.06057, -1.04654, -0.83184, -1.02631, 1.06193]"
152,"[0, 1, 0, 0, 0, 0, 1, 1]","[0, 1, 0, 0, 1, 1, 1, 1]",,"[1, 0, 0, 1, 0, 0, 0, 1, 1, 1, 0, 1, 0, 1, 0, 1]","[-1.37132, 0.69592, 2.94676, -1.04003, 2.02692, 0.47808, 1.63493, -0.74342, -0.55407, -0.04147, 0.48512, -1.85257, 0.08561, -1.0454, 1.53063, -1.11375]","[1.05503, -0.93219, 1.0628, 1.06511, -1.0472, -1.03679, -1.0407, -1.04206]"
153,"[0, 1, 0, 0, 0, 0, 1, 0]","[0, 1, 1, 0, 0, 0, 1, 0]",,"[0, 1, 1, 0, 1, 0, 1, 0, 1, 1, 0, 0, 1, 0, 1, 1]","[0.99786, -0.55347, -0.44168, 1.36661, -1.5964, 1.5043, -0.99231, 1.83646, -0.59389, -0.51515, 0.16253, 0.32365, -1.33397, 0.43952, -2.11614, -0.16924]","[1.04633, -1.02116, -1.05663, 1.07724, 1.06953, 1.06621, -1.0359, 1.06693]"
154,"[0, 0, 1, 1, 1, 1, 1, 1]","[0, 0, 1, 1, 1, 1, 1, 1]",,"[0, 1, 0, 0, 0, 0, 0, 1, 0, 1, 0, 0, 0, 1, 0, 1]","[1.91369, -0.09204, 2.04043, 0.47412, 1.63931, 1.70347, 0.82236, -1.20667, 1.61889, -0.68083, 1.37073, 0.50951, 0.40529, -0.29732, 2.83036, -0.19182]","[1.05669, 1.05915, -1.05109, -1.04524, -1.04638, -1.03838, -1.05354, -1.05129]"
155,"[0, 0, 1, 1, 1, 1, 0, 1]","[0, 0, 1, 1, 1, 1, 0, 1]",,"[1, 1, 1, 0, 1, 0, 1, 1, 1, 1, 1, 0, 1, 0, 1, 1]","[-1.1381, -0.96529, -1.2746, 0.60668, -1.47433, 0.14107, -0.63895, -0.79865, -1.23554, -0.84053, -1.34669, 1.4649, -0.87591, 1.15153, -1.6187, -1.40371]","[1.05389, 1.0523, -1.0536, -1.05413, -1.05333, -1.05351, 1.05308, -1.05297]"
156,"[0, 0, 1, 1, 1, 1, 0, 0]","[0, 0, 1, 1, 1, 1, 0, 0]",,"[0, 0, 0, 1, 0, 1, 0, 0, 0, 0, 1, 1, 0, 1, 0, 0]","[1.35331, 1.15653, 0.75909, -0.63577, 0.30692, -0.06328, 1.99146, 1.81146, 2.48366, 0.21615, -0.00295, -1.81908, 0.60607, -1.39168, 0.74675, 0.97328]","[1.04932, 1.04883, -1.04812, -1.04679, -1.05215, -1.05043, 1.04837, 1.04842]"
157,"[0, 0, 1, 1, 1, 0, 1, 1]","[0, 0, 1, 1, 1, 0, 1, 1]",,"[1, 0, 0, 0, 1, 1, 0, 1, 1, 0, 0, 0, 0, 1, 0, 1]","[-1.00618, 0.34428, 0.57596, 0.24486, -0.79198, -1.43321, 0.69028, -1.54706, -1.5954, 1.61916, 0.71316, 0.89179, 0.35282, -0.89613, 0.95037, -1.41269]","[1.05332, 1.06093, -1.05186, -1.04256, -1.00839, 1.06008, -1.04967, -1.0446]"
158,"[0, 0, 1, 1, 1, 0, 0, 0]","[0, 0, 0, 0, 1, 0, 0, 0]",,"[1, 1, 1, 0, 0, 0, 0, 0, 1, 0, 0, 0, 1, 0, 0, 0]","[-1.24285, -2.64141, -0.18119, 0.06266, 0.41983, 1.63181, 0.28958, 1.09401, -1.36718, 0.52462, 0.84229, 0.06901, -2.31271, 1.28923, 0.84297, 0.58659]","[1.0529, 1.07374, 1.06746, 1.05331, -1.06371, 1.05265, 1.05333, 1.05296]"
159,"[0, 0, 1, 1, 0, 1, 1, 0]","[0, 0, 1, 1, 0, 1, 1, 0]",,"[0, 0, 0, 1, 0, 1, 1, 0, 0, 0, 1, 1, 0, 1, 1, 0]","[0.79884, 1.40011, 0.17426, -1.94397, 2.15654, -0.11672, -1.34618, 1.90065, 1.88186, 2.06494, -1.2794, -0.52228, 1.64227, -0.79078, -0.78852, 1.66439]","[1.05254, 1.05283, -1.05646, -1.0525, 1.05034, -1.05054, -1.05232, 1.05166]"
160,"[0, 0, 1, 1, 0, 1, 0, 0]","[0, 0, 1, 1, 0, 1, 0, 0]",,"[1, 0, 0, 1, 1, 1, 0, 0, 1, 1, 0, 1, 1, 1, 0, 0]","[-1.5779, 0.49416, 1.72115, -0.34303, -0.54338, -2.21517, 1.45192, 1.33948, -0.36154, -0.05434, 2.51504, -0.8125, -1.3914, -1.34723, 0.3352, 1.31401]","[1.04877, 1.01124, -1.04703, -1.04199, 1.05007, -1.04951, 1.04775, 1.04761]"
161,"[0, 0, 1, 1, 0, 0, 1, 1]","[0, 0, 1, 1, 0, 0, 1, 1]",,"[1, 0, 0, 0, 0, 1, 0, 1, 0, 0, 0, 0, 0, 1, 0, 1]","[-0.62172, 1.09449, 0.52513, 1.56516, 1.4772, -0.41698, 0.81664, -1.5419, 1.20836, 0.61379, 1.44388, 1.34954, 1.20696, -0.74212, 0.38403, -1.33234]","[1.05042, 1.05418, -1.05579, -1.04989, 1.04983, 1.05275, -1.05267, -1.05222]"
162,"[0, 0, 1, 1, 0, 0, 1, 0]","[0, 0, 0, 0, 1, 1, 0, 1]",,"[1, 1, 1, 1, 1, 0, 1, 1, 1, 0, 1, 1, 1, 0, 1, 0]","[-0.77917, -1.76741, -0.12082, -0.88912, -0.57468, 1.06284, -1.42993, -0.82711, -0.79444, 0.36726, -1.22783, -1.74709, -0.7094, 0.64447, -2.44806, 1.51344]","[1.05641, 0.85821, 0.96473, 1.01552, -1.00984, -1.03202, 1.02878, -0.99683]"
163,"[0, 0, 1, 1, 0, 0, 0, 0]","[0, 0, 1, 1, 0, 0, 0, 0]",,"[0, 1, 0, 1, 0, 0, 0, 0, 0, 1, 0, 1, 0, 0, 0, 0]","[1.5853, -1.01385, 1.21235, -0.80316, 1.76479, 0.40624, 0.89886, 0.48239, 0.43772, -1.38674, 0.81594, -1.22914, 0.92941, 1.08426, 0.98648, 0.88706]","[1.05247, 1.05268, -1.05202, -1.04969, 1.05402, 1.05212, 1.05307, 1.05261]"
164,"[0, 0, 1, 0, 1, 1, 1, 1]","[0, 0, 1, 0, 1, 1, 1, 1]",,"[1, 0, 1, 1, 0, 0, 0, 0, 1, 0, 1, 1, 0, 0, 0, 1]","[-0.84248, 0.0509, -1.61472, -0.21841, 2.37722, 1.25763, 0.41483, 0.32924, -1.39318, 0.05185, -1.28896, -0.31033, 1.37311, 1.47492, 1.90005, -1.22151]","[1.04928, 1.04554, -1.05805, 1.05984, -1.06379, -1.07204, -1.06622, -1.06983]"
165,"[0, 0, 1, 0, 1, 1, 1, 0]","[0, 0, 1, 0, 1, 1, 1, 0]",,"[1, 1, 0, 0, 1, 1, 1, 0, 0, 1, 0, 0, 1, 1, 1, 0]","[-0.04711, -1.37351, 0.32252, 0.09022, -0.60843, -0.95162, -0.90009, 0.70796, 1.42216, -1.76842, 1.47165, 0.93996, -1.79407, -0.25376, -0.31344, 0.69743]","[1.05241, 1.05202, -1.0503, 1.05161, -1.04139, -1.05103, -1.05212, 1.05163]"
166,"[0, 0, 1, 0, 1, 1, 0, 0]","[0, 0, 1, 0, 1, 1, 0, 0]",,"[1, 1, 1, 0, 0, 1, 0, 0, 1, 1, 1, 0, 0, 1, 0, 0]","[-1.04155, -0.4309, -1.39239, 0.11487, 0.64417, -0.34654, 2.24296, 2.0559, -2.02062, -2.6218, -0.93829, 1.47494, 0.05154, -0.74687, 0.7725, 1.28662]","[1.05044, 1.0481, -1.04902, 1.04805, -1.05011, -1.05132, 1.0492, 1.04939]"
167,"[0, 0, 1, 0, 1, 0, 1, 1]","[0, 0, 1, 0, 1, 0, 1, 1]",,"[0, 1, 0, 0, 1, 1, 0, 1, 0, 1, 1, 1, 1, 1, 1, 1]","[1.69685, -0.08688, 0.16248, 0.33744, -0.6387, -1.22633, 2.401, -1.91489, 0.42092, -0.81314, -0.99928, -0.29382, -0.13148, -1.96448, -0.42313, -0.53313]","[1.04293, 0.84428, -1.04514, 0.95927, -1.04685, 1.05348, -1.04578, -1.04617]"
168,"[0, 0, 1, 0, 1, 0, 1, 0]","[0, 0, 1, 0, 1, 0, 1, 0]",,"[1, 0, 0, 0, 0, 0, 1, 0, 1, 0, 0, 0, 0, 0, 1, 0]","[-0.43716, 0.28564, 2.65668, 2.04011, 0.55133, 0.51103, -1.08751, 1.33184, -0.47132, 0.64164, 0.61646, 2.26066, 0.677, 1.53345, -1.89128, 1.31284]","[1.05078, 1.04907, -1.05292, 1.05079, -1.05004, 1.05227, -1.0528, 1.05199]"
169,"[0, 0, 1, 0, 1, 0, 0, 1]","[0, 0, 1, 0, 1, 0, 0, 1]",,"[1, 1, 0, 1, 0, 1, 1, 1, 0, 1, 0, 1, 0, 1, 1, 1]","[-0.61048, -0.11006, 2.0443, -0.91639, 0.36987, -1.15809, -2.07986, -0.93644, 0.37319, -1.06994, 1.14729, -0.74695, 0.63023, -0.74012, -2.26732, -0.40809]","[1.05143, 1.04851, -1.04843, 1.04954, -1.05223, 1.05039, 1.05068, -1.04552]"
170,"[0, 0, 1, 0, 1, 0, 0, 0]","[0, 0, 1, 0, 1, 0, 0, 0]",,"[1, 0, 1, 0, 1, 0, 0, 0, 0, 0, 1, 0, 1, 0, 1, 0]","[-1.18482, 1.5802, -1.33847, 1.66876, -2.00266, 1.26284, 0.69475, 1.18388, 0.04954, 1.07385, -0.21042, 1.17281, -0.74357, 2.07557, -0.10021, 0.03456]","[1.04757, 1.05188, -1.03768, 1.04907, -1.00868, 1.04531, 1.04965, 1.04663]"
171,"[0, 0, 1, 0, 0, 1, 1, 1]","[0, 0, 1, 0, 0, 1, 1, 1]",,"[0, 0, 1, 1, 1, 0, 0, 1, 0, 0, 1, 1, 1, 0, 0, 1]","[0.17884, 1.20809, -0.80878, -1.39441, -1.00844, 0.44734, 0.83658, -0.04436, 1.9898, 1.3413, -1.48014, -0.8189, -0.96782, 0.29056, 1.89754, -0.54447]","[1.05153, 1.05173, -1.04987, 1.05144, 1.0532, -1.05227, -1.05063, -1.05128]"
172,"[0, 0, 1, 0, 0, 1, 0, 1]","[0, 1, 1, 0, 1, 1, 0, 1]",,"[1, 0, 0, 0, 1, 0, 1, 1, 1, 0, 0, 1, 0, 0, 0, 1]","[-0.63805, 1.40785, 0.52318, 0.31605, -0.05008, 1.93106, -0.05854, -0.46171, -1.11781, 0.75495, 0.96033, -1.65668, 1.68195, 0.86707, 0.0697, -0.32186]","[1.01834, -1.01778, -1.04023, 0.89634, -0.76895, -1.05772, 1.04701, -1.0362]"
173,"[0, 0, 1, 0, 0, 1, 0, 0]","[0, 0, 0, 0, 1, 1, 0, 0]",,"[1, 1, 1, 0, 1, 0, 0, 0, 0, 1, 0, 0, 0, 1, 0, 0]","[-0.01217, -1.01694, -1.33744, 1.92987, -2.69211, 0.16033, 0.70272, 1.24706, 1.19206, -1.60739, 0.33756, 0.79216, 0.80245, -0.02575, 0.28188, 0.79134]","[1.0375, 1.04995, 1.06523, 1.04981, -1.04347, -1.03864, 1.04738, 1.04628]"
174,"[0, 0, 1, 0, 0, 0, 1, 1]","[0, 0, 1, 0, 0, 0, 1, 1]",,"[1, 1, 1, 1, 0, 0, 0, 1, 1, 1, 1, 1, 0, 1, 0, 1]","[-1.28553, -1.37684, -1.2967, -0.59224, 1.23046, 0.14508, 2.0312, -1.73071, -1.52122, -0.92025, -0.46097, -1.1535, 1.44239, -0.87631, 1.09844, -2.33097]","[1.05149, 1.07052, -1.0378, 1.03441, 1.03622, 1.07722, -1.03111, -1.03376]"
175,"[0, 0, 1, 0, 0, 0, 1, 0]","[0, 0, 1, 0, 0, 0, 1, 0]",,"[0, 0, 0, 0, 1, 0, 1, 1, 0, 0, 0, 0, 1, 0, 1, 0]","[2.1195, 0.37291, 1.364, 0.63301, -1.5521, 2.27114, -0.89714, -0.04239, 0.70476, 0.60007, 1.21596, 1.2018, -1.49091, 0.11069, -0.48668, 0.35964]","[1.05719, 1.07258, -1.06546, 1.08702, 1.05225, 1.07701, -1.06678, 1.07789]"
176,"[0, 0, 1, 0, 0, 0, 0, 1]","[0, 0, 0, 0, 0, 0, 0, 1]",,"[0, 1, 1, 1, 1, 1, 1, 1, 0, 1, 0, 0, 1, 1, 1, 1]","[0.90279, -0.77697, -0.30402, -0.72736, -0.47127, -1.42341, -1.41548, -0.05035, 0.61781, -1.20223, 0.68269, 0.37269, -0.91372, -1.41971, -1.62255, -1.06311]","[1.05089, 1.05472, 1.03444, 1.06843, 1.04675, 1.0493, 1.05108, -1.03076]"
177,"[0, 0, 1, 0, 0, 0, 0, 0]","[0, 0, 1, 0, 0, 0, 0, 0]",,"[0, 1, 1, 0, 0, 0, 0, 0, 1, 0, 1, 0, 0, 0, 0, 0]","[0.23628, -0.2477, -1.79505, 0.80904, 1.21372, 1.27261, 0.40097, 1.55284, -0.83801, 2.46747, -1.44202, 0.40932, 0.67847, 1.63954, 1.62209, 1.72643]","[1.05254, 1.06216, -1.05207, 1.05172, 1.05341, 1.05146, 1.05263, 1.05215]"
178,"[0, 0, 0, 1, 1, 1, 1, 1]","[0, 0, 0, 1, 1, 1, 1, 1]",,"[1, 1, 1, 0, 0, 0, 0, 1, 1, 1, 1, 0, 0, 1, 0, 1]","[-1.22538, -0.13045, -0.68114, 1.48354, 1.64014, 0.12083, 0.94157, -0.33651, -2.34991, -1.33276, -0.35667, 0.63476, 2.20066, -0.07406, 0.85692, -1.11743]","[1.0544, 1.05585, 1.0618, -1.04742, -1.04636, -1.04539, -1.05392, -1.05013]"
179,"[0, 0, 0, 1, 1, 1, 1, 0]","[0, 0, 0, 1, 1, 1, 1, 0]",,"[0, 0, 0, 1, 1, 1, 0, 0, 0, 0, 0, 1, 1, 1, 1, 0]","[1.50563, 0.57373, 0.19809, -0.98846, -0.91621, -0.68807, 0.50055, 2.40707, 0.66309, 0.84393, 0.80191, -1.32655, -0.53151, -0.74613, -2.18444, 1.09753]","[1.04036, 1.04918, 1.02596, -1.03796, -1.05335, -1.04608, -1.05668, 1.02962]"
180,"[0, 0, 0, 1, 1, 1, 0, 1]","[0, 0, 0, 1, 1, 1, 0, 1]",,"[0, 1, 0, 0, 1, 0, 1, 0, 0, 1, 0, 0, 1, 0, 1, 1]","[0.58067, -1.62067, 1.12076, 1.13627, -0.16853, 2.12766, -0.67692, 0.0262, 1.48374, -1.62679, 0.48145, 1.50667, -1.26302, 0.94179, -0.88313, -1.00262]","[1.05027, 1.05091, 1.04321, -1.03959, -1.04929, -1.04518, 1.0513, -1.04344]"
181,"[0, 0, 0, 1, 1, 1, 0, 0]","[0, 1, 0, 1, 1, 1, 0, 0]",,"[0, 1, 1, 1, 0, 1, 0, 0, 0, 0, 1, 1, 0, 1, 0, 0]","[0.08958, -0.33759, -0.26165, -1.65414, 0.84671, -0.5535, 1.61508, 0.04803, 0.22449, 0.12476, -1.15233, -1.24492, 2.04291, -1.28257, 1.08334, 0.31471]","[1.04971, -1.03386, 1.04921, -1.04413, -1.0513, -1.04849, 1.04841, 1.04889]"
182,"[0, 0, 0, 1, 1, 0, 1, 1]","[0, 0, 1, 1, 1, 0, 1, 1]",,"[0, 0, 0, 0, 1, 1, 0, 1, 0, 0, 1, 1, 1, 1, 0, 1]","[0.89921, 0.95336, 0.50223, 1.06542, -0.13163, -0.78857, 1.53319, -1.15256, 1.6911, 0.88111, -0.93816, -0.41656, -0.49828, -1.45099, 1.9733, -1.60085]","[1.05092, 1.03313, -1.04162, -0.94083, -1.04488, 1.05865, -1.04911, -1.04633]"
183,"[0, 0, 0, 1, 1, 0, 1, 0]","[0, 0, 0, 1, 1, 0, 1, 0]",,"[1, 1, 0, 1, 0, 0, 1, 0, 1, 1, 0, 1, 0, 0, 1, 0]","[-0.46133, -0.89112, 1.955, -0.31304, 1.05368, 0.63609, -2.27896, 1.29685, -1.03194, -0.57469, 1.12371, -1.43549, 0.50455, 1.99983, -0.06493, 0.60904]","[1.05076, 1.04975, 1.05036, -1.05277, -1.04979, 1.05225, -1.05296, 1.05212]"
184,"[0, 0, 0, 1, 1, 0, 0, 1]","[0, 0, 0, 1, 1, 0, 0, 1]",,"[1, 0, 0, 0, 0, 1, 1, 1, 1, 0, 0, 0, 1, 1, 1, 1]","[-0.72644, 1.55598, 1.65829, 0.72111, 1.75032, -0.27339, -1.89421, -1.50918, -2.4382, 0.27284, 0.08577, 0.84186, -0.05741, -0.35638, -0.32455, -0.91328]","[1.05085, 1.04602, 1.04623, -1.04958, -1.05482, 1.04894, 1.04943, -1.04939]"
185,"[0, 0, 0, 1, 1, 0, 0, 0]","[0, 0, 0, 1, 1, 0, 0, 0]",,"[0, 1, 1, 1, 1, 0, 0, 0, 1, 1, 1, 1, 1, 0, 0, 0]","[0.46714, -0.98395, -2.3594, -1.82581, -1.11697, 1.43297, 1.42765, 0.35798, -0.33626, -1.19482, -0.39226, -0.5566, -1.99609, 0.59079, 0.31263, 0.0058]","[1.05145, 1.04891, 1.0466, -1.03533, -1.03828, 1.04924, 1.04814, 1.04901]"
186,"[0, 0, 0, 1, 0, 1, 1, 1]","[0, 0, 0, 1, 0, 1, 1, 1]",,"[0, 1, 1, 0, 1, 0, 0, 1, 0, 1, 1, 0, 1, 0, 0, 1]","[1.29132, -0.78852, -1.2044, 0.43158, -1.90965, 0.65843, 2.10563, -0.55179, 1.89427, -0.57598, -1.05863, 1.37231, -1.3996, 0.49487, 1.84993, -0.22977]","[1.0514, 1.05203, 1.04974, -1.05273, 1.0537, -1.05209, -1.0507, -1.05115]"
187,"[0, 0, 0, 1, 0, 1, 1, 0]","[0, 0, 0, 1, 1, 0, 0, 1]",,"[0, 0, 0, 1, 0, 1, 1, 1, 1, 0, 0, 0, 0, 1, 1, 1]","[0.24863, 1.02154, 0.95758, -1.34101, 0.08035, -0.98353, -0.72207, -0.36618, -1.62609, 1.68614, 2.11969, 0.69028, 0.71756, -2.01285, -0.88584, -0.03655]","[1.05272, 1.04988, 1.04728, -1.0222, -1.05284, 1.05178, 1.05155, -1.0518]"
188,"[0, 0, 0, 1, 0, 1, 0, 1]","[0, 0, 0, 1, 0, 1, 0, 1]",,"[1, 1, 0, 0, 0, 0, 0, 1, 1, 1, 0, 0, 0, 0, 1, 1]","[-0.50319, -2.13457, 0.49045, 1.20042, 0.95162, 2.02346, 0.3287, -1.13812, -0.97891, -1.41897, 1.09646, 2.12115, 0.94774, 0.81995, -1.49563, -1.13207]","[1.05208, 1.04638, 1.04777, -1.05069, 1.04268, -1.05456, 1.06427, -1.0499]"
189,"[0, 0, 0, 1, 0, 1, 0, 0]","[0, 0, 1, 0, 0, 1, 0, 0]",,"[0, 1, 1, 0, 1, 1, 0, 0, 0, 0, 0, 1, 1, 1, 0, 0]","[1.01215, -0.06494, -1.25857, 0.54869, -1.77353, -1.26328, 0.45264, 1.10962, 0.89963, 0.57867, 0.85917, -1.79933, -2.01146, -0.53568, 0.90127, 0.9496]","[1.04986, 1.04648, -1.04189, 0.9872, 1.0503, -1.04197, 1.04866, 1.04911]"
190,"[0, 0, 0, 1, 0, 0, 1, 1]","[0, 0, 0, 1, 0, 0, 1, 1]",,"[1, 0, 1, 0, 0, 1, 0, 1, 1, 0, 1, 0, 0, 1, 0, 1]","[-1.38254, 1.45492, -0.37531, 1.4923, 0.7727, -1.77965, 1.0754, -1.89025, -1.92588, 1.80952, -0.79052, 0.64757, 0.4332, -0.88215, 0.64014, -0.48884]","[1.04998, 1.05278, 1.05286, -1.0497, 1.05207, 1.05131, -1.05115, -1.05111]"
191,"[0, 0, 0, 1, 0, 0, 1, 0]","[0, 0, 0, 1, 0, 0, 1, 0]",,"[0, 1, 0, 1, 1, 0, 1, 0, 0, 1, 0, 0, 1, 0, 1, 0]","[1.1281, -2.63437, 2.18199, -1.82507, -1.07436, 0.11423, -0.42768, 2.54084, 0.95935, -1.0149, 1.22158, 0.02795, -1.60033, 0.45555, -0.60055, 1.00756]","[1.05214, 1.01128, 1.03307, -1.03447, 1.056, 1.05126, -1.04949, 1.05026]"
192,"[0, 0, 0, 1, 0, 0, 0, 1]","[0, 0, 0, 1, 0, 0, 0, 1]",,"[0, 0, 0, 0, 1, 1, 1, 1, 0, 0, 0, 0, 0, 1, 1, 1]","[0.03644, 0.73677, 0.1746, 0.72093, -1.69424, -1.0652, -1.94664, -1.85779, 2.0351, 1.1251, 2.64579, 0.34975, 0.12007, -0.59859, -0.98195, -1.77022]","[1.05017, 1.04098, 1.04631, -1.05477, 1.02629, 1.04804, 1.04969, -1.05198]"
193,"[0, 0, 0, 1, 0, 0, 0, 0]","[0, 0, 0, 1, 0, 0, 0, 0]",,"[1, 1, 1, 1, 0, 0, 0, 0, 1, 1, 1, 1, 0, 0, 0, 0]","[-1.11537, -0.36251, -1.28421, -1.66754, 1.31895, 1.23255, 1.37328, 0.85517, -0.42864, -0.9947, -1.29585, -0.94366, 1.68085, 1.07826, 0.76351, 1.50789]","[1.05358, 1.05345, 1.0541, -1.04933, 1.05411, 1.05287, 1.05344, 1.05323]"
194,"[0, 0, 0, 0, 1, 1, 1, 1]","[0, 0, 0, 0, 1, 1, 1, 1]",,"[0, 0, 0, 1, 0, 0, 0, 1, 0, 0, 0, 1, 1, 0, 0, 1]","[1.02688, 0.04324, 2.26766, -0.08526, 0.85128, 2.00208, 2.09862, -1.86403, 0.42459, 0.48424, 1.7259, -0.66291, -1.12785, 0.30269, 1.38421, -1.19379]","[1.05109, 1.05022, 1.04742, 1.04969, -1.03647, -1.05386, -1.05144, -1.0536]"
195,"[0, 0, 0, 0, 1, 1, 0, 1]","[0, 0, 0, 0, 1, 1, 0, 1]",,"[1, 0, 1, 0, 1, 0, 1, 1, 1, 0, 1, 1, 1, 0, 1, 1]","[-2.29215, 1.81067, -0.72479, 0.43621, -0.35404, 0.69196, -0.28028, -0.89672, -1.80467, 3.37059, -1.32224, -0.64777, -1.76429, 0.75945, -0.04489, -1.60024]","[1.0542, 1.0493, 1.05223, 1.022, -1.0473, -1.05257, 1.0533, -1.05221]"
196,"[0, 0, 0, 0, 1, 0, 1, 1]","[0, 1, 1, 1, 1, 0, 1, 1]",,"[1, 1, 0, 0, 1, 1, 0, 1, 0, 1, 0, 1, 1, 1, 0, 1]","[-1.47437, -0.74763, 1.84183, 0.41987, -2.13342, -2.05433, 1.43957, -1.11846, 0.25551, -0.13105, 0.94515, -1.36402, -1.23067, -0.54171, 0.84003, -0.84844]","[1.05252, -1.03126, -1.02469, -0.98248, -1.00222, 1.05897, -1.04952, -1.04683]"
197,"[0, 0, 0, 0, 1, 0, 1, 0]","[0, 0, 0, 0, 1, 0, 1, 0]",,"[0, 0, 1, 0, 0, 0, 1, 0, 0, 0, 1, 0, 0, 0, 1, 0]","[1.10688, 0.35274, -1.33362, 1.31043, 0.67946, 0.53675, -2.05021, 1.10664, 0.21329, 1.27171, -0.92791, 0.95946, 1.33375, 1.23601, -1.03968, 0.68788]","[1.05066, 1.04928, 1.05035, 1.05044, -1.04946, 1.05213, -1.0531, 1.05187]"
198,"[0, 0, 0, 0, 1, 0, 0, 1]","[0, 0, 0, 0, 1, 0, 0, 1]",,"[0, 1, 1, 1, 0, 1, 1, 1, 0, 1, 1, 1, 0, 1, 1, 1]","[2.87834, -0.29007, -1.04161, -0.16889, 0.42709, -1.86491, -0.96364, -1.97536, 0.20557, -0.88934, -1.43422, -1.66262, 1.01526, -0.42887, -1.00683, -1.89996]","[1.05341, 1.05136, 1.05148, 1.05125, -1.0559, 1.05186, 1.05219, -1.0524]"
199,"[0, 0, 0, 0, 1, 0, 0, 0]","[0, 0, 0, 0, 1, 0, 0, 0]",,"[1, 0, 0, 0, 1, 0, 0, 0, 1, 0, 0, 0, 1, 0, 0, 0]","[-0.36764, 1.45242, 1.89968, 1.26356, -0.64014, 0.28312, 1.10518, 2.61573, -0.18407, 0.74466, 1.38025, 1.76801, -0.41504, 1.63252, 1.19832, 0.72339]","[1.05227, 1.05151, 1.05113, 1.05153, -1.05123, 1.05144, 1.05241, 1.0521]"
200,"[0, 0, 0, 0, 0, 1, 1, 1]","[0, 0, 0, 0, 0, 1, 1, 1]",,"[1, 0, 0, 1, 1, 0, 0, 1, 1, 0, 0, 1, 1, 0, 0, 1]","[-1.38383, 0.59553, 1.3861, -0.79525, -0.22828, 0.13851, 1.13027, -0.8367, -1.78236, 0.83416, 0.71755, -2.64572, -0.48892, 0.72164, 0.35799, -1.4477]","[1.05143, 1.052, 1.04994, 1.05141, 1.05472, -1.05183, -1.0504, -1.05094]"
201,"[0, 0, 0, 0, 0, 1, 0, 1]","[0, 0, 0, 0, 0, 1, 0, 1]",,"[0, 0, 1, 1, 0, 0, 1, 1, 1, 0, 1, 1, 0, 0, 1, 1]","[0.65951, 0.43642, -1.39177, -0.86825, 2.07011, 0.69162, -0.50806, -0.58187, -0.27851, 0.66601, -1.51295, -2.65297, 1.17756, 1.06064, -0.70393, -1.30151]","[1.05451, 1.05276, 1.05016, 1.04964, 1.051, -1.0505, 1.05337, -1.04542]"
202,"[0, 0, 0, 0, 0, 1, 0, 0]","[0, 0, 0, 0, 0, 1, 0, 0]",,"[1, 0, 0, 0, 1, 1, 0, 0, 1, 1, 0, 0, 1, 1, 0, 0]","[-0.49776, 1.1863, 1.65697, 0.89942, -0.5958, -0.65857, 1.32487, 1.0123, -0.14605, -1.07718, 0.93938, 1.18911, -0.65372, -0.58105, 1.20154, 0.59312]","[1.05022, 1.05441, 1.04572, 1.0488, 1.04729, -1.05125, 1.04929, 1.04943]"
203,"[0, 0, 0, 0, 0, 0, 1, 0]","[0, 0, 0, 0, 0, 0, 1, 0]",,"[0, 0, 1, 0, 1, 0, 1, 0, 1, 0, 1, 0, 1, 0, 1, 1]","[0.31634, 2.18274, -0.42538, 1.23045, -1.27252, 0.54143, -1.04289, 0.53622, -1.12515, 0.57783, -1.58704, 1.321, -0.30477, 1.31473, -0.91966, -0.15792]","[1.04398, 1.05989, 1.06057, 1.07532, 1.03116, 1.06419, -1.03579, 1.06041]"
204,"[0, 0, 0, 0, 0, 0, 0, 1]","[0, 0, 0, 0, 0, 0, 0, 1]",,"[1, 1, 0, 1, 1, 0, 1, 1, 1, 1, 1, 1, 1, 1, 1, 1]","[-1.39552, -2.58095, 0.72642, -0.61389, -0.85709, 0.29911, -0.6348, -0.76942, -1.64293, -1.17266, -2.4483, -0.85486, -1.20006, -1.84056, -1.13897, -0.04972]","[1.04974, 1.05538, 1.01859, 1.04766, 1.05153, 1.05094, 1.02131, -1.04466]"
