0,100,200,300,400,500,600,700,800,900,1000,1100,1200,1300,1400,1500,1600,1700,1800,1900,2000,2100,2200,2300,2400,2500,2600,2700,2800,2900,3000,3100,3200,3300,3400,3500,3600,3700,3800,3900,4000,4100,4200,4300,4400,4500,4600,4700,4800,4900,5000,5100,5200,5300,5400,5500,5600,5700,5800,5900,6000,6100,6200,6300,6400,6500,6600,6700,6800,6900,7000,7100,7200,7300,7400,7500,7600,7700,7800,7900,8000,8100,8200,8300,8400,8500,8600,8700,8800,8900,9000,9100,9200,9300,9400,9500,9600,9700,9800,9900,10000,10100,10200,10300,10400,10500,10600,10700,10800,10900,11000,11100,11200,11300,11400,11500,11600,11700,11800,11900,12000,12100,12200,12300,12400,12500,12600,12700,12800,12900,13000,13100,13200,13300,13400,13500,13600,13700,13800,13900,14000,14100,14200,14300,14400,14500,14600,14700,14800,14900,15000,15100,15200,15300,15400,15500,15600,15700,15800,15900,16000,16100,16200,16300,16400,16500,16600,16700,16800,16900,17000,17100,17200,17300,17400,17500,17600,17700,17800,17900,18000,18100,18200,18300,18400,18500,18600,18700,18800,18900,19000,19100,19200,19300,19400,19500,19600,19700,19800,19900,20000,20100,20200,20300,20400,20500,20600,20700,20800,20900,21000,21100,21200,21300,21400,21500,21600,21700,21800,21900,22000,22100,22200,22300,22400,22500,22600,22700,22800,22900,23000,23100,23200,23300,23400,23500,23600,23700,23800,23900,24000,24100,24200,24300,24400,24500,24600,24700,24800,24900,25000,25100,25200,25300,25400,25500,25600,25700,25800,25900,26000,26100,26200,26300,26400,26500,26600,26700,26800,26900,27000,27100,27200,27300,27400,27500,27600,27700,27800,27900,28000,28100,28200,28300,28400,28500,28600,28700,28800,28900,29000,29100,29200,29300,29400,29500,29600,29700,29800,29900,30000,30100,30200,30300,30400,30500,30600,30700,30800,30900,31000,31100,31200,31300,31400,31500,31600,31700,31800,31900,32000,32100,32200,32300,32400,32500,32600,32700,32800,32900,33000,33100,33200,33300,33400,33500,33600,33700,33800,33900,34000,34100,34200,34300,34400,34500,34600,34700,34800,34900,35000,35100,35200,35300,35400,35500,35600,35700,35800,35900,36000,36100,36200,36300,36400,36500,36600,36700,36800,36900,37000,37100,37200,37300,37400,37500,37600,37700,37800,37900,38000,38100,38200,38300,38400,38500,38600,38700,38800,38900,39000,39100,39200,39300,39400,39500,39600,39700,39800,39900,40000,40100,40200,40300,40400,40500,40600,40700,40800,40900,41000,41100,41200,41300,41400,41500,41600,41700,41800,41900,42000,42100,42200,42300,42400,42500,42600,42700,42800,42900,43000,43100,43200,43300,43400,43500,43600,43700,43800,43900,44000,44100,44200,44300,44400,44500,44600,44700,44800,44900,45000,45100,45200,45300,45400,45500,45600,45700,45800,45900,46000,46100,46200,46300,46400,46500,46600,46700,46800,46900,47000,47100,47200,47300,47400,47500,47600,47700,47800,47900,48000,48100,48200,48300,48400,48500,48600,48700,48800,48900,49000,49100,49200,49300,49400,49500,49600,49700,49800,49900,50000,50100,50200,50300,50400,50500,50600,50700,50800,50900,51000,51100,51200,51300,51400,51500,51600,51700,51800,51900,52000,52100,52200,52300,52400,52500,52600,52700,52800,52900,53000,53100,53200,53300,53400,53500,53600,53700,53800,53900,54000,54100,54200,54300,54400,54500,54600,54700,54800,54900,55000,55100,55200,55300,55400,55500,55600,55700,55800,55900,56000,56100,56200,56300,56400,56500,56600,56700,56800,56900,57000,57100,57200,57300,57400,57500,57600,57700,57800,57900,58000,58100,58200,58300,58400,58500,58600,58700,58800,58900,59000,59100,59200,59300,59400,59500,59600,59700,59800,59900,60000,60100,60200,60300,60400,60500,60600,60700,60800,60900,61000,61100,61200,61300,61400,61500,61600,61700,61800,61900,62000,62100,62200,62300,62400,62500,62600,62700,62800,62900,63000,63100,63200,63300,63400,63500,63600,63700,63800,63900,64000,64100,64200,64300,64400,64500,64600,64700,64800,64900,65000,65100,65200,65300,65400,65500,65600,65700,65800,65900,66000,66100,66200,66300,66400,66500,66600,66700,66800,66900,67000,67100,67200,67300,67400,67500,67600,67700,67800,67900,68000,68100,68200,68300,68400,68500,68600,68700,68800,68900,69000,69100,69200,69300,69400,69500,69600,69700,69800,69900,70000,70100,70200,70300,70400,70500,70600,70700,70800,70900,71000,71100,71200,71300,71400,71500,71600,71700,71800,71900,72000,72100,72200,72300,72400,72500,72600,72700,72800,72900,73000,73100,73200,73300,73400,73500,73600,73700,73800,73900,74000,74100,74200,74300,74400,74500,74600,74700,74800,74900,75000,75100,75200,75300,75400,75500,75600,75700,75800,75900,76000,76100,76200,76300,76400,76500,76600,76700,76800,76900,77000,77100,77200,77300,77400,77500,77600,77700,77800,77900,78000,78100,78200,78300,78400,78500,78600,78700,78800,78900,79000,79100,79200,79300,79400,79500,79600,79700,79800,79900,80000,80100,80200,80300,80400,80500,80600,80700,80800,80900,81000,81100,81200,81300,81400,81500,81600,81700,81800,81900,82000,82100,82200,82300,82400,82500,82600,82700,82800,82900,83000,83100,83200,83300,83400,83500,83600,83700,83800,83900,84000,84100,84200,84300,84400,84500,84600,84700,84800,84900,85000,85100,85200,85300,85400,85500,85600,85700,85800,85900,86000,86100,86200,86300,86400,86500,86600,86700,86800,86900,87000,87100,87200,87300,87400,87500,87600,87700,87800,87900,88000,88100,88200,88300,88400,88500,88600,88700,88800,88900,89000,89100,89200,89300,89400,89500,89600,89700,89800,89900,90000,90100,90200,90300,90400,90500,90600,90700,90800,90900,91000,91100,91200,91300,91400,91500,91600,91700,91800,91900,92000,92100,92200,92300,92400,92500,92600,92700,92800,92900,93000,93100,93200,93300,93400,93500,93600,93700,93800,93900,94000,94100,94200,94300,94400,94500,94600,94700,94800,94900,95000,95100,95200,95300,95400,95500,95600,95700,95800,95900,96000,96100,96200,96300,96400,96500,96600,96700,96800,96900,97000,97100,97200,97300,97400,97500,97600,97700,97800,97900,98000,98100,98200,98300,98400,98500,98600,98700,98800,98900,99000,99100,99200,99300,99400,99500,99600,99700,99800,99900,100000,100100,100200,100300,100400,100500,100600,100700,100800,100900,101000,101100,101200,101300,101400,101500,101600,101700,101800,101900,102000,102100,102200,102300,102400,102500,102600,102700,102800,102900,103000,103100,103200,103300,103400,103500,103600,103700,103800,103900,104000,104100,104200,104300,104400,104500,104600,104700,104800,104900,105000,105100,105200,105300,105400,105500,105600,105700,105800,105900,106000,106100,106200,106300,106400,106500,106600,106700,106800,106900,107000,107100,107200,107300,107400,107500,107600,107700,107800,107900,108000,108100,108200,108300,108400,108500,108600,108700,108800,108900,109000,109100,109200,109300,109400,109500,109600,109700,109800,109900,110000,110100,110200,110300,110400,110500,110600,110700,110800,110900,111000,111100,111200,111300,111400,111500,111600,111700,111800,111900,112000,112100,112200,112300,112400,112500,112600,112700,112800,112900,113000,113100,113200,113300,113400,113500,113600,113700,113800,113900,114000,114100,114200,114300,114400,114500,114600,114700,114800,114900,115000,115100,115200,115300,115400,115500,115600,115700,115800,115900,116000,116100,116200,116300,116400,116500,116600,116700,116800,116900,117000,117100,117200,117300,117400,117500,117600,117700,117800,117900,118000,118100,118200,118300,118400,118500,118600,118700,118800,118900,119000,119100,119200,119300,119400,119500,119600,119700,119800,119900,120000,120100,120200,120300,120400,120500,120600,120700,120800,120900,121000,121100,121200,121300,121400,121500,121600,121700,121800,121900,122000,122100,122200,122300,122400,122500,122600,122700,122800,122900,123000,123100,123200,123300,123400,123500,123600,123700,123800,123900,124000,124100,124200,124300,124400,124500,124600,124700,124800,124900,125000,125100,125200,125300,125400,125500,125600,125700,125800,125900,126000,126100,126200,126300,126400,126500,126600,126700,126800,126900,127000,127100,127200,127300,127400,127500,127600,127700,127800,127900,128000,128100,128200,128300,128400,128500,128600,128700,128800,128900,129000,129100,129200,129300,129400,129500,129600,129700,129800,129900,130000,130100,130200,130300,130400,130500,130600,130700,130800,130900,131000,131100,131200,131300,131400,131500,131600,131700,131800,131900,132000,132100,132200,132300,132400,132500,132600,132700,132800,132900,133000,133100,133200,133300,133400,133500,133600,133700,133800,133900,134000,134100,134200,134300,134400,134500,134600,134700,134800,134900,135000,135100,135200,135300,135400,135500,135600,135700,135800,135900,136000,136100,136200,136300,136400,136500,136600,136700,136800,136900,137000,137100,137200,137300,137400,137500,137600,137700,137800,137900,138000,138100,138200,138300,138400,138500,138600,138700,138800,138900,139000,139100,139200,139300,139400,139500,139600,139700,139800,139900,140000,140100,140200,140300,140400,140500,140600,140700,140800,140900,141000,141100,141200,141300,141400,141500,141600,141700,141800,141900,142000,142100,142200,142300,142400,142500,142600,142700,142800,142900,143000,143100,143200,143300,143400,143500,143600,143700,143800,143900,144000,144100,144200,144300,144400,144500,144600,144700,144800,144900,145000,145100,145200,145300,145400,145500,145600,145700,145800,145900,146000,146100,146200,146300,146400,146500,146600,146700,146800,146900,147000,147100,147200,147300,147400,147500,147600,147700,147800,147900,148000,148100,148200,148300,148400,148500,148600,148700,148800,148900,149000,149100,149200,149300,149400,149500,149600,149700,149800,149900,150000,150100,150200,150300,150400,150500,150600,150700,150800,150900,151000,151100,151200,151300,151400,151500,151600,151700,151800,151900,152000,152100,152200,152300,152400,152500,152600,152700,152800,152900,153000,153100,153200,153300,153400,153500,153600,153700,153800,153900,154000,154100,154200,154300,154400,154500,154600,154700,154800,154900,155000,155100,155200,155300,155400,155500,155600,155700,155800,155900,156000,156100,156200,156300,156400,156500,156600,156700,156800,156900,157000,157100,157200,157300,157400,157500,157600,157700,157800,157900,158000,158100,158200,158300,158400,158500,158600,158700,158800,158900,159000,159100,159200,159300,159400,159500,159600,159700,159800,159900,160000,160100,160200,160300,160400,160500,160600,160700,160800,160900,161000,161100,161200,161300,161400,161500,161600,161700,161800,161900,162000,162100,162200,162300,162400,162500,162600,162700,162800,162900,163000,163100,163200,163300,163400,163500,163600,163700,163800,163900,164000,164100,164200,164300,164400,164500,164600,164700,164800,164900,165000,165100,165200,165300,165400,165500,165600,165700,165800,165900,166000,166100,166200,166300,166400,166500,166600,166700,166800,166900,167000,167100,167200,167300,167400,167500,167600,167700,167800,167900,168000,168100,168200,168300,168400,168500,168600,168700,168800,168900,169000,169100,169200,169300,169400,169500,169600,169700,169800,169900,170000,170100,170200,170300,170400,170500,170600,170700,170800,170900,171000,171100,171200,171300,171400,171500,171600,171700,171800,171900,172000,172100,172200,172300,172400,172500,172600,172700,172800,172900,173000,173100,173200,173300,173400,173500,173600,173700,173800,173900,174000,174100,174200,174300,174400,174500,174600,174700,174800,174900,175000,175100,175200,175300,175400,175500,175600,175700,175800,175900,176000,176100,176200,176300,176400,176500,176600,176700,176800,176900,177000,177100,177200,177300,177400,177500,177600,177700,177800,177900,178000,178100,178200,178300,178400,178500,178600,178700,178800,178900,179000,179100,179200,179300,179400,179500,179600,179700,179800,179900,180000,180100,180200,180300,180400,180500,180600,180700,180800,180900,181000,181100,181200,181300,181400,181500,181600,181700,181800,181900,182000,182100,182200,182300,182400,182500,182600,182700,182800,182900,183000,183100,183200,183300,183400,183500,183600,183700,183800,183900,184000,184100,184200,184300,184400,184500,184600,184700,184800,184900,185000,185100,185200,185300,185400,185500,185600,185700,185800,185900,186000,186100,186200,186300,186400,186500,186600,186700,186800,186900,187000,187100,187200,187300,187400,187500,187600,187700,187800,187900,188000,188100,188200,188300,188400,188500,188600,188700,188800,188900,189000,189100,189200,189300,189400,189500,189600,189700,189800,189900,190000,190100,190200,190300,190400,190500,190600,190700,190800,190900,191000,191100,191200,191300,191400,191500,191600,191700,191800,191900,192000,192100,192200,192300,192400,192500,192600,192700,192800,192900,193000,193100,193200,193300,193400,193500,193600,193700,193800,193900,194000,194100,194200,194300,194400,194500,194600,194700,194800,194900,195000,195100,195200,195300,195400,195500,195600,195700,195800,195900,196000,196100,196200,196300,196400,196500,196600,196700,196800,196900,197000,197100,197200,197300,197400,197500,197600,197700,197800,197900,198000,198100,198200,198300,198400,198500,198600,198700,198800,198900,199000,199100,199200,199300,199400,199500,199600,199700,199800,199900
0.40818750858306885,0.2722249925136566,0.2386624962091446,0.24981249868869781,0.2529999911785126,0.25593748688697815,0.2545750141143799,0.2512874901294708,0.25113749504089355,0.2540000081062317,0.24934999644756317,0.2491375058889389,0.24947500228881836,0.24677500128746033,0.24582499265670776,0.24893750250339508,0.24746249616146088,0.2451999932527542,0.24307499825954437,0.2458374947309494,0.23909999430179596,0.23770000040531158,0.23759999871253967,0.23571249842643738,0.23444999754428864,0.23302499949932098,0.22996249794960022,0.23319999873638153,0.22696250677108765,0.22842499613761902,0.23132500052452087,0.23423750698566437,0.21744999289512634,0.2305999994277954,0.23343749344348907,0.2222750037908554,0.21823750436306,0.21707500517368317,0.22763749957084656,0.22151249647140503,0.219200000166893,0.21507500112056732,0.22261250019073486,0.22561250627040863,0.21770000457763672,0.22290000319480896,0.21843749284744263,0.2227874994277954,0.22088749706745148,0.21956250071525574,0.21969999372959137,0.2200624942779541,0.21451249718666077,0.21789999306201935,0.2252500057220459,0.22192500531673431,0.21905000507831573,0.2217250019311905,0.22161249816417694,0.22127500176429749,0.22345000505447388,0.22370000183582306,0.21677500009536743,0.2242874950170517,0.22456249594688416,0.2180124968290329,0.22276249527931213,0.22587500512599945,0.22293749451637268,0.22481249272823334,0.23038749396800995,0.22791250050067902,0.22688749432563782,0.2265625,0.22783750295639038,0.22648750245571136,0.22868749499320984,0.22345000505447388,0.2319750040769577,0.225724995136261,0.23154999315738678,0.22942499816417694,0.22327500581741333,0.2332250028848648,0.23403750360012054,0.23006249964237213,0.2340250015258789,0.23403750360012054,0.22705000638961792,0.234375,0.22366249561309814,0.22927500307559967,0.2282875031232834,0.2304999977350235,0.2359749972820282,0.23178750276565552,0.23157499730587006,0.23378750681877136,0.23583750426769257,0.22840000689029694,0.2341500073671341,0.23721249401569366,0.2332250028848648,0.2398499995470047,0.22789999842643738,0.23403750360012054,0.23518750071525574,0.23376250267028809,0.22949999570846558,0.23442499339580536,0.2368375062942505,0.2335125058889389,0.23565000295639038,0.23718750476837158,0.23871250450611115,0.23364999890327454,0.24648749828338623,0.23703749477863312,0.2383124977350235,0.23993749916553497,0.23469999432563782,0.23508749902248383,0.23298749327659607,0.24027499556541443,0.24291250109672546,0.23524999618530273,0.24355000257492065,0.23782500624656677,0.23765000700950623,0.2380249947309494,0.23468750715255737,0.23811249434947968,0.23436249792575836,0.23691250383853912,0.24642500281333923,0.23774999380111694,0.2433374971151352,0.24269999563694,0.24237500131130219,0.24044999480247498,0.24456250667572021,0.2362000048160553,0.2457749992609024,0.24605000019073486,0.24002499878406525,0.23748749494552612,0.24021250009536743,0.2406875044107437,0.24287499487400055,0.24287499487400055,0.24034999310970306,0.24744999408721924,0.24642500281333923,0.24992500245571136,0.24564999341964722,0.23941250145435333,0.24171249568462372,0.2461874932050705,0.24112500250339508,0.2392124980688095,0.24449999630451202,0.2451999932527542,0.24546250700950623,0.24102500081062317,0.2520124912261963,0.2434374988079071,0.24531249701976776,0.24471250176429749,0.2504875063896179,0.24911250174045563,0.24642500281333923,0.24466249346733093,0.24773749709129333,0.2486875057220459,0.2530375123023987,0.24996249377727509,0.24400000274181366,0.24691249430179596,0.2443999946117401,0.24477499723434448,0.24888749420642853,0.24258750677108765,0.2439125031232834,0.24653750658035278,0.24547499418258667,0.2557874917984009,0.24866250157356262,0.24764999747276306,0.2460249960422516,0.24376249313354492,0.24917499721050262,0.24773749709129333,0.2527500092983246,0.24736249446868896,0.24687500298023224,0.2477625012397766,0.24762499332427979,0.2570124864578247,0.2566375136375427,0.2478249967098236,0.24334999918937683,0.2485249936580658,0.2543124854564667,0.24506250023841858,0.24940000474452972,0.2545750141143799,0.2467000037431717,0.2483375072479248,0.2513499855995178,0.2504499852657318,0.2485624998807907,0.24802500009536743,0.24793750047683716,0.24535000324249268,0.25347501039505005,0.25171250104904175,0.24844999611377716,0.25200000405311584,0.24921250343322754,0.2520749866962433,0.24997499585151672,0.2502250075340271,0.24992500245571136,0.25021249055862427,0.25372499227523804,0.25007501244544983,0.25388750433921814,0.24899999797344208,0.24819999933242798,0.2555750012397766,0.2625125050544739,0.2528750002384186,0.25751250982284546,0.25870001316070557,0.24867500364780426,0.25132501125335693,0.25407499074935913,0.2524249851703644,0.25200000405311584,0.24988749623298645,0.25257501006126404,0.2556000053882599,0.2480500042438507,0.24905000627040863,0.2483624964952469,0.25417500734329224,0.256012499332428,0.2598249912261963,0.25693750381469727,0.24563750624656677,0.2502000033855438,0.2598249912261963,0.25501251220703125,0.2536500096321106,0.24911250174045563,0.2513749897480011,0.255887508392334,0.25554999709129333,0.2548750042915344,0.2582874894142151,0.2552874982357025,0.25568750500679016,0.2594749927520752,0.24662500619888306,0.25187501311302185,0.2527250051498413,0.25423750281333923,0.2544125020503998,0.2596625089645386,0.25314998626708984,0.26100000739097595,0.25612500309944153,0.25712499022483826,0.25804999470710754,0.25821250677108765,0.26003751158714294,0.260699987411499,0.25505000352859497,0.25773748755455017,0.25367501378059387,0.2571125030517578,0.2583875060081482,0.2541624903678894,0.2511875033378601,0.25920000672340393,0.264787495136261,0.2652125060558319,0.2620750069618225,0.2707875072956085,0.26787498593330383,0.2670624852180481,0.2621749937534332,0.26563748717308044,0.2625125050544739,0.26455000042915344,0.26019999384880066,0.2660124897956848,0.2524249851703644,0.2630249857902527,0.26858749985694885,0.25874999165534973,0.26871249079704285,0.2608124911785126,0.2675125002861023,0.26596251130104065,0.27262499928474426,0.27623748779296875,0.2696000039577484,0.2655875086784363,0.2726125121116638,0.26688748598098755,0.2693749964237213,0.2694999873638153,0.2730250060558319,0.26980000734329224,0.2622624933719635,0.2631624937057495,0.2649500072002411,0.266337513923645,0.2807124853134155,0.26304998993873596,0.2749750018119812,0.2613374888896942,0.26442500948905945,0.27241250872612,0.279574990272522,0.25737500190734863,0.2673499882221222,0.26524999737739563,0.26838749647140503,0.2784999907016754,0.2701374888420105,0.2696250081062317,0.2789750099182129,0.27619999647140503,0.2734375,0.2780125141143799,0.28476250171661377,0.2720625102519989,0.2698749899864197,0.26977500319480896,0.26983749866485596,0.27482500672340393,0.27213749289512634,0.28283751010894775,0.2789500057697296,0.27348750829696655,0.27557501196861267,0.272599995136261,0.27438750863075256,0.2787874937057495,0.27691251039505005,0.2810499966144562,0.2747499942779541,0.2762874960899353,0.2866375148296356,0.28203749656677246,0.2664875090122223,0.2771250009536743,0.27742499113082886,0.2739124894142151,0.27022498846054077,0.27755001187324524,0.28453749418258667,0.2723875045776367,0.2911374866962433,0.280162513256073,0.2904374897480011,0.28538748621940613,0.2967875003814697,0.2906250059604645,0.29471251368522644,0.28366249799728394,0.28224998712539673,0.28744998574256897,0.28334999084472656,0.27758750319480896,0.29788750410079956,0.2883875072002411,0.28987500071525574,0.2928999960422516,0.2928999960422516,0.3020249903202057,0.27711251378059387,0.2870124876499176,0.2838749885559082,0.28152498602867126,0.289187490940094,0.27861249446868896,0.28665000200271606,0.2938250005245209,0.2920374870300293,0.2920624911785126,0.27744999527931213,0.2876625061035156,0.28529998660087585,0.298799991607666,0.2854124903678894,0.2904624938964844,0.2842249870300293,0.2837125062942505,0.28597500920295715,0.2872749865055084,0.28679999709129333,0.29782500863075256,0.2841250002384186,0.2770250141620636,0.2833000123500824,0.29282501339912415,0.30055001378059387,0.2910749912261963,0.2934499979019165,0.2940250039100647,0.2875249981880188,0.2778500020503998,0.27639999985694885,0.2920125126838684,0.288224995136261,0.28610000014305115,0.2993749976158142,0.2866249978542328,0.28277501463890076,0.2876875102519989,0.28741249442100525,0.2877750098705292,0.29013749957084656,0.2840375006198883,0.3081749975681305,0.2838999927043915,0.2928124964237213,0.28894999623298645,0.2880750000476837,0.27886250615119934,0.28734999895095825,0.2820749878883362,0.2866375148296356,0.28503748774528503,0.2907625138759613,0.2885749936103821,0.2870999872684479,0.28347501158714294,0.2943125069141388,0.2911750078201294,0.2839624881744385,0.28228750824928284,0.2918125092983246,0.2996250092983246,0.2939000129699707,0.28247499465942383,0.2793999910354614,0.27621251344680786,0.29606249928474426,0.28731250762939453,0.29464998841285706,0.28693750500679016,0.28853750228881836,0.2978000044822693,0.3015500009059906,0.29464998841285706,0.3012374937534332,0.29731249809265137,0.29022499918937683,0.3079875111579895,0.29179999232292175,0.29468750953674316,0.298550009727478,0.29820001125335693,0.2973625063896179,0.2931874990463257,0.2987625002861023,0.30125001072883606,0.30239999294281006,0.29534998536109924,0.2914625108242035,0.2960500121116638,0.2923375070095062,0.2936500012874603,0.2983250021934509,0.29563748836517334,0.30192500352859497,0.3056749999523163,0.30082499980926514,0.30101248621940613,0.2945375144481659,0.3031249940395355,0.29622501134872437,0.29682499170303345,0.29493749141693115,0.2921625077724457,0.2906000018119812,0.2934874892234802,0.3035750091075897,0.28782498836517334,0.2941874861717224,0.2933250069618225,0.2999249994754791,0.3017125129699707,0.29100000858306885,0.2931250035762787,0.2903999984264374,0.30178749561309814,0.29442501068115234,0.2964625060558319,0.29688748717308044,0.29295000433921814,0.29711249470710754,0.290737509727478,0.2975499927997589,0.2973000109195709,0.3058125078678131,0.29388749599456787,0.2957249879837036,0.2932499945163727,0.2989250123500824,0.2952499985694885,0.29789999127388,0.3076624870300293,0.2979375123977661,0.29750001430511475,0.2935500144958496,0.29567500948905945,0.30322501063346863,0.2995874881744385,0.30082499980926514,0.3035750091075897,0.28964999318122864,0.3056125044822693,0.2971000075340271,0.296750009059906,0.295074999332428,0.29823750257492065,0.29945001006126404,0.2942875027656555,0.29877498745918274,0.2920374870300293,0.29941248893737793,0.2917500138282776,0.28833749890327454,0.2837125062942505,0.29721251130104065,0.29711249470710754,0.29112499952316284,0.3053874969482422,0.3011375069618225,0.29852500557899475,0.29567500948905945,0.29871249198913574,0.30842500925064087,0.28423750400543213,0.2983250021934509,0.30055001378059387,0.3090375065803528,0.30836251378059387,0.2956624925136566,0.2887125015258789,0.29503750801086426,0.3023875057697296,0.30098751187324524,0.2946000099182129,0.306487500667572,0.29704999923706055,0.2980499863624573,0.30262500047683716,0.298550009727478,0.29977500438690186,0.2971625030040741,0.2986625134944916,0.3088124990463257,0.2983874976634979,0.30598750710487366,0.3042750060558319,0.3032374978065491,0.3020625114440918,0.3154999911785126,0.30601251125335693,0.3026624917984009,0.3059999942779541,0.31027498841285706,0.3032500147819519,0.299699991941452,0.29686251282691956,0.2966249883174896,0.30502501130104065,0.30300000309944153,0.30293750762939453,0.3007749915122986,0.2988249957561493,0.30182498693466187,0.30082499980926514,0.2981874942779541,0.3029249906539917,0.306362509727478,0.30594998598098755,0.28796249628067017,0.303600013256073,0.30998748540878296,0.3102000057697296,0.31818750500679016,0.3006500005722046,0.29496249556541443,0.30169999599456787,0.306612491607666,0.30496248602867126,0.3043749928474426,0.30098751187324524,0.2939000129699707,0.2929624915122986,0.29820001125335693,0.30709999799728394,0.3091124892234802,0.30399999022483826,0.3138999938964844,0.30550000071525574,0.3016124963760376,0.3059749901294708,0.3070875108242035,0.3049125075340271,0.2980000078678131,0.30067500472068787,0.29980000853538513,0.3097124993801117,0.31117498874664307,0.3002375066280365,0.3084625005722046,0.30393749475479126,0.3099125027656555,0.2998749911785126,0.30799999833106995,0.3082750141620636,0.30982500314712524,0.30992498993873596,0.2946000099182129,0.3178499937057495,0.3030624985694885,0.29596251249313354,0.29737499356269836,0.2964625060558319,0.3051624894142151,0.2992999851703644,0.30869999527931213,0.30457499623298645,0.3108749985694885,0.3046624958515167,0.3095000088214874,0.31062498688697815,0.3146125078201294,0.30841249227523804,0.31072500348091125,0.3092750012874603,0.31652501225471497,0.3148374855518341,0.3077250123023987,0.3039500117301941,0.305649995803833,0.30515000224113464,0.3080124855041504,0.30329999327659607,0.3061999976634979,0.3027375042438507,0.2983750104904175,0.3096500039100647,0.3027375042438507,0.3072499930858612,0.30368751287460327,0.31482499837875366,0.3113875091075897,0.30476251244544983,0.30399999022483826,0.306674987077713,0.30921250581741333,0.3026125133037567,0.30621251463890076,0.30373749136924744,0.30348750948905945,0.31113749742507935,0.296750009059906,0.30535000562667847,0.2926875054836273,0.3000749945640564,0.3095625042915344,0.30515000224113464,0.3050749897956848,0.30285000801086426,0.30281248688697815,0.303787499666214,0.3092249929904938,0.3086250126361847,0.3075999915599823,0.2990874946117401,0.30364999175071716,0.28993749618530273,0.3062250018119812,0.30684998631477356,0.31043750047683716,0.3125999867916107,0.3049125075340271,0.30781251192092896,0.3063499927520752,0.30992498993873596,0.3078624904155731,0.30453750491142273,0.3052000105381012,0.30512499809265137,0.3101249933242798,0.30217498540878296,0.3041374981403351,0.30131250619888306,0.3002375066280365,0.3061375021934509,0.3043000102043152,0.2971250116825104,0.3085874915122986,0.3078500032424927,0.3044624924659729,0.30703750252723694,0.3043000102043152,0.30094999074935913,0.2994999885559082,0.3092750012874603,0.3127875030040741,0.310637503862381,0.3032374978065491,0.30767500400543213,0.3138999938964844,0.30822500586509705,0.31437501311302185,0.30371248722076416,0.3087249994277954,0.3009999990463257,0.3094249963760376,0.29401248693466187,0.30640000104904175,0.29963749647140503,0.30781251192092896,0.30744999647140503,0.29746249318122864,0.30774998664855957,0.310762494802475,0.3063249886035919,0.3055500090122223,0.3048500120639801,0.3011375069618225,0.3052000105381012,0.30233749747276306,0.30562499165534973,0.31037500500679016,0.31732499599456787,0.3081125020980835,0.30633750557899475,0.3083750009536743,0.29967498779296875,0.30303749442100525,0.30169999599456787,0.31029999256134033,0.3078249990940094,0.3044374883174896,0.3152250051498413,0.31226250529289246,0.310637503862381,0.3119624853134155,0.30684998631477356,0.31014999747276306,0.3020625114440918,0.30614998936653137,0.3073124885559082,0.3090125024318695,0.3072499930858612,0.31165000796318054,0.31148749589920044,0.306549996137619,0.30524998903274536,0.3065375089645386,0.3102250099182129,0.3063875138759613,0.3118875026702881,0.3078249990940094,0.2955000102519989,0.3136875033378601,0.30744999647140503,0.3072749972343445,0.29932498931884766,0.3125250041484833,0.30726251006126404,0.3043749928474426,0.31171250343322754,0.2982875108718872,0.31946250796318054,0.3097124993801117,0.3120124936103821,0.32593750953674316,0.3052375018596649,0.3143250048160553,0.30986249446868896,0.30101248621940613,0.30861249566078186,0.3145250082015991,0.3033375144004822,0.30951249599456787,0.3016375005245209,0.31206250190734863,0.31021249294281006,0.30571249127388,0.30836251378059387,0.3013874888420105,0.31693750619888306,0.3061625063419342,0.3141250014305115,0.3088749945163727,0.3151499927043915,0.3137874901294708,0.30877500772476196,0.31008750200271606,0.30578750371932983,0.3095625042915344,0.31058749556541443,0.2949250042438507,0.3154500126838684,0.3164624869823456,0.3230000138282776,0.3165374994277954,0.3092249929904938,0.3103500008583069,0.30643749237060547,0.3111250102519989,0.31084999442100525,0.31322500109672546,0.29774999618530273,0.3135625123977661,0.3104250133037567,0.3087500035762787,0.31478750705718994,0.3018999993801117,0.3076249957084656,0.31894999742507935,0.31981250643730164,0.3140124976634979,0.31372499465942383,0.298612505197525,0.30992498993873596,0.3182874917984009,0.3161124885082245,0.3147124946117401,0.3178875148296356,0.3131999969482422,0.31402501463890076,0.31482499837875366,0.3001500070095062,0.31148749589920044,0.3132624924182892,0.3125374913215637,0.31632500886917114,0.3174999952316284,0.3143500089645386,0.31597501039505005,0.3212999999523163,0.3147749900817871,0.31213751435279846,0.328000009059906,0.3216249942779541,0.31562501192092896,0.3261750042438507,0.32245001196861267,0.32138749957084656,0.32346248626708984,0.3223625123500824,0.31679999828338623,0.3068625032901764,0.32083749771118164,0.31671249866485596,0.3131375014781952,0.3232249915599823,0.3176625072956085,0.32071250677108765,0.31821250915527344,0.3301999866962433,0.31847500801086426,0.31725001335144043,0.3273875117301941,0.3176875114440918,0.3253999948501587,0.3124125003814697,0.3182624876499176,0.3229750096797943,0.30898749828338623,0.32362499833106995,0.32827499508857727,0.32756251096725464,0.31472501158714294,0.3208875060081482,0.3213750123977661,0.3234750032424927,0.32651248574256897,0.318325012922287,0.3163500130176544,0.31997498869895935,0.32237499952316284,0.3249500095844269,0.31841251254081726,0.3242124915122986,0.32298749685287476,0.3316499888896942,0.33861249685287476,0.32234999537467957,0.32368749380111694,0.31696251034736633,0.3242875039577484,0.3218750059604645,0.32756251096725464,0.3309125006198883,0.3230000138282776,0.3233250081539154,0.32429999113082886,0.3231875002384186,0.3241499960422516,0.3300875127315521,0.3275749981403351,0.33627501130104065,0.32551249861717224,0.3328374922275543,0.33653751015663147,0.32682499289512634,0.3232249915599823,0.33221250772476196,0.3127624988555908,0.32083749771118164,0.32032498717308044,0.33297500014305115,0.3292750120162964,0.3215000033378601,0.32536250352859497,0.33274999260902405,0.3307250142097473,0.34277498722076416,0.33317500352859497,0.32823750376701355,0.334012508392334,0.32122498750686646,0.3385249972343445,0.3315500020980835,0.33000001311302185,0.33703750371932983,0.31911250948905945,0.3182874917984009,0.3269124925136566,0.3328624963760376,0.3286625146865845,0.3371124863624573,0.33697500824928284,0.3329249918460846,0.34154999256134033,0.3249624967575073,0.33605000376701355,0.3193874955177307,0.33180001378059387,0.3282249867916107,0.3237625062465668,0.33524999022483826,0.32785001397132874,0.3262374997138977,0.3370625078678131,0.3311375081539154,0.33524999022483826,0.3267124891281128,0.33752501010894775,0.33506250381469727,0.32513749599456787,0.3330875039100647,0.33502501249313354,0.34322500228881836,0.3302375078201294,0.32317501306533813,0.3386499881744385,0.3328875005245209,0.33063751459121704,0.3270750045776367,0.3405250012874603,0.32856249809265137,0.3350749909877777,0.3357999920845032,0.33941251039505005,0.3368000090122223,0.3386000096797943,0.3250874876976013,0.33732500672340393,0.3231000006198883,0.3317374885082245,0.3319624960422516,0.329862505197525,0.32321250438690186,0.32768750190734863,0.3344624936580658,0.31806251406669617,0.33387500047683716,0.33172500133514404,0.3353874981403351,0.312687486410141,0.34197500348091125,0.3392624855041504,0.3503875136375427,0.3365750014781952,0.34494999051094055,0.3377875089645386,0.3343999981880188,0.3384374976158142,0.32606250047683716,0.33695000410079956,0.33317500352859497,0.33947500586509705,0.34581249952316284,0.3297624886035919,0.33368751406669617,0.34206250309944153,0.3467875123023987,0.3359749913215637,0.3280375003814697,0.32983750104904175,0.3366999924182892,0.33637499809265137,0.33992499113082886,0.3391374945640564,0.3190999925136566,0.3380124866962433,0.33988749980926514,0.33752501010894775,0.3527750074863434,0.3395625054836273,0.3354499936103821,0.34148749709129333,0.3351125121116638,0.3335125148296356,0.337612509727478,0.33668750524520874,0.3304624855518341,0.3531999886035919,0.3639250099658966,0.34742501378059387,0.34863749146461487,0.34984999895095825,0.33886250853538513,0.3407124876976013,0.3423500061035156,0.34162500500679016,0.3443624973297119,0.3348875045776367,0.3371124863624573,0.34107500314712524,0.3483875095844269,0.3392624855041504,0.31956249475479126,0.3337624967098236,0.34453749656677246,0.3499000072479248,0.3424125015735626,0.3403500020503998,0.31831249594688416,0.3289875090122223,0.3298875093460083,0.3393999934196472,0.3403249979019165,0.3386250138282776,0.3467875123023987,0.34369999170303345,0.34095001220703125,0.3352625072002411,0.33799999952316284,0.3362624943256378,0.34007498621940613,0.3348124921321869,0.3354875147342682,0.33598750829696655,0.34667500853538513,0.32850000262260437,0.3578374981880188,0.33230000734329224,0.3528375029563904,0.3485499918460846,0.32977500557899475,0.3425750136375427,0.3548249900341034,0.350475013256073,0.35148748755455017,0.34933748841285706,0.3377875089645386,0.34121251106262207,0.3481625020503998,0.3517000079154968,0.35023748874664307,0.3419249951839447,0.35179999470710754,0.3566625118255615,0.35493749380111694,0.3309375047683716,0.349824994802475,0.34831249713897705,0.34722501039505005,0.33524999022483826,0.3418000042438507,0.3301750123500824,0.33381250500679016,0.35366249084472656,0.34575000405311584,0.3359375,0.3616124987602234,0.3314000070095062,0.3398124873638153,0.3357999920845032,0.3494749963283539,0.35074999928474426,0.3607124984264374,0.3373875021934509,0.35372498631477356,0.3363874852657318,0.3547250032424927,0.35017499327659607,0.35778748989105225,0.34802499413490295,0.33945000171661377,0.344712495803833,0.34566250443458557,0.34572499990463257,0.353424996137619,0.3448750078678131,0.34722501039505005,0.33477500081062317,0.35635000467300415,0.35573750734329224,0.3373124897480011,0.3488124907016754,0.3475624918937683,0.36262500286102295,0.3469749987125397,0.33931249380111694,0.344837486743927,0.3517000079154968,0.3444249927997589,0.3402000069618225,0.360150009393692,0.3588624894618988,0.34203749895095825,0.34470000863075256,0.3570125102996826,0.34610000252723694,0.3432374894618988,0.35714998841285706,0.36477500200271606,0.351624995470047,0.3531999886035919,0.35276249051094055,0.3511125147342682,0.3379499912261963,0.34892499446868896,0.3560124933719635,0.3440375030040741,0.34568750858306885,0.35922500491142273,0.36125001311302185,0.3612000048160553,0.3460625112056732,0.35756251215934753,0.3544375002384186,0.35446250438690186,0.3494749963283539,0.3594000041484833,0.3489624857902527,0.34638750553131104,0.35534998774528503,0.34450000524520874,0.36137500405311584,0.3484624922275543,0.36195001006126404,0.3530625104904175,0.3466624915599823,0.34568750858306885,0.35647499561309814,0.34299999475479126,0.3479124903678894,0.3592374920845032,0.3668749928474426,0.35856249928474426,0.35420000553131104,0.3484250009059906,0.34363749623298645,0.3462499976158142,0.3622249960899353,0.35282498598098755,0.36096251010894775,0.3477500081062317,0.3559499979019165,0.3430125117301941,0.35019999742507935,0.3304874897003174,0.3494499921798706,0.33693748712539673,0.35394999384880066,0.34564998745918274,0.3624500036239624,0.3641875088214874,0.37619999051094055,0.3645249903202057,0.35762500762939453,0.3456375002861023,0.33848750591278076,0.3478499948978424,0.3517250120639801,0.36002498865127563,0.3687874972820282,0.3550499975681305,0.3594124913215637,0.3417375087738037,0.33637499809265137,0.3443624973297119,0.3531000018119812,0.36230000853538513,0.35199999809265137,0.35186249017715454,0.3734875023365021,0.35731250047683716,0.3550499975681305,0.350475013256073,0.3573249876499176,0.35499998927116394,0.353237509727478,0.3672749996185303,0.35144999623298645,0.3597624897956848,0.3634999990463257,0.3541625142097473,0.36032500863075256,0.35155001282691956,0.35077500343322754,0.33998748660087585,0.34888750314712524,0.3632250130176544,0.354387491941452,0.34588751196861267,0.3529124855995178,0.35048750042915344,0.36028748750686646,0.35624998807907104,0.36931249499320984,0.3633374869823456,0.34328749775886536,0.3413499891757965,0.3338625133037567,0.35848748683929443,0.3634749948978424,0.359437495470047,0.35413751006126404,0.35376250743865967,0.35657501220703125,0.34588751196861267,0.3444249927997589,0.35258749127388,0.3570624887943268,0.3591125011444092,0.36070001125335693,0.35302498936653137,0.3499875068664551,0.3658500015735626,0.3490000069141388,0.3549500107765198,0.3547874987125397,0.3638249933719635,0.343562513589859,0.37273749709129333,0.3501250147819519,0.3561500012874603,0.3617500066757202,0.34543749690055847,0.3624874949455261,0.35484999418258667,0.36688750982284546,0.3470250070095062,0.35753750801086426,0.3721249997615814,0.36032500863075256,0.36162498593330383,0.3567250072956085,0.3508625030517578,0.35885000228881836,0.3464125096797943,0.35747501254081726,0.3598000109195709,0.36131250858306885,0.35532501339912415,0.3620874881744385,0.3582000136375427,0.3548874855041504,0.35155001282691956,0.3548625111579895,0.35897499322891235,0.35839998722076416,0.35394999384880066,0.3551250100135803,0.3571625053882599,0.35346248745918274,0.3610124886035919,0.3548874855041504,0.3606249988079071,0.3560500144958496,0.35821250081062317,0.3586750030517578,0.36643749475479126,0.36002498865127563,0.34447500109672546,0.34975001215934753,0.36448749899864197,0.36521250009536743,0.36371248960494995,0.3468624949455261,0.3685874938964844,0.34347501397132874,0.34599998593330383,0.3499625027179718,0.34755000472068787,0.34921249747276306,0.36518749594688416,0.3364124894142151,0.344712495803833,0.34673750400543213,0.36157500743865967,0.3742625117301941,0.35074999928474426,0.36496248841285706,0.3673500120639801,0.3406749963760376,0.35519999265670776,0.35577499866485596,0.3625124990940094,0.3435874879360199,0.3497124910354614,0.35795000195503235,0.35083749890327454,0.34494999051094055,0.3510749936103821,0.3558250069618225,0.34601250290870667,0.37472501397132874,0.35510000586509705,0.36317500472068787,0.3483999967575073,0.3570624887943268,0.3525499999523163,0.3465999960899353,0.3619374930858612,0.35308751463890076,0.3570375144481659,0.3491375148296356,0.3598000109195709,0.35196250677108765,0.35690000653266907,0.3582249879837036,0.3471375107765198,0.3579249978065491,0.3591499924659729,0.3458999991416931,0.3667624890804291,0.3356874883174896,0.350787490606308,0.3659124970436096,0.3561500012874603,0.36204999685287476,0.36156249046325684,0.360275000333786,0.34049999713897705,0.35315001010894775,0.3509249985218048,0.35475000739097595,0.35199999809265137,0.34599998593330383,0.37216249108314514,0.35407501459121704,0.36192500591278076,0.3557499945163727,0.3534125089645386,0.34904998540878296,0.3546999990940094,0.3612250089645386,0.36442500352859497,0.3580000102519989,0.35534998774528503,0.36127498745918274,0.3580250144004822,0.36672499775886536,0.36803749203681946,0.3624750077724457,0.36108750104904175,0.3479500114917755,0.3541499972343445,0.3498375117778778,0.3572874963283539,0.3548249900341034,0.349700003862381,0.3533875048160553,0.35356250405311584,0.35696250200271606,0.35901251435279846,0.3539249897003174,0.3591125011444092,0.361237496137619,0.3610000014305115,0.36172500252723694,0.3506999909877777,0.3706375062465668,0.36381250619888306,0.36640000343322754,0.35821250081062317,0.3536374866962433,0.35624998807907104,0.35887500643730164,0.36489999294281006,0.34527501463890076,0.36169999837875366,0.35929998755455017,0.3462125062942505,0.3488999903202057,0.35848748683929443,0.3669874966144562,0.350662499666214,0.3580000102519989,0.3607875108718872,0.3500874936580658,0.35407501459121704,0.35507500171661377,0.3624125123023987,0.35023748874664307,0.35413751006126404,0.3501875102519989,0.35718750953674316,0.35282498598098755,0.36059999465942383,0.3554624915122986,0.3578000068664551,0.3726249933242798,0.3609375059604645,0.3555000126361847,0.3550125062465668,0.358412504196167,0.35778748989105225,0.34463751316070557,0.35868749022483826,0.3584499955177307,0.35657501220703125,0.3610000014305115,0.35228750109672546,0.35100001096725464,0.3606500029563904,0.3552125096321106,0.3569999933242798,0.3707750141620636,0.3506374955177307,0.36966249346733093,0.3512499928474426,0.3730374872684479,0.3657749891281128,0.3326125144958496,0.3738875091075897,0.37207499146461487,0.354449987411499,0.35327500104904175,0.35561248660087585,0.35868749022483826,0.3687874972820282,0.3670875132083893,0.34421250224113464,0.36184999346733093,0.35411250591278076,0.3562124967575073,0.3666124939918518,0.35491248965263367,0.3825874924659729,0.3656499981880188,0.35690000653266907,0.38122498989105225,0.35733750462532043,0.35801249742507935,0.3597874939441681,0.35382500290870667,0.3473375141620636,0.35616248846054077,0.3564249873161316,0.35245001316070557,0.36316248774528503,0.3558749854564667,0.3684749901294708,0.36127498745918274,0.3565874993801117,0.3636874854564667,0.36067500710487366,0.37398749589920044,0.3721500039100647,0.3702625036239624,0.37146249413490295,0.36230000853538513,0.3526124954223633,0.36204999685287476,0.3540624976158142,0.3500624895095825,0.3580375015735626,0.35836249589920044,0.374162495136261,0.37261250615119934,0.3527500033378601,0.36465001106262207,0.36256250739097595,0.3570624887943268,0.3384000062942505,0.34616249799728394,0.365387499332428,0.349637508392334,0.3585500121116638,0.3625499904155731,0.3726249933242798,0.3695875108242035,0.3697125017642975,0.3660374879837036,0.35583749413490295,0.3588249981403351,0.3548249900341034,0.3539874851703644,0.36108750104904175,0.3645249903202057,0.35835000872612,0.34415000677108765,0.3598499894142151,0.3587625026702881,0.3639625012874603,0.37347498536109924,0.3648749887943268,0.3615874946117401,0.3562625050544739,0.35190001130104065,0.3670875132083893,0.3591749966144562,0.36617499589920044,0.359499990940094,0.36887499690055847,0.36313751339912415,0.35548749566078186,0.3507624864578247,0.3588624894618988,0.358599990606308,0.34389999508857727,0.35157498717308044,0.358474999666214,0.35743749141693115,0.3582249879837036,0.3608750104904175,0.3479374945163727,0.35885000228881836,0.34712499380111694,0.3643375039100647,0.3619374930858612,0.3550625145435333,0.34642499685287476,0.3489375114440918,0.35106250643730164,0.3526875078678131,0.35856249928474426,0.3632250130176544,0.3630875051021576,0.3625999987125397,0.35653749108314514,0.3533500134944916,0.375900000333786,0.351624995470047,0.3627749979496002,0.37053748965263367,0.34507501125335693,0.3623250126838684,0.3656125068664551,0.3704249858856201,0.36326250433921814,0.3712249994277954,0.35071250796318054,0.3502250015735626,0.35420000553131104,0.3562124967575073,0.36916249990463257,0.3686249852180481,0.34888750314712524,0.35484999418258667,0.3596374988555908,0.3649750053882599,0.36442500352859497,0.350600004196167,0.3472000062465668,0.3634124994277954,0.3583124876022339,0.36351248621940613,0.3528375029563904,0.37111249566078186,0.3449249863624573,0.3580999970436096,0.3666499853134155,0.3617500066757202,0.36902499198913574,0.36079999804496765,0.359250009059906,0.34232500195503235,0.3545750081539154,0.35368749499320984,0.365200012922287,0.35846251249313354,0.3645249903202057,0.35157498717308044,0.3684000074863434,0.3672874867916107,0.3454749882221222,0.37283751368522644,0.3738124966621399,0.3569374978542328,0.356550008058548,0.35686248540878296,0.3587374985218048,0.35346248745918274,0.3406749963760376,0.35061249136924744,0.3605499863624573,0.37037500739097595,0.374224990606308,0.34470000863075256,0.37203750014305115,0.3612000048160553,0.3573625087738037,0.3612625002861023,0.35858750343322754,0.35161250829696655,0.3686625063419342,0.36454999446868896,0.35077500343322754,0.37203750014305115,0.36246249079704285,0.35074999928474426,0.35683751106262207,0.3533875048160553,0.35420000553131104,0.37251248955726624,0.37171250581741333,0.3766624927520752,0.36044999957084656,0.3759250044822693,0.3368000090122223,0.36432498693466187,0.36818748712539673,0.3573249876499176,0.35324999690055847,0.35013750195503235,0.3527125120162964,0.3617500066757202,0.3703874945640564,0.3687500059604645,0.37098750472068787,0.36467498540878296,0.36297500133514404,0.35954999923706055,0.36230000853538513,0.3546999990940094,0.3530625104904175,0.36371248960494995,0.36812499165534973,0.37072500586509705,0.3625124990940094,0.3726249933242798,0.35723748803138733,0.3629375100135803,0.36768749356269836,0.34942498803138733,0.35723748803138733,0.35052499175071716,0.35337498784065247,0.34610000252723694,0.3646624982357025,0.37296250462532043,0.3509249985218048,0.3577499985694885,0.35096248984336853,0.37853750586509705,0.3619624972343445,0.37133750319480896,0.3676624894142151,0.3535875082015991,0.3569500148296356,0.3680124878883362,0.37397500872612,0.35212498903274536,0.37053748965263367,0.3584499955177307,0.3527125120162964,0.3558875024318695,0.35993748903274536,0.3761250078678131,0.3529750108718872,0.3626374900341034,0.3500249981880188,0.3469125032424927,0.3743000030517578,0.3476249873638153,0.3619999885559082,0.3596625030040741,0.3607875108718872,0.35705000162124634,0.36557498574256897,0.36186251044273376,0.3586750030517578,0.36816251277923584,0.3592124879360199,0.37687501311302185,0.34578749537467957,0.34712499380111694,0.3678624927997589,0.3578124940395355,0.3783249855041504,0.35193750262260437,0.34779998660087585,0.35653749108314514,0.3578625023365021,0.3632875084877014,0.35458749532699585,0.3563750088214874,0.3600125014781952,0.3600749969482422,0.36756250262260437,0.3719624876976013,0.3702250123023987,0.36640000343322754,0.36329999566078186,0.3658375144004822,0.34619998931884766,0.36134999990463257,0.3827874958515167,0.3696500062942505,0.3724375069141388,0.3625375032424927,0.36697500944137573,0.3503875136375427,0.3527750074863434,0.35846251249313354,0.36512500047683716,0.3613874912261963,0.3643124997615814,0.36754998564720154,0.3739500045776367,0.36313751339912415,0.36448749899864197,0.3641499876976013,0.36390000581741333,0.36006250977516174,0.36176249384880066,0.35737499594688416,0.3584499955177307,0.36309999227523804,0.361237496137619,0.36807501316070557,0.3635624945163727,0.3686999976634979,0.3649500012397766,0.3646250069141388,0.35907500982284546,0.3625375032424927,0.3630000054836273,0.36992499232292175,0.36668750643730164,0.3578625023365021,0.3534125089645386,0.35910001397132874,0.3718000054359436,0.3605499863624573,0.36703750491142273,0.3641375005245209,0.35856249928474426,0.3634999990463257,0.36617499589920044,0.3448624908924103,0.34744998812675476,0.3420250117778778,0.3563624918460846,0.34987500309944153,0.36787500977516174,0.36579999327659607,0.36762499809265137,0.3586750030517578,0.3648124933242798,0.35827499628067017,0.35266250371932983,0.37107500433921814,0.35776248574256897,0.3803499937057495,0.35916250944137573,0.3736000061035156,0.38343751430511475,0.3678874969482422,0.3565874993801117,0.36719998717308044,0.37226250767707825,0.36397498846054077,0.3484874963760376,0.3685249984264374,0.3682374954223633,0.34293749928474426,0.3579249978065491,0.3586125075817108,0.35247498750686646,0.3676125109195709,0.36399999260902405,0.3526749908924103,0.34972500801086426,0.3465375006198883,0.36266249418258667,0.37226250767707825,0.36026251316070557,0.36818748712539673,0.3571999967098236,0.36834999918937683,0.36188751459121704,0.3598249852657318,0.3647249937057495,0.3421125113964081,0.3508250117301941,0.367249995470047,0.3671000003814697,0.35370001196861267,0.374037504196167,0.3651624917984009,0.36821249127388,0.3578749895095825,0.35179999470710754,0.37404999136924744,0.3469874858856201,0.35612499713897705,0.3569500148296356,0.3530625104904175,0.35311248898506165,0.36149999499320984,0.3519124984741211,0.35573750734329224,0.3627125024795532,0.3588874936103821,0.3346500098705292,0.35458749532699585,0.35446250438690186,0.35608750581741333,0.36051249504089355,0.36588749289512634,0.3489750027656555,0.34837499260902405,0.3510124981403351,0.3675000071525574,0.34872499108314514,0.3451249897480011,0.35964998602867126,0.35324999690055847,0.370012491941452,0.36899998784065247,0.3651125133037567,0.35331249237060547,0.3435499966144562,0.35350000858306885,0.35448750853538513,0.35155001282691956,0.3481625020503998,0.35333749651908875,0.3600749969482422,0.3656499981880188,0.3552750051021576,0.36258751153945923,0.35542500019073486,0.3486874997615814,0.36557498574256897,0.3781999945640564,0.36867499351501465,0.34997498989105225,0.3698750138282776,0.35532501339912415,0.37308749556541443,0.36771249771118164,0.3600749969482422,0.3594124913215637,0.3643749952316284,0.35827499628067017,0.3521749973297119,0.35878750681877136,0.36524999141693115,0.35432499647140503,0.36083748936653137,0.3703249990940094,0.3699750006198883,0.3673875033855438,0.35817500948905945,0.362262487411499,0.3630875051021576,0.37863749265670776,0.35206249356269836,0.3637875020503998,0.3738124966621399,0.3681125044822693,0.35967499017715454,0.35385000705718994,0.3537999987602234,0.36090001463890076,0.3631500005722046,0.3455125093460083,0.38029998540878296,0.3561375141143799,0.37767499685287476,0.360462486743927,0.366412490606308,0.3615249991416931,0.361050009727478,0.37825000286102295,0.3499875068664551,0.3569999933242798,0.3542500138282776,0.3581250011920929,0.36387500166893005,0.35737499594688416,0.349762499332428,0.3598249852657318,0.37527498602867126,0.3696124851703644,0.36531248688697815,0.36092498898506165,0.3523625135421753,0.35053750872612,0.35471248626708984,0.3636375069618225,0.36153748631477356,0.3563250005245209,0.3669624924659729,0.3557249903678894,0.3616124987602234,0.3624874949455261,0.3659749925136566,0.36026251316070557,0.3612000048160553,0.3476875126361847,0.35558751225471497,0.3536500036716461,0.37146249413490295,0.36096251010894775,0.36966249346733093,0.3629625141620636,0.35266250371932983,0.3651374876499176,0.35753750801086426,0.3568125069141388,0.35711249709129333,0.34747499227523804,0.3674125075340271,0.3583124876022339,0.35862499475479126,0.3688125014305115,0.3582249879837036,0.35987499356269836,0.37111249566078186,0.35877498984336853,0.3627625107765198,0.37588751316070557,0.3599874973297119,0.3630875051021576,0.36469998955726624,0.3689124882221222,0.34894999861717224,0.3560500144958496,0.3562124967575073,0.36972498893737793,0.3594624996185303,0.34802499413490295,0.3781749904155731,0.35801249742507935,0.36543750762939453,0.3647499978542328,0.3424125015735626,0.3674125075340271,0.3559874892234802,0.3629375100135803,0.36340001225471497,0.35222500562667847,0.35850000381469727,0.3366374969482422,0.35836249589920044,0.3795875012874603,0.36633750796318054,0.35161250829696655,0.36172500252723694,0.3551749885082245,0.35989999771118164,0.3612000048160553,0.35464999079704285,0.3648749887943268,0.3644750118255615,0.3561125099658966,0.36153748631477356,0.3658750057220459,0.35977500677108765,0.3703249990940094,0.3537749946117401,0.3630875051021576,0.3665125072002411,0.351500004529953
0.3910999894142151,0.16036249697208405,0.08591250330209732,0.10326249897480011,0.11006250232458115,0.11521250009536743,0.11188749969005585,0.11056250333786011,0.11225000023841858,0.11551249772310257,0.09612499922513962,0.09775000065565109,0.0942625030875206,0.0919874981045723,0.09196250140666962,0.08627499639987946,0.08606249839067459,0.08711250126361847,0.08087500184774399,0.08098749816417694,0.07563749700784683,0.07150000333786011,0.06553749740123749,0.06612499803304672,0.06623750180006027,0.06442499905824661,0.06103749945759773,0.05835000053048134,0.050187498331069946,0.047449998557567596,0.0492125004529953,0.05152500048279762,0.04436250030994415,0.048362500965595245,0.04521249979734421,0.03532499819993973,0.031837500631809235,0.031037500128149986,0.03734999895095825,0.04376250132918358,0.03838749974966049,0.03373749926686287,0.03655000030994415,0.04675000160932541,0.03683749958872795,0.03413749858736992,0.03424999862909317,0.03251250088214874,0.034299999475479126,0.0341624990105629,0.034425001591444016,0.035087499767541885,0.034974999725818634,0.036512501537799835,0.03648750111460686,0.039799999445676804,0.0346749983727932,0.0364375002682209,0.03696250170469284,0.03920000046491623,0.04118749871850014,0.03633749857544899,0.033925000578165054,0.03423750028014183,0.04178750142455101,0.037174999713897705,0.03880000114440918,0.045499999076128006,0.03553749993443489,0.03866250067949295,0.04817499965429306,0.051100000739097595,0.04467500001192093,0.0445374995470047,0.05531249940395355,0.046412501484155655,0.041462499648332596,0.03441249951720238,0.04906250163912773,0.040300000458955765,0.05843750014901161,0.05156249925494194,0.04403749853372574,0.049162499606609344,0.054625000804662704,0.05415000021457672,0.05472499877214432,0.06013749912381172,0.049937501549720764,0.06305000185966492,0.04346249997615814,0.052162498235702515,0.05144999921321869,0.06071250140666962,0.06296250224113464,0.05686249956488609,0.05908749997615814,0.05656249821186066,0.06348749995231628,0.04886249825358391,0.06146249920129776,0.06881249696016312,0.06310000270605087,0.06728749722242355,0.061112500727176666,0.05962499976158142,0.06607499718666077,0.06431250274181366,0.06298749893903732,0.06846249848604202,0.07257500290870667,0.06867499649524689,0.06628750264644623,0.06841249763965607,0.07448749989271164,0.06862500309944153,0.07671249657869339,0.07311250269412994,0.0745375007390976,0.07312499731779099,0.06676249951124191,0.07145000249147415,0.07272499799728394,0.07347500324249268,0.08208750188350677,0.06657499819993973,0.07388749718666077,0.070762500166893,0.07166250050067902,0.07294999808073044,0.07021249830722809,0.07671249657869339,0.07355000078678131,0.07913749665021896,0.07722499966621399,0.07366249710321426,0.07366249710321426,0.0790875032544136,0.07621250301599503,0.07997500151395798,0.07909999787807465,0.07547499984502792,0.07891249656677246,0.08141250163316727,0.08186250180006027,0.07531250268220901,0.07551249861717224,0.07590000331401825,0.08195000141859055,0.08089999854564667,0.08493749797344208,0.07992500066757202,0.08512499928474426,0.08736249804496765,0.08560000360012054,0.07691249996423721,0.07998750358819962,0.0864500030875206,0.07829999923706055,0.07802499830722809,0.0851999968290329,0.08596249669790268,0.08772499859333038,0.08621250092983246,0.09761250019073486,0.08853749930858612,0.08832500129938126,0.09053750336170197,0.09591250121593475,0.09408749639987946,0.08789999783039093,0.08806250244379044,0.09322500228881836,0.0893625020980835,0.09831249713897705,0.09584999829530716,0.08958750218153,0.09283749759197235,0.08838749676942825,0.09093750268220901,0.08843749761581421,0.08807499706745148,0.09189999848604202,0.0886249989271164,0.08808749914169312,0.09567499905824661,0.09009999781847,0.09033749997615814,0.09284999966621399,0.08839999884366989,0.09131249785423279,0.09502500295639038,0.09333749860525131,0.0906125009059906,0.08737500011920929,0.09701249748468399,0.09253749996423721,0.11122500151395798,0.10043749958276749,0.09526249766349792,0.09056250005960464,0.09059999883174896,0.0992249995470047,0.09516250342130661,0.09478750079870224,0.10143750160932541,0.09333749860525131,0.09184999763965607,0.09846249967813492,0.09581249952316284,0.09395000338554382,0.09511250257492065,0.09458749741315842,0.08957500010728836,0.09926249831914902,0.09560000151395798,0.09511250257492065,0.09562499821186066,0.09220000356435776,0.09438750147819519,0.09561250358819962,0.09787499904632568,0.09818749874830246,0.10350000113248825,0.09856250137090683,0.09918750077486038,0.10217499732971191,0.09827499836683273,0.09475000202655792,0.10849999636411667,0.11270000040531158,0.09863749891519547,0.11041250079870224,0.105274997651577,0.0989374965429306,0.10253749787807465,0.10360000282526016,0.0997375026345253,0.09748750180006027,0.09788750112056732,0.09847500175237656,0.10718750208616257,0.09291250258684158,0.10064999759197235,0.09738750010728836,0.10443750023841858,0.10763750225305557,0.11201249808073044,0.10858750343322754,0.0901625007390976,0.09284999966621399,0.11261250078678131,0.10275000333786011,0.10805000364780426,0.1025874987244606,0.09894999861717224,0.10217499732971191,0.10266250371932983,0.11282499879598618,0.11302500218153,0.11264999955892563,0.1066875010728836,0.10997500270605087,0.09253749996423721,0.1005375012755394,0.10705000162124634,0.10535000264644623,0.10520000010728836,0.11838749796152115,0.10717500001192093,0.12138749659061432,0.11418750137090683,0.1146249994635582,0.11342500150203705,0.10180000215768814,0.11306250095367432,0.11349999904632568,0.1128624975681305,0.11020000278949738,0.10808750241994858,0.10719999670982361,0.11941249668598175,0.10771249979734421,0.10378749668598175,0.1244250014424324,0.12441249936819077,0.12857499718666077,0.12093749642372131,0.13608750700950623,0.12978750467300415,0.1276874989271164,0.12017499655485153,0.12513749301433563,0.12223750352859497,0.12378749996423721,0.11503750085830688,0.12738749384880066,0.10282500088214874,0.12298750132322311,0.12483750283718109,0.11505000293254852,0.13802500069141388,0.11707500368356705,0.1293250024318695,0.12366250157356262,0.13811250030994415,0.14426249265670776,0.13644999265670776,0.12665000557899475,0.13987499475479126,0.1339000016450882,0.1345749944448471,0.13580000400543213,0.13622500002384186,0.13753749430179596,0.1255750060081482,0.12808750569820404,0.12444999814033508,0.13411250710487366,0.14955000579357147,0.1177624985575676,0.13871249556541443,0.12507499754428864,0.12617500126361847,0.1378374993801117,0.1500999927520752,0.12498749792575836,0.1305750012397766,0.13484999537467957,0.14236250519752502,0.149399995803833,0.13481250405311584,0.12611250579357147,0.15306249260902405,0.14863750338554382,0.14201250672340393,0.15078750252723694,0.16033749282360077,0.1476375013589859,0.13161249458789825,0.1373250037431717,0.14624999463558197,0.13948750495910645,0.14573749899864197,0.1559624969959259,0.15193749964237213,0.13660000264644623,0.14631250500679016,0.1430875062942505,0.1441749930381775,0.14608749747276306,0.14614999294281006,0.15438750386238098,0.14775000512599945,0.15268750488758087,0.1583624929189682,0.15136249363422394,0.13420000672340393,0.14432500302791595,0.14990000426769257,0.1465124934911728,0.1454250067472458,0.15331250429153442,0.16200000047683716,0.14393749833106995,0.17336249351501465,0.1599625051021576,0.1773499995470047,0.16401250660419464,0.18520000576972961,0.16773749887943268,0.18021249771118164,0.1604750007390976,0.16204999387264252,0.16653749346733093,0.1610250025987625,0.15174999833106995,0.18639999628067017,0.17204999923706055,0.1788250058889389,0.17356249690055847,0.18251250684261322,0.18687500059604645,0.14732499420642853,0.16381250321865082,0.15718750655651093,0.1602499932050705,0.17102499306201935,0.15292499959468842,0.16411249339580536,0.1825374960899353,0.1811250001192093,0.1762000024318695,0.15289999544620514,0.16721250116825104,0.1652124971151352,0.18786250054836273,0.16352500021457672,0.17223750054836273,0.157212495803833,0.1627500057220459,0.16171249747276306,0.16226249933242798,0.15702499449253082,0.18934999406337738,0.16433750092983246,0.15511250495910645,0.16509999334812164,0.17881250381469727,0.1923374980688095,0.17596249282360077,0.17286249995231628,0.18027499318122864,0.1662375032901764,0.15741249918937683,0.1601874977350235,0.18028749525547028,0.16401250660419464,0.16957500576972961,0.19670000672340393,0.17493750154972076,0.16003750264644623,0.15950000286102295,0.171037495136261,0.1674250066280365,0.17592500150203705,0.16442500054836273,0.20128749310970306,0.1595125049352646,0.1754624992609024,0.1661124974489212,0.16922500729560852,0.15607500076293945,0.1684499979019165,0.1605750024318695,0.17479999363422394,0.16686250269412994,0.16917499899864197,0.1700499951839447,0.16591249406337738,0.16637499630451202,0.18696250021457672,0.17976249754428864,0.16347500681877136,0.15593749284744263,0.1779875010251999,0.18678750097751617,0.18067499995231628,0.1678999960422516,0.15888750553131104,0.15136249363422394,0.1835249960422516,0.16740000247955322,0.187562495470047,0.17170000076293945,0.1720374971628189,0.18539999425411224,0.19296249747276306,0.18488749861717224,0.19582499563694,0.17887499928474426,0.16958749294281006,0.19699999690055847,0.1806125044822693,0.179625004529953,0.1866375058889389,0.18594999611377716,0.18776249885559082,0.1721625030040741,0.18658749759197235,0.19271250069141388,0.18997499346733093,0.18619999289512634,0.18264999985694885,0.1837874948978424,0.17028750479221344,0.1775124967098236,0.186087504029274,0.17881250381469727,0.19403749704360962,0.20032499730587006,0.19210000336170197,0.19384999573230743,0.1891624927520752,0.19548749923706055,0.18358750641345978,0.1846500039100647,0.18338750302791595,0.17509999871253967,0.1782499998807907,0.18358750641345978,0.19327500462532043,0.17138749361038208,0.1818999946117401,0.1775124967098236,0.19300000369548798,0.1853875070810318,0.17832499742507935,0.18096250295639038,0.17784999310970306,0.19696250557899475,0.18536250293254852,0.18142500519752502,0.18062500655651093,0.1772875040769577,0.18324999511241913,0.18102499842643738,0.1872750073671341,0.18238750100135803,0.20023749768733978,0.18367500603199005,0.18646250665187836,0.1814499944448471,0.1925874948501587,0.1845874935388565,0.18344999849796295,0.20641249418258667,0.18677499890327454,0.18482500314712524,0.17820000648498535,0.18457500636577606,0.19797499477863312,0.1905750036239624,0.1949000060558319,0.19352500140666962,0.1816750019788742,0.19596250355243683,0.186599999666214,0.18763749301433563,0.18306249380111694,0.19008749723434448,0.1934249997138977,0.1887124925851822,0.18655000627040863,0.18146249651908875,0.19148750603199005,0.17662499845027924,0.17476250231266022,0.16930000483989716,0.18636250495910645,0.1875,0.18462499976158142,0.2020999938249588,0.19661250710487366,0.1857749968767166,0.19030000269412994,0.1931374967098236,0.20251250267028809,0.16532500088214874,0.18050000071525574,0.19328750669956207,0.20957499742507935,0.21027499437332153,0.1828874945640564,0.17412500083446503,0.18437500298023224,0.19613750278949738,0.19118750095367432,0.18416249752044678,0.20177499949932098,0.19088749587535858,0.1851000040769577,0.19716249406337738,0.18902499973773956,0.18837499618530273,0.1908625066280365,0.19512499868869781,0.20282499492168427,0.17732499539852142,0.2039874941110611,0.19421249628067017,0.20218749344348907,0.1949000060558319,0.22033749520778656,0.20727500319480896,0.19734999537467957,0.2072249948978424,0.20518749952316284,0.20178750157356262,0.18796250224113464,0.18473750352859497,0.1826000064611435,0.19155000150203705,0.2013625055551529,0.19732500612735748,0.19516250491142273,0.18716250360012054,0.19983750581741333,0.20531250536441803,0.1886875033378601,0.19846250116825104,0.20061250030994415,0.20798750221729279,0.1790125072002411,0.19932499527931213,0.2055249959230423,0.20527499914169312,0.21936249732971191,0.19078749418258667,0.18207499384880066,0.19626249372959137,0.2032500058412552,0.1983499974012375,0.1973000019788742,0.19493749737739563,0.17870000004768372,0.1852625012397766,0.19266250729560852,0.20083749294281006,0.211837500333786,0.1983499974012375,0.2185250073671341,0.20000000298023224,0.20010000467300415,0.2050749957561493,0.20628750324249268,0.1974249929189682,0.1925874948501587,0.19008749723434448,0.19257499277591705,0.20900000631809235,0.21205000579357147,0.19477500021457672,0.20522500574588776,0.19699999690055847,0.20782500505447388,0.19826249778270721,0.20656250417232513,0.2082124948501587,0.20863750576972961,0.20833750069141388,0.1868250072002411,0.22053749859333038,0.1988624930381775,0.18478749692440033,0.19238750636577606,0.18907499313354492,0.202162504196167,0.18978750705718994,0.20803749561309814,0.20305000245571136,0.21117499470710754,0.20225000381469727,0.2083750069141388,0.20963749289512634,0.2099124938249588,0.20945000648498535,0.20692500472068787,0.2110999971628189,0.21673749387264252,0.21060000360012054,0.20819999277591705,0.20374999940395355,0.20024999976158142,0.19802500307559967,0.20407499372959137,0.19904999434947968,0.20893749594688416,0.2048500031232834,0.19317500293254852,0.20958749949932098,0.20446249842643738,0.2093375027179718,0.19122500717639923,0.21463750302791595,0.20391249656677246,0.1985500007867813,0.20198750495910645,0.2048249989748001,0.20566250383853912,0.20127500593662262,0.20524999499320984,0.19795000553131104,0.20385000109672546,0.21216249465942383,0.18933750689029694,0.20132499933242798,0.18382500112056732,0.1945749968290329,0.2154874950647354,0.19756250083446503,0.1995750069618225,0.19468750059604645,0.20035000145435333,0.20074999332427979,0.21101249754428864,0.20621250569820404,0.20522500574588776,0.1985750049352646,0.19948750734329224,0.17173750698566437,0.20337499678134918,0.20048749446868896,0.2158374935388565,0.21268750727176666,0.2060375064611435,0.2121499925851822,0.2068749964237213,0.21137499809265137,0.21016250550746918,0.2003374993801117,0.20447500050067902,0.20081250369548798,0.20845000445842743,0.20096249878406525,0.1978749930858612,0.1935874968767166,0.19892500340938568,0.202674999833107,0.20017500221729279,0.19132499396800995,0.2071249932050705,0.20293749868869781,0.2071249932050705,0.21016250550746918,0.20280000567436218,0.19769999384880066,0.19066250324249268,0.210999995470047,0.20999999344348907,0.21381250023841858,0.19273750483989716,0.20945000648498535,0.21594999730587006,0.21118749678134918,0.218362495303154,0.20672500133514404,0.20645000040531158,0.1926874965429306,0.20852500200271606,0.18299999833106995,0.20291249454021454,0.19169999659061432,0.210037499666214,0.20755000412464142,0.19292500615119934,0.20589999854564667,0.20912499725818634,0.2043749988079071,0.20276249945163727,0.20023749768733978,0.19939999282360077,0.20498749613761902,0.19596250355243683,0.20412500202655792,0.20397500693798065,0.22001250088214874,0.21031250059604645,0.2027125060558319,0.1988999992609024,0.19593749940395355,0.1954375058412552,0.19589999318122864,0.20951250195503235,0.20041249692440033,0.2027125060558319,0.21995000541210175,0.2029999941587448,0.20932500064373016,0.21265000104904175,0.20586250722408295,0.21431249380111694,0.20633749663829803,0.19831250607967377,0.21181249618530273,0.21427500247955322,0.2014874964952469,0.21393750607967377,0.21060000360012054,0.2089875042438507,0.20881250500679016,0.20071250200271606,0.21427500247955322,0.20692500472068787,0.21809999644756317,0.21091249585151672,0.18783749639987946,0.21633750200271606,0.21330000460147858,0.20547500252723694,0.19008749723434448,0.21777500212192535,0.20272499322891235,0.196150004863739,0.2154874950647354,0.18770000338554382,0.22804999351501465,0.21307499706745148,0.2176624983549118,0.23701250553131104,0.20454999804496765,0.21757499873638153,0.20756250619888306,0.19763749837875366,0.20247499644756317,0.21531249582767487,0.1926250010728836,0.2102999985218048,0.19722500443458557,0.21666249632835388,0.20916250348091125,0.20524999499320984,0.2124374955892563,0.1987375020980835,0.21706250309944153,0.20567500591278076,0.21726250648498535,0.20668749511241913,0.21622499823570251,0.2168249934911728,0.21037499606609344,0.21141250431537628,0.19972500205039978,0.20919999480247498,0.21262499690055847,0.1892624944448471,0.22165000438690186,0.22325000166893005,0.23205000162124634,0.22376249730587006,0.21027499437332153,0.21514999866485596,0.20964999496936798,0.21328750252723694,0.2150000035762787,0.22311249375343323,0.18614999949932098,0.2161249965429306,0.20813749730587006,0.21043750643730164,0.22068749368190765,0.19563749432563782,0.20516249537467957,0.23383750021457672,0.22417500615119934,0.21412500739097595,0.21738749742507935,0.1981000006198883,0.21664999425411224,0.22542500495910645,0.22190000116825104,0.21416249871253967,0.22682499885559082,0.2157125025987625,0.21972499787807465,0.21768750250339508,0.19583749771118164,0.210099995136261,0.2233249992132187,0.2162874937057495,0.22186249494552612,0.22894999384880066,0.22306250035762787,0.2170249968767166,0.2323250025510788,0.21754999458789825,0.21533749997615814,0.24420000612735748,0.23045000433921814,0.21580000221729279,0.24008749425411224,0.22768749296665192,0.22857500612735748,0.23667499423027039,0.23038749396800995,0.2264624983072281,0.20686249434947968,0.2303750067949295,0.22443750500679016,0.21170000731945038,0.2319124937057495,0.2284500002861023,0.22824999690055847,0.22907499969005585,0.25427499413490295,0.22605000436306,0.2225250005722046,0.2358125001192093,0.22191250324249268,0.23682500422000885,0.2180500030517578,0.22327500581741333,0.22631250321865082,0.20600000023841858,0.2394375056028366,0.24188749492168427,0.23928749561309814,0.21806250512599945,0.2249000072479248,0.22734999656677246,0.23704999685287476,0.2415125072002411,0.22792500257492065,0.22287499904632568,0.22682499885559082,0.2285500019788742,0.23833750188350677,0.22606250643730164,0.24041250348091125,0.23462499678134918,0.24908749759197235,0.25760000944137573,0.23576250672340393,0.23721249401569366,0.22622500360012054,0.23713749647140503,0.2294750064611435,0.24317499995231628,0.25102499127388,0.23747499287128448,0.23867499828338623,0.2336750030517578,0.2393999993801117,0.2366124987602234,0.24552500247955322,0.24433749914169312,0.2588750123977661,0.23739999532699585,0.25380000472068787,0.25292500853538513,0.2482375055551529,0.23092499375343323,0.2528750002384186,0.21513749659061432,0.23596249520778656,0.2310750037431717,0.24422499537467957,0.24443750083446503,0.23559999465942383,0.23810000717639923,0.2498375028371811,0.25088751316070557,0.2718999981880188,0.25241249799728394,0.24324999749660492,0.2572374939918518,0.23122499883174896,0.26653748750686646,0.25351250171661377,0.2441125065088272,0.25290000438690186,0.23063750565052032,0.22606250643730164,0.241225004196167,0.24899999797344208,0.24564999341964722,0.26282501220703125,0.25626251101493835,0.2451999932527542,0.26704999804496765,0.24297499656677246,0.25501251220703125,0.23327499628067017,0.25193750858306885,0.2473125010728836,0.2373874932527542,0.2574250102043152,0.24718749523162842,0.24133749306201935,0.25415000319480896,0.24535000324249268,0.25581249594688416,0.24549999833106995,0.26116248965263367,0.2514500021934509,0.23981249332427979,0.24963749945163727,0.257999986410141,0.27242499589920044,0.2591499984264374,0.23493750393390656,0.26292499899864197,0.24883750081062317,0.25142499804496765,0.2468000054359436,0.26551249623298645,0.24584999680519104,0.25497499108314514,0.2551625072956085,0.26350000500679016,0.25667500495910645,0.2607874870300293,0.24266250431537628,0.2613624930381775,0.23028750717639923,0.2461625039577484,0.2502624988555908,0.24828749895095825,0.23638750612735748,0.24152499437332153,0.2529124915599823,0.2257000058889389,0.2577874958515167,0.25171250104904175,0.2619374990463257,0.21044999361038208,0.26813751459121704,0.26365000009536743,0.29089999198913574,0.2594124972820282,0.27250000834465027,0.2628999948501587,0.2531124949455261,0.26628750562667847,0.24142499268054962,0.25929999351501465,0.2598625123500824,0.2666875123977661,0.27463749051094055,0.24558749794960022,0.254925012588501,0.27556249499320984,0.27459999918937683,0.26481249928474426,0.24860000610351562,0.25226250290870667,0.26487499475479126,0.2623875141143799,0.2644124925136566,0.2700375020503998,0.22398750483989716,0.26080000400543213,0.2698749899864197,0.2620750069618225,0.2921375036239624,0.26864999532699585,0.256974995136261,0.2640250027179718,0.25321251153945923,0.25658750534057617,0.2645624876022339,0.25818750262260437,0.24603749811649323,0.2889249920845032,0.31408751010894775,0.27816250920295715,0.28706249594688416,0.29001250863075256,0.2630249857902527,0.26198750734329224,0.275362491607666,0.27140000462532043,0.2750000059604645,0.2522749900817871,0.25279998779296875,0.26723751425743103,0.28226250410079956,0.26628750562667847,0.23229999840259552,0.2572000026702881,0.27597498893737793,0.2830750048160553,0.2740499973297119,0.26983749866485596,0.22942499816417694,0.24512499570846558,0.24871249496936798,0.264787495136261,0.2680625021457672,0.26106250286102295,0.2791000008583069,0.27223750948905945,0.27230000495910645,0.25687500834465027,0.26151248812675476,0.2590875029563904,0.26666250824928284,0.25786250829696655,0.25696250796318054,0.251800000667572,0.2781749963760376,0.24642500281333923,0.2995874881744385,0.25427499413490295,0.287262499332428,0.28191250562667847,0.24943749606609344,0.2689875066280365,0.2969624996185303,0.2736375033855438,0.28554999828338623,0.28456249833106995,0.257874995470047,0.2683374881744385,0.28248751163482666,0.28690001368522644,0.2920374870300293,0.2704375088214874,0.2840000092983246,0.29788750410079956,0.28917500376701355,0.24854999780654907,0.2824249863624573,0.2802625000476837,0.27845001220703125,0.2609249949455261,0.27207499742507935,0.24864999949932098,0.2542249858379364,0.290149986743927,0.27416250109672546,0.25571250915527344,0.30140000581741333,0.2466374933719635,0.26429998874664307,0.26237499713897705,0.2791374921798706,0.2915875017642975,0.3086499869823456,0.2670624852180481,0.290800005197525,0.2546750009059906,0.2963249981403351,0.28731250762939453,0.29385000467300415,0.28415000438690186,0.26256251335144043,0.2732749879360199,0.2838749885559082,0.27489998936653137,0.2894749939441681,0.271575003862381,0.28527501225471497,0.257099986076355,0.29471251368522644,0.29606249928474426,0.26148751378059387,0.2764374911785126,0.28123751282691956,0.3017374873161316,0.2739875018596649,0.2688499987125397,0.2741124927997589,0.28466248512268066,0.2749125063419342,0.27291250228881836,0.29993748664855957,0.30371248722076416,0.2707499861717224,0.28261250257492065,0.29621249437332153,0.28062498569488525,0.27236250042915344,0.29647499322891235,0.3075000047683716,0.282337486743927,0.29311248660087585,0.2875874936580658,0.28894999623298645,0.25220000743865967,0.28540000319480896,0.2937375009059906,0.27118751406669617,0.2748374938964844,0.3076249957084656,0.3022249937057495,0.30684998631477356,0.2773500084877014,0.2987625002861023,0.28827500343322754,0.2904624938964844,0.2848750054836273,0.2924000024795532,0.28466248512268066,0.2685000002384186,0.2989875078201294,0.2734625041484833,0.306362509727478,0.2818250060081482,0.30908751487731934,0.28472501039505005,0.2824000120162964,0.2796750068664551,0.29301249980926514,0.2677375078201294,0.2799125015735626,0.30720001459121704,0.3089999854564667,0.29971250891685486,0.2946625053882599,0.28203749656677246,0.2817625105381012,0.27166250348091125,0.30812498927116394,0.29284998774528503,0.3004625141620636,0.280537486076355,0.29518750309944153,0.27035000920295715,0.28708750009536743,0.2482375055551529,0.2826874852180481,0.2624624967575073,0.29385000467300415,0.2712250053882599,0.30467501282691956,0.31264999508857727,0.3273625075817108,0.31839999556541443,0.29910001158714294,0.28123751282691956,0.26653748750686646,0.2833249866962433,0.2856625020503998,0.3026624917984009,0.3231875002384186,0.29464998841285706,0.3112500011920929,0.2787500023841858,0.2591874897480011,0.27563750743865967,0.2854374945163727,0.30951249599456787,0.2879124879837036,0.2874250113964081,0.3283500075340271,0.3012624979019165,0.2964250147342682,0.29161250591278076,0.2957499921321869,0.2896375060081482,0.2939375042915344,0.3204500079154968,0.28476250171661377,0.30709999799728394,0.3170374929904938,0.29801249504089355,0.29983749985694885,0.2893500030040741,0.2905749976634979,0.26253750920295715,0.2764374911785126,0.30928748846054077,0.2962625026702881,0.27636250853538513,0.29182499647140503,0.2883625030517578,0.3018749952316284,0.3001999855041504,0.3229750096797943,0.30959999561309814,0.27373749017715454,0.26663750410079956,0.2576749920845032,0.303849995136261,0.30898749828338623,0.3015249967575073,0.2900499999523163,0.28981250524520874,0.29803749918937683,0.2796874940395355,0.2718000113964081,0.29497501254081726,0.2944999933242798,0.30410000681877136,0.30358749628067017,0.2895750105381012,0.2904750108718872,0.31584998965263367,0.2819499969482422,0.2922999858856201,0.29580000042915344,0.31058749556541443,0.2668749988079071,0.33121249079704285,0.2775000035762787,0.29708749055862427,0.3111000061035156,0.2766124904155731,0.3097124993801117,0.29433751106262207,0.3170875012874603,0.2847374975681305,0.2946375012397766,0.3278749883174896,0.30605000257492065,0.3081749975681305,0.2972624897956848,0.28769999742507935,0.305587500333786,0.2786000072956085,0.2966499924659729,0.3039250075817108,0.31130000948905945,0.29965001344680786,0.301862508058548,0.30002498626708984,0.2953749895095825,0.28587499260902405,0.2920750081539154,0.30038750171661377,0.3014124929904938,0.29522499442100525,0.2907874882221222,0.3034000098705292,0.29538750648498535,0.30098751187324524,0.29848751425743103,0.3060874938964844,0.2994374930858612,0.3031249940395355,0.3004249930381775,0.31971248984336853,0.3044624924659729,0.27098751068115234,0.2847500145435333,0.31203749775886536,0.3112874925136566,0.3122124969959259,0.2768999934196472,0.3242250084877014,0.26701250672340393,0.2727000117301941,0.28812500834465027,0.2808625102043152,0.28423750400543213,0.3093000054359436,0.25870001316070557,0.2743625044822693,0.2830375134944916,0.3060374855995178,0.32945001125335693,0.2784999907016754,0.3096500039100647,0.31527501344680786,0.26196250319480896,0.2904750108718872,0.2935749888420105,0.3039500117301941,0.27764999866485596,0.28529998660087585,0.30149999260902405,0.28511250019073486,0.28088751435279846,0.2888124883174896,0.29884999990463257,0.2779875099658966,0.33320000767707825,0.29307499527931213,0.3066500127315521,0.2801874876022339,0.29637500643730164,0.2890250086784363,0.2822999954223633,0.30662500858306885,0.2953999936580658,0.30162501335144043,0.28538748621940613,0.3009749948978424,0.28760001063346863,0.29903748631477356,0.2964250147342682,0.2845875024795532,0.3052375018596649,0.3028374910354614,0.28002500534057617,0.3148624897003174,0.25714999437332153,0.2869749963283539,0.3165000081062317,0.2881374955177307,0.3070875108242035,0.30508750677108765,0.3071500062942505,0.2640874981880188,0.29141250252723694,0.28687500953674316,0.29411250352859497,0.28815001249313354,0.2797999978065491,0.32932499051094055,0.30012500286102295,0.3035750091075897,0.2957499921321869,0.2934874892234802,0.28565001487731934,0.29433751106262207,0.30556249618530273,0.31310001015663147,0.29967498779296875,0.2966249883174896,0.3059999942779541,0.3030250072479248,0.3183000087738037,0.3203125,0.3078624904155731,0.30755001306533813,0.2800624966621399,0.29385000467300415,0.2854374945163727,0.29945001006126404,0.2955999970436096,0.28337499499320984,0.2887125015258789,0.2925249934196472,0.30307498574256897,0.3030250072479248,0.2897374927997589,0.3045249879360199,0.3035374879837036,0.30396249890327454,0.3061249852180481,0.2894875109195709,0.3240250051021576,0.30892500281333923,0.31981250643730164,0.3050749897956848,0.2888374924659729,0.2903749942779541,0.29243749380111694,0.3158875107765198,0.2709749937057495,0.3100374937057495,0.30416250228881836,0.2773124873638153,0.2815124988555908,0.29778748750686646,0.31716251373291016,0.2833999991416931,0.2971999943256378,0.30777499079704285,0.2875874936580658,0.2894875109195709,0.29983749985694885,0.3100999891757965,0.2861874997615814,0.2901250123977661,0.2875500023365021,0.30178749561309814,0.28993749618530273,0.29752498865127563,0.29676249623298645,0.30156248807907104,0.3245624899864197,0.3041749894618988,0.2948625087738037,0.2932499945163727,0.3049750030040741,0.3060624897480011,0.27278751134872437,0.2977375090122223,0.30364999175071716,0.29589998722076416,0.3035125136375427,0.2850624918937683,0.2889249920845032,0.3012374937534332,0.28806251287460327,0.2950249910354614,0.3241499960422516,0.2930249869823456,0.32282501459121704,0.2933749854564667,0.32647499442100525,0.3088124990463257,0.25247499346733093,0.32885000109672546,0.32317501306533813,0.29497501254081726,0.2932625114917755,0.2957000136375427,0.2977375090122223,0.32516250014305115,0.31839999556541443,0.26826250553131104,0.30855000019073486,0.2966749966144562,0.2937124967575073,0.3183000087738037,0.29120001196861267,0.34472501277923584,0.31552499532699585,0.296875,0.34310001134872437,0.2941874861717224,0.30035001039505005,0.29686251282691956,0.2903749942779541,0.2803249955177307,0.30006250739097595,0.29571250081062317,0.2938250005245209,0.3098500072956085,0.2930625081062317,0.3249875009059906,0.30649998784065247,0.29910001158714294,0.3127875030040741,0.3065750002861023,0.3350749909877777,0.32657501101493835,0.32618749141693115,0.3299500048160553,0.3109624981880188,0.28395000100135803,0.30660000443458557,0.2902500033378601,0.28847500681877136,0.3025124967098236,0.3046624958515167,0.32791250944137573,0.33242499828338623,0.2950249910354614,0.30902498960494995,0.3086875081062317,0.30559998750686646,0.25786250829696655,0.27351251244544983,0.3106499910354614,0.28001248836517334,0.3005250096321106,0.3140124976634979,0.32717499136924744,0.3217875063419342,0.32196250557899475,0.31782498955726624,0.2983500063419342,0.30131250619888306,0.29065001010894775,0.2917500138282776,0.30797499418258667,0.3143500089645386,0.30223751068115234,0.27496251463890076,0.3031125068664551,0.3014500141143799,0.31088748574256897,0.3307124972343445,0.3060374855995178,0.29965001344680786,0.2955875098705292,0.2779250144958496,0.3174374997615814,0.3036249876022339,0.311662495136261,0.3030250072479248,0.31459999084472656,0.3121874928474426,0.2874000072479248,0.2928749918937683,0.30230000615119934,0.2942749857902527,0.275175005197525,0.29138749837875366,0.299699991941452,0.29891249537467957,0.29688748717308044,0.3030250072479248,0.28485000133514404,0.30105000734329224,0.2771874964237213,0.31351250410079956,0.3111500144004822,0.28936249017715454,0.28091248869895935,0.28029999136924744,0.2841250002384186,0.2890374958515167,0.30278751254081726,0.30851250886917114,0.3056125044822693,0.30752500891685486,0.2995625138282776,0.28878751397132874,0.33457499742507935,0.2861874997615814,0.31043750047683716,0.32464998960494995,0.27777498960494995,0.3104875087738037,0.31933748722076416,0.3251749873161316,0.31380000710487366,0.31431248784065247,0.29003751277923584,0.28462499380111694,0.303849995136261,0.29186248779296875,0.31936249136924744,0.3218874931335449,0.2867250144481659,0.29627498984336853,0.310637503862381,0.3121750056743622,0.30656251311302185,0.2854999899864197,0.281187504529953,0.3049750030040741,0.2974500060081482,0.31001248955726624,0.29183751344680786,0.32542499899864197,0.2798125147819519,0.29817500710487366,0.31261250376701355,0.3102875053882599,0.3236750066280365,0.3032749891281128,0.30057498812675476,0.2765125036239624,0.29401248693466187,0.28568750619888306,0.31363749504089355,0.30147498846054077,0.3132624924182892,0.2881374955177307,0.3185875117778778,0.31888750195503235,0.27320000529289246,0.327287495136261,0.32647499442100525,0.2963874936103821,0.29663750529289246,0.30451250076293945,0.30031248927116394,0.289000004529953,0.271575003862381,0.28022500872612,0.2997249960899353,0.31779998540878296,0.335875004529953,0.2747125029563904,0.3247624933719635,0.3042125105857849,0.30079999566078186,0.3062874972820282,0.2970125079154968,0.28667500615119934,0.32295000553131104,0.3085249960422516,0.28644999861717224,0.33147498965263367,0.3109875023365021,0.28494998812675476,0.3004249930381775,0.29273751378059387,0.29708749055862427,0.32721251249313354,0.32698750495910645,0.33502501249313354,0.30678749084472656,0.33457499742507935,0.2578375041484833,0.3123624920845032,0.3189750015735626,0.2944124937057495,0.28905001282691956,0.2843500077724457,0.288162499666214,0.3041124939918518,0.3201749920845032,0.3205625116825104,0.32641249895095825,0.313275009393692,0.3135499954223633,0.3129250109195709,0.31095001101493835,0.2963624894618988,0.2906624972820282,0.3123624920845032,0.31248751282691956,0.3230000138282776,0.3024500012397766,0.32542499899864197,0.2971999943256378,0.31023749709129333,0.320499986410141,0.2799749970436096,0.29951250553131104,0.28870001435279846,0.29093751311302185,0.28171250224113464,0.3081875145435333,0.329987496137619,0.2885499894618988,0.3017500042915344,0.2847124934196472,0.3372749984264374,0.30828750133514404,0.3211750090122223,0.3111625015735626,0.29144999384880066,0.2973625063896179,0.3163374960422516,0.3286625146865845,0.2853125035762787,0.31995001435279846,0.3016499876976013,0.2890625,0.30018749833106995,0.30649998784065247,0.3352625072002411,0.29276248812675476,0.3062250018119812,0.28651249408721924,0.2817249894142151,0.3333125114440918,0.27767500281333923,0.3097749948501587,0.29448750615119934,0.31158751249313354,0.29167500138282776,0.3076874911785126,0.30572500824928284,0.30473750829696655,0.3184874951839447,0.3043999969959259,0.3327375054359436,0.27416250109672546,0.28478750586509705,0.31949999928474426,0.2949874997138977,0.3393875062465668,0.29083749651908875,0.280474990606308,0.29912498593330383,0.29887500405311584,0.29787498712539673,0.2903999984264374,0.3002375066280365,0.30562499165534973,0.3084999918937683,0.3150250017642975,0.328900009393692,0.31850001215934753,0.3189125061035156,0.30863749980926514,0.31648749113082886,0.2792249917984009,0.3100999891757965,0.3461250066757202,0.32257500290870667,0.3283500075340271,0.3100624978542328,0.3204750120639801,0.27393749356269836,0.28815001249313354,0.2954750061035156,0.3128125071525574,0.3071874976158142,0.3139125108718872,0.3140749931335449,0.33066248893737793,0.31060001254081726,0.3130125105381012,0.3039875030517578,0.3054499924182892,0.30562499165534973,0.3082500100135803,0.30016249418258667,0.31040000915527344,0.31119999289512634,0.30959999561309814,0.31212499737739563,0.30643749237060547,0.3236750066280365,0.3078624904155731,0.3104875087738037,0.3034749925136566,0.3090749979019165,0.3134874999523163,0.3153125047683716,0.3130500018596649,0.29833748936653137,0.2887499928474426,0.3109999895095825,0.3247374892234802,0.3028999865055084,0.3157750070095062,0.3185249865055084,0.30038750171661377,0.3025749921798706,0.3181999921798706,0.2712624967098236,0.2909125089645386,0.27563750743865967,0.2942124903202057,0.2836250066757202,0.3168874979019165,0.31744998693466187,0.3199000060558319,0.3011375069618225,0.3053250014781952,0.2985999882221222,0.2938750088214874,0.32155001163482666,0.296037495136261,0.33774998784065247,0.30467501282691956,0.3289250135421753,0.34607499837875366,0.32074999809265137,0.29760000109672546,0.31415000557899475,0.32074999809265137,0.3102250099182129,0.2853749990463257,0.3112500011920929,0.3211125135421753,0.27271249890327454,0.2933124899864197,0.30059999227523804,0.2945375144481659,0.3131999969482422,0.3078874945640564,0.2912375032901764,0.290737509727478,0.2785874903202057,0.306487500667572,0.32602500915527344,0.3001750111579895,0.3139500021934509,0.2926875054836273,0.3195500075817108,0.3094500005245209,0.3037000000476837,0.31501251459121704,0.26768749952316284,0.28501251339912415,0.3145250082015991,0.3162125051021576,0.2890999913215637,0.33432498574256897,0.30461248755455017,0.3166874945163727,0.29420000314712524,0.29147499799728394,0.3331249952316284,0.2718375027179718,0.3015874922275543,0.29308751225471497,0.288875013589859,0.2838749885559082,0.30022498965263367,0.2877250015735626,0.29464998841285706,0.3151000142097473,0.29442501068115234,0.2578375041484833,0.29116249084472656,0.29660001397132874,0.2934125065803528,0.3065750002861023,0.318325012922287,0.2839125096797943,0.27935001254081726,0.28411251306533813,0.3174625039100647,0.2842625081539154,0.2807124853134155,0.3001500070095062,0.2905749976634979,0.3213624954223633,0.3181000053882599,0.306487500667572,0.2888374924659729,0.27607500553131104,0.2900499999523163,0.2964000105857849,0.29048749804496765,0.28376251459121704,0.29052498936653137,0.3039500117301941,0.3136500120162964,0.2875249981880188,0.30316248536109924,0.29346251487731934,0.2820500135421753,0.31693750619888306,0.33959999680519104,0.3174999952316284,0.28507500886917114,0.32036250829696655,0.29762500524520874,0.3292374908924103,0.317425012588501,0.3079249858856201,0.30640000104904175,0.30883750319480896,0.3049375116825104,0.2838999927043915,0.30094999074935913,0.3147374987602234,0.29243749380111694,0.3080124855041504,0.32612499594688416,0.31644999980926514,0.3197374939918518,0.30067500472068787,0.31296250224113464,0.3091374933719635,0.33709999918937683,0.28868749737739563,0.3122124969959259,0.3284499943256378,0.32177498936653137,0.3004625141620636,0.2941874861717224,0.28997498750686646,0.30410000681877136,0.3095250129699707,0.27108749747276306,0.345550000667572,0.30057498812675476,0.33053749799728394,0.30408748984336853,0.321212500333786,0.3007875084877014,0.30848750472068787,0.33387500047683716,0.2838749885559082,0.2979249954223633,0.29278749227523804,0.3033750057220459,0.3160000145435333,0.30198749899864197,0.2820749878883362,0.30338749289512634,0.3314625024795532,0.3170124888420105,0.3201749920845032,0.30935001373291016,0.289900004863739,0.28273749351501465,0.2937375009059906,0.3082500100135803,0.30127501487731934,0.2922250032424927,0.3189750015735626,0.29385000467300415,0.30880001187324524,0.30182498693466187,0.3125,0.29965001344680786,0.29996249079704285,0.2766749858856201,0.3016124963760376,0.2924250066280365,0.3243125081062317,0.30986249446868896,0.3208500146865845,0.31203749775886536,0.2881374955177307,0.3150874972343445,0.3082750141620636,0.29374998807907104,0.29957500100135803,0.2851000130176544,0.3163500130176544,0.2975749969482422,0.29971250891685486,0.32214999198913574,0.2929374873638153,0.30133751034736633,0.3268499970436096,0.29774999618530273,0.3058624863624573,0.3319999873638153,0.30607500672340393,0.3050374984741211,0.31940001249313354,0.3199625015258789,0.2810499966144562,0.2984499931335449,0.2895374894142151,0.3199999928474426,0.30588749051094055,0.27908751368522644,0.33434998989105225,0.3011625111103058,0.31923750042915344,0.3158249855041504,0.2703000009059906,0.31587499380111694,0.2928999960422516,0.31107500195503235,0.3042750060558319,0.2895124852657318,0.29903748631477356,0.25984999537467957,0.29840001463890076,0.33957499265670776,0.31283751130104065,0.2909500002861023,0.30506250262260437,0.2995874881744385,0.30352500081062317,0.2981874942779541,0.297775000333786,0.3161124885082245,0.3119249939918518,0.30287501215934753,0.3083750009536743,0.31101250648498535,0.30125001072883606,0.3274500072002411,0.2922374904155731,0.3110499978065491,0.3160000145435333,0.29413750767707825
0.391400009393692,0.560699999332428,0.5703999996185303,0.6682999730110168,0.6934000253677368,0.7351999878883362,0.7286999821662903,0.7329999804496765,0.7461000084877014,0.7554000020027161,0.6980999708175659,0.6988999843597412,0.6959999799728394,0.6841999888420105,0.6980000138282776,0.6722999811172485,0.660099983215332,0.6633999943733215,0.6384000182151794,0.6309999823570251,0.6184999942779541,0.6233000159263611,0.6018999814987183,0.5993000268936157,0.5965999960899353,0.5957000255584717,0.5928000211715698,0.5835999846458435,0.5498999953269958,0.5386000275611877,0.5504999756813049,0.5566999912261963,0.5257999897003174,0.553600013256073,0.51910001039505,0.5144000053405762,0.4927000105381012,0.48919999599456787,0.5094000101089478,0.5285000205039978,0.5037999749183655,0.4975000023841858,0.5013999938964844,0.49959999322891235,0.49570000171661377,0.5023999810218811,0.5001000165939331,0.4984999895095825,0.5016000270843506,0.4984999895095825,0.5044999718666077,0.4984999895095825,0.48989999294281006,0.5005000233650208,0.5180000066757202,0.5185999870300293,0.4977000057697296,0.5108000040054321,0.5045999884605408,0.5073999762535095,0.5309000015258789,0.5008999705314636,0.4970000088214874,0.5034999847412109,0.5271999835968018,0.5098000168800354,0.5163000226020813,0.5389999747276306,0.4997999966144562,0.5159000158309937,0.5598999857902527,0.554099977016449,0.5386000275611877,0.5400000214576721,0.5454000234603882,0.5404999852180481,0.5210999846458435,0.5115000009536743,0.5120000243186951,0.5214999914169312,0.5511999726295471,0.5677000284194946,0.5335999727249146,0.5656999945640564,0.5855000019073486,0.5550000071525574,0.5723000168800354,0.608299970626831,0.5509999990463257,0.5997999906539917,0.5370000004768372,0.5695000290870667,0.5503000020980835,0.5978999733924866,0.6060000061988831,0.5860000252723694,0.5964999794960022,0.583899974822998,0.6086999773979187,0.5612999796867371,0.5910999774932861,0.6281999945640564,0.6072999835014343,0.6083999872207642,0.6025000214576721,0.5853999853134155,0.6100999712944031,0.6068999767303467,0.597000002861023,0.6211000084877014,0.6467000246047974,0.6155999898910522,0.6158000230789185,0.633400022983551,0.6420999765396118,0.6309999823570251,0.6272000074386597,0.6367999911308289,0.6317999958992004,0.6396999955177307,0.6261000037193298,0.6334999799728394,0.6377000212669373,0.6518999934196472,0.6420999765396118,0.6097999811172485,0.649399995803833,0.6273000240325928,0.6344000101089478,0.638700008392334,0.6269999742507935,0.654699981212616,0.6455000042915344,0.660099983215332,0.661899983882904,0.6452999711036682,0.6409000158309937,0.6715999841690063,0.6414999961853027,0.6585999727249146,0.6624000072479248,0.6417999863624573,0.6725999712944031,0.6747000217437744,0.6733999848365784,0.6474000215530396,0.6539999842643738,0.6581000089645386,0.6626999974250793,0.671999990940094,0.6876999735832214,0.6804999709129333,0.6852999925613403,0.6865000128746033,0.6848999857902527,0.6600000262260437,0.6686000227928162,0.684499979019165,0.6593999862670898,0.671500027179718,0.6657999753952026,0.6898000240325928,0.6722999811172485,0.6988999843597412,0.7055000066757202,0.7084000110626221,0.6996999979019165,0.7053999900817871,0.7075999975204468,0.6980999708175659,0.7023000121116638,0.6983000040054321,0.6966000199317932,0.694100022315979,0.7106999754905701,0.7038000226020813,0.6879000067710876,0.6898999810218811,0.7010999917984009,0.697700023651123,0.70660001039505,0.6960999965667725,0.6840999722480774,0.6942999958992004,0.6953999996185303,0.6995000243186951,0.6973999738693237,0.6976000070571899,0.7024000287055969,0.699999988079071,0.7019000053405762,0.7103999853134155,0.6933000087738037,0.7035999894142151,0.6965000033378601,0.6990000009536743,0.7059000134468079,0.7128999829292297,0.7099000215530396,0.7149999737739563,0.7148000001907349,0.7114999890327454,0.7150999903678894,0.7092999815940857,0.7166000008583069,0.7125999927520752,0.7179999947547913,0.7087000012397766,0.7103000283241272,0.7128000259399414,0.7128000259399414,0.704200029373169,0.7106999754905701,0.7032999992370605,0.715499997138977,0.7093999981880188,0.717199981212616,0.714900016784668,0.7096999883651733,0.7081999778747559,0.7120000123977661,0.7135000228881836,0.708899974822998,0.7088000178337097,0.7016000151634216,0.705299973487854,0.7153000235557556,0.7031999826431274,0.722599983215332,0.7141000032424927,0.7253000140190125,0.722000002861023,0.722599983215332,0.7192000150680542,0.7164999842643738,0.7251999974250793,0.7124000191688538,0.7240999937057495,0.7249000072479248,0.7161999940872192,0.7189000248908997,0.7117000222206116,0.7166000008583069,0.7245000004768372,0.7210000157356262,0.7215999960899353,0.7160999774932861,0.7159000039100647,0.718500018119812,0.7006999850273132,0.7257999777793884,0.7149999737739563,0.7206000089645386,0.7253000140190125,0.7235999703407288,0.7351999878883362,0.7181000113487244,0.7249000072479248,0.7166000008583069,0.7106999754905701,0.7200999855995178,0.7178000211715698,0.7235000133514404,0.7175999879837036,0.7184000015258789,0.7340999841690063,0.7200000286102295,0.718999981880188,0.7195000052452087,0.7264000177383423,0.732200026512146,0.732200026512146,0.7253000140190125,0.7281000018119812,0.7386000156402588,0.7281000018119812,0.7394999861717224,0.7444999814033508,0.7297999858856201,0.7383000254631042,0.7418000102043152,0.7476999759674072,0.734000027179718,0.7595999836921692,0.7368000149726868,0.7511000037193298,0.7513999938964844,0.7426999807357788,0.7577000260353088,0.7562999725341797,0.7721999883651733,0.7497000098228455,0.7498999834060669,0.7583000063896179,0.7663999795913696,0.7598000168800354,0.7534000277519226,0.7590000033378601,0.7603999972343445,0.765500009059906,0.75,0.7674999833106995,0.7656999826431274,0.7753000259399414,0.7786999940872192,0.7800999879837036,0.7836999893188477,0.7732999920845032,0.7778000235557556,0.7871000170707703,0.7864000201225281,0.7849000096321106,0.7897999882698059,0.7764999866485596,0.7827000021934509,0.7907999753952026,0.779699981212616,0.7807000279426575,0.7842000126838684,0.7907000184059143,0.7792999744415283,0.7888000011444092,0.7749999761581421,0.7846999764442444,0.789900004863739,0.7803000211715698,0.786300003528595,0.7851999998092651,0.7662000060081482,0.7932000160217285,0.7939000129699707,0.7983999848365784,0.7937999963760376,0.7960000038146973,0.7851999998092651,0.7839000225067139,0.7904000282287598,0.7839999794960022,0.7943999767303467,0.7904000282287598,0.7935000061988831,0.7940999865531921,0.7935000061988831,0.791100025177002,0.7882999777793884,0.7820000052452087,0.7857000231742859,0.7908999919891357,0.7911999821662903,0.7914999723434448,0.7904999852180481,0.7950999736785889,0.802299976348877,0.7997999787330627,0.7997999787330627,0.7954999804496765,0.796999990940094,0.8068000078201294,0.8011000156402588,0.8026999831199646,0.7982000112533569,0.8065000176429749,0.7954000234603882,0.8001999855041504,0.8019999861717224,0.8058000206947327,0.7979999780654907,0.8077999949455261,0.7975999712944031,0.8047000169754028,0.8094000220298767,0.7986000180244446,0.8033999800682068,0.8039000034332275,0.8133000135421753,0.8140000104904175,0.8192999958992004,0.8147000074386597,0.8123999834060669,0.8101000189781189,0.8062999844551086,0.8069999814033508,0.8133999705314636,0.8057000041007996,0.7919999957084656,0.8165000081062317,0.810699999332428,0.8126000165939331,0.8123999834060669,0.8119000196456909,0.808899998664856,0.8111000061035156,0.8037999868392944,0.8105000257492065,0.8064000010490417,0.8130999803543091,0.8027999997138977,0.8147000074386597,0.8066999912261963,0.8119000196456909,0.8068000078201294,0.8065000176429749,0.810699999332428,0.8058000206947327,0.8127999901771545,0.8102999925613403,0.8101999759674072,0.8151000142097473,0.8090999722480774,0.8137000203132629,0.8115000128746033,0.8102999925613403,0.8095999956130981,0.8144999742507935,0.8148999810218811,0.8127999901771545,0.814300000667572,0.8116000294685364,0.8091999888420105,0.8095999956130981,0.8138999938964844,0.8098000288009644,0.8062999844551086,0.8108999729156494,0.8050000071525574,0.8116999864578247,0.8093000054359436,0.8127999901771545,0.8148999810218811,0.8130999803543091,0.8158000111579895,0.8080000281333923,0.8137999773025513,0.8116999864578247,0.8101000189781189,0.8144000172615051,0.8051999807357788,0.8134999871253967,0.8141999840736389,0.805899977684021,0.8141000270843506,0.8133999705314636,0.8073999881744385,0.8130000233650208,0.8090999722480774,0.8097000122070312,0.8152999877929688,0.8180999755859375,0.8237000107765198,0.8190000057220459,0.8179000020027161,0.8180000185966492,0.8185999989509583,0.8213000297546387,0.8227999806404114,0.8201000094413757,0.8198000192642212,0.821399986743927,0.8209999799728394,0.8220999836921692,0.816100001335144,0.8191999793052673,0.8187000155448914,0.8208000063896179,0.819100022315979,0.8216000199317932,0.8248999714851379,0.8201000094413757,0.8119999766349792,0.8256999850273132,0.822700023651123,0.8259000182151794,0.8179000020027161,0.820900022983551,0.8238000273704529,0.8224999904632568,0.8227999806404114,0.8162000179290771,0.8203999996185303,0.8176000118255615,0.8202999830245972,0.8289999961853027,0.8224999904632568,0.8203999996185303,0.8281999826431274,0.8281000256538391,0.8263999819755554,0.8252999782562256,0.8235999941825867,0.8166000247001648,0.8260999917984009,0.823199987411499,0.8223000168800354,0.8263000249862671,0.8294000029563904,0.8285999894142151,0.8205999732017517,0.8319000005722046,0.833299994468689,0.826200008392334,0.8273000121116638,0.8288999795913696,0.8210999965667725,0.824400007724762,0.8203999996185303,0.8292999863624573,0.8410000205039978,0.8295000195503235,0.8348000049591064,0.829800009727478,0.8277999758720398,0.829800009727478,0.824999988079071,0.8209999799728394,0.8274000287055969,0.8263000249862671,0.8256000280380249,0.8288999795913696,0.8296999931335449,0.8238000273704529,0.8158000111579895,0.8292999863624573,0.8245000243186951,0.8317000269889832,0.8223000168800354,0.8241000175476074,0.8277999758720398,0.8234000205993652,0.830299973487854,0.8307999968528748,0.8253999948501587,0.8288999795913696,0.8216000199317932,0.8324999809265137,0.8263000249862671,0.8288000226020813,0.8331000208854675,0.8263999819755554,0.8222000002861023,0.8300999999046326,0.8317000269889832,0.8252999782562256,0.8345000147819519,0.8287000060081482,0.8227999806404114,0.835099995136261,0.8276000022888184,0.8339999914169312,0.8310999870300293,0.8260999917984009,0.8228999972343445,0.8325999975204468,0.8209999799728394,0.8278999924659729,0.8246999979019165,0.8281000256538391,0.828499972820282,0.8201000094413757,0.8274000287055969,0.8241000175476074,0.8323000073432922,0.8278999924659729,0.8289999961853027,0.8281999826431274,0.8246999979019165,0.8312000036239624,0.8242999911308289,0.830299973487854,0.8278999924659729,0.8306999802589417,0.8266000151634216,0.8241999745368958,0.830299973487854,0.8197000026702881,0.8313999772071838,0.8281000256538391,0.8278999924659729,0.8288999795913696,0.8264999985694885,0.8240000009536743,0.8248999714851379,0.824400007724762,0.821399986743927,0.829200029373169,0.822700023651123,0.8284000158309937,0.828000009059906,0.8309000134468079,0.8313999772071838,0.819599986076355,0.8328999876976013,0.8285999894142151,0.8282999992370605,0.8324000239372253,0.8263999819755554,0.8314999938011169,0.823199987411499,0.8209999799728394,0.8345999717712402,0.8270999789237976,0.8276000022888184,0.8245000243186951,0.8209999799728394,0.8216000199317932,0.826200008392334,0.8240000009536743,0.8259000182151794,0.8252000212669373,0.828499972820282,0.8296999931335449,0.8357999920845032,0.8266000151634216,0.8252000212669373,0.8296999931335449,0.8295999765396118,0.8295999765396118,0.8263999819755554,0.822700023651123,0.8325999975204468,0.8302000164985657,0.833299994468689,0.8212000131607056,0.8295999765396118,0.8248999714851379,0.833899974822998,0.8256999850273132,0.8245999813079834,0.8245000243186951,0.8235999941825867,0.823199987411499,0.8226000070571899,0.8282999992370605,0.8278999924659729,0.8264999985694885,0.8246999979019165,0.8302000164985657,0.8266000151634216,0.8260999917984009,0.8337000012397766,0.8324999809265137,0.8288000226020813,0.8222000002861023,0.8238000273704529,0.8274999856948853,0.8310999870300293,0.8270000219345093,0.824400007724762,0.8313999772071838,0.832099974155426,0.8274000287055969,0.8205000162124634,0.8291000127792358,0.821399986743927,0.822700023651123,0.8245000243186951,0.8269000053405762,0.8281999826431274,0.8325999975204468,0.8345999717712402,0.8317000269889832,0.8370000123977661,0.8349999785423279,0.8378999829292297,0.8352000117301941,0.8324000239372253,0.8378999829292297,0.8317000269889832,0.8349000215530396,0.8357999920845032,0.8355000019073486,0.8339999914169312,0.8356000185012817,0.8393999934196472,0.8381999731063843,0.8331999778747559,0.8331999778747559,0.8349000215530396,0.8393999934196472,0.8440999984741211,0.8367999792098999,0.8360000252723694,0.8410999774932861,0.8337000012397766,0.8385999798774719,0.8356000185012817,0.8360000252723694,0.8288000226020813,0.8324999809265137,0.8378999829292297,0.8349999785423279,0.8379999995231628,0.835099995136261,0.833299994468689,0.8338000178337097,0.8366000056266785,0.8367999792098999,0.8349999785423279,0.8335000276565552,0.8402000069618225,0.8317000269889832,0.8375999927520752,0.8370000123977661,0.8393999934196472,0.8345999717712402,0.8367999792098999,0.8447999954223633,0.8406000137329102,0.8356999754905701,0.8325999975204468,0.8317999839782715,0.8305000066757202,0.833899974822998,0.8345000147819519,0.8349999785423279,0.8416000008583069,0.8409000039100647,0.8392000198364258,0.8399999737739563,0.8312000036239624,0.8337000012397766,0.8370000123977661,0.8341000080108643,0.8409000039100647,0.832099974155426,0.8334000110626221,0.8414000272750854,0.8337000012397766,0.8413000106811523,0.8364999890327454,0.8392000198364258,0.8292999863624573,0.8342999815940857,0.8314999938011169,0.8384000062942505,0.8371999859809875,0.84170001745224,0.8303999900817871,0.8398000001907349,0.8337000012397766,0.8373000025749207,0.8414000272750854,0.8359000086784363,0.8349999785423279,0.8411999940872192,0.8432999849319458,0.8375999927520752,0.8341000080108643,0.8379999995231628,0.8299999833106995,0.8378000259399414,0.8399999737739563,0.8356000185012817,0.830299973487854,0.8273000121116638,0.838100016117096,0.8352000117301941,0.8323000073432922,0.8352000117301941,0.8400999903678894,0.8399999737739563,0.8410000205039978,0.8349000215530396,0.8319000005722046,0.839900016784668,0.8413000106811523,0.8396999835968018,0.8321999907493591,0.8395000100135803,0.8343999981880188,0.8342999815940857,0.8370000123977661,0.8391000032424927,0.8310999870300293,0.8360999822616577,0.8364999890327454,0.8324999809265137,0.8375999927520752,0.8360999822616577,0.8363000154495239,0.8349000215530396,0.8367000222206116,0.8343999981880188,0.8352000117301941,0.833299994468689,0.8355000019073486,0.8285999894142151,0.8345000147819519,0.8379999995231628,0.8407999873161316,0.8363999724388123,0.8324000239372253,0.8348000049591064,0.8388000130653381,0.8379999995231628,0.8349999785423279,0.8410000205039978,0.8364999890327454,0.8454999923706055,0.8314999938011169,0.8309000134468079,0.836899995803833,0.840399980545044,0.8389000296592712,0.8317999839782715,0.8342999815940857,0.8338000178337097,0.8330000042915344,0.8328999876976013,0.8330000042915344,0.8396999835968018,0.8395000100135803,0.8389000296592712,0.8349999785423279,0.8363000154495239,0.8306000232696533,0.8348000049591064,0.8342999815940857,0.8385000228881836,0.8309999704360962,0.8331000208854675,0.8339999914169312,0.8287000060081482,0.8370000123977661,0.8223000168800354,0.8317000269889832,0.8431000113487244,0.83160001039505,0.8299999833106995,0.8343999981880188,0.8359000086784363,0.8373000025749207,0.8353999853134155,0.8307999968528748,0.8319000005722046,0.8349000215530396,0.8330000042915344,0.836899995803833,0.8339999914169312,0.8348000049591064,0.8348000049591064,0.8339999914169312,0.8413000106811523,0.8260999917984009,0.8374999761581421,0.8342999815940857,0.8402000069618225,0.8360999822616577,0.8312000036239624,0.8367000222206116,0.8399999737739563,0.8327999711036682,0.842199981212616,0.8373000025749207,0.8391000032424927,0.8374000191688538,0.8341000080108643,0.8453999757766724,0.8327000141143799,0.838100016117096,0.838699996471405,0.8392000198364258,0.8319000005722046,0.8381999731063843,0.8291000127792358,0.8389000296592712,0.8324999809265137,0.8321999907493591,0.8342999815940857,0.8379999995231628,0.8379999995231628,0.8270000219345093,0.8378999829292297,0.8317999839782715,0.8342000246047974,0.833299994468689,0.8348000049591064,0.8363999724388123,0.8385000228881836,0.8370000123977661,0.8367999792098999,0.8335000276565552,0.8342999815940857,0.8331000208854675,0.8355000019073486,0.8370000123977661,0.8352000117301941,0.8373000025749207,0.835099995136261,0.8352000117301941,0.836899995803833,0.8352000117301941,0.8342000246047974,0.8360999822616577,0.8320000171661377,0.8359000086784363,0.8341000080108643,0.8277999758720398,0.8414999842643738,0.833899974822998,0.8349999785423279,0.8342999815940857,0.8345000147819519,0.8330000042915344,0.8398000001907349,0.8396000266075134,0.8378999829292297,0.8381999731063843,0.8334000110626221,0.8323000073432922,0.8269000053405762,0.838100016117096,0.8367000222206116,0.8360000252723694,0.8392000198364258,0.8403000235557556,0.8359000086784363,0.8385000228881836,0.8366000056266785,0.8296999931335449,0.8306000232696533,0.8345000147819519,0.8349000215530396,0.8364999890327454,0.8353000283241272,0.8356000185012817,0.8330000042915344,0.8382999897003174,0.8392999768257141,0.8314999938011169,0.8321999907493591,0.8449000120162964,0.8355000019073486,0.8371000289916992,0.8371000289916992,0.8319000005722046,0.8357999920845032,0.8402000069618225,0.8328999876976013,0.8409000039100647,0.8355000019073486,0.8349000215530396,0.8366000056266785,0.8382999897003174,0.8410000205039978,0.8338000178337097,0.8384000062942505,0.8349000215530396,0.8373000025749207,0.838699996471405,0.8289999961853027,0.8371000289916992,0.8319000005722046,0.8302000164985657,0.835099995136261,0.8328999876976013,0.8331999778747559,0.8396999835968018,0.8428999781608582,0.8342999815940857,0.8409000039100647,0.8357999920845032,0.8331000208854675,0.832099974155426,0.8367000222206116,0.8313000202178955,0.8407999873161316,0.8352000117301941,0.840399980545044,0.8360999822616577,0.8442999720573425,0.8357999920845032,0.8284000158309937,0.8406999707221985,0.8346999883651733,0.8395000100135803,0.8277000188827515,0.8360000252723694,0.8345000147819519,0.8385000228881836,0.8324000239372253,0.8389000296592712,0.8335000276565552,0.8238000273704529,0.8371999859809875,0.8317999839782715,0.8327000141143799,0.8299999833106995,0.833299994468689,0.8335000276565552,0.8327999711036682,0.8335000276565552,0.8338000178337097,0.8312000036239624,0.8414999842643738,0.8356999754905701,0.8288000226020813,0.8361999988555908,0.8305000066757202,0.8302000164985657,0.8346999883651733,0.8331999778747559,0.8355000019073486,0.8331999778747559,0.8442000150680542,0.8360000252723694,0.8324999809265137,0.833899974822998,0.8348000049591064,0.8414999842643738,0.8360999822616577,0.8330000042915344,0.8356999754905701,0.8353000283241272,0.8382999897003174,0.8338000178337097,0.8345000147819519,0.8349000215530396,0.840499997138977,0.8353999853134155,0.8363000154495239,0.8384000062942505,0.8396000266075134,0.8367000222206116,0.8299999833106995,0.833899974822998,0.832099974155426,0.8325999975204468,0.8306999802589417,0.8331999778747559,0.8324000239372253,0.8353000283241272,0.8359000086784363,0.8324000239372253,0.8324999809265137,0.8360000252723694,0.8327000141143799,0.8328999876976013,0.823199987411499,0.8356999754905701,0.839900016784668,0.8339999914169312,0.8330000042915344,0.8335000276565552,0.8438000082969666,0.8269000053405762,0.8310999870300293,0.8309999704360962,0.8341000080108643,0.8335000276565552,0.8378999829292297,0.8346999883651733,0.8337000012397766,0.8335999846458435,0.8434000015258789,0.8392000198364258,0.8432000279426575,0.8335000276565552,0.835099995136261,0.8345999717712402,0.8353000283241272,0.8360000252723694,0.8349999785423279,0.8325999975204468,0.8317000269889832,0.8392999768257141,0.8299000263214111,0.8302000164985657,0.8345999717712402,0.8360999822616577,0.83160001039505,0.8356999754905701,0.8370000123977661,0.8389999866485596,0.824400007724762,0.8411999940872192,0.8289999961853027,0.8341000080108643,0.8399999737739563,0.8299000263214111,0.8385999798774719,0.8263000249862671,0.8208000063896179,0.8273000121116638,0.8382999897003174,0.8361999988555908,0.8393999934196472,0.8300999999046326,0.8289999961853027,0.8371000289916992,0.8339999914169312,0.8353999853134155,0.8341000080108643,0.8342999815940857,0.8388000130653381,0.8348000049591064,0.8349000215530396,0.8391000032424927,0.8349999785423279,0.8325999975204468,0.8274000287055969,0.8385000228881836,0.8346999883651733,0.8330000042915344,0.8355000019073486,0.839900016784668,0.8410999774932861,0.8364999890327454,0.833899974822998,0.8396999835968018,0.8313000202178955,0.8407999873161316,0.8346999883651733,0.8371999859809875,0.8367999792098999,0.8371999859809875,0.8346999883651733,0.8337000012397766,0.8248999714851379,0.8398000001907349,0.8403000235557556,0.8360999822616577,0.8328999876976013,0.839900016784668,0.829200029373169,0.8305000066757202,0.83160001039505,0.8363000154495239,0.8388000130653381,0.8331999778747559,0.8379999995231628,0.8367999792098999,0.8346999883651733,0.8399999737739563,0.8346999883651733,0.8398000001907349,0.8398000001907349,0.8378000259399414,0.838699996471405,0.8400999903678894,0.8392000198364258,0.8360999822616577,0.833899974822998,0.8324999809265137,0.832099974155426,0.8319000005722046,0.838699996471405,0.8395000100135803,0.8374000191688538,0.8381999731063843,0.8338000178337097,0.8360999822616577,0.8360000252723694,0.8378000259399414,0.8345000147819519,0.8299000263214111,0.840499997138977,0.8349000215530396,0.833899974822998,0.8373000025749207,0.8346999883651733,0.8288000226020813,0.8364999890327454,0.8428999781608582,0.8361999988555908,0.8392999768257141,0.8370000123977661,0.8392999768257141,0.8339999914169312,0.8424999713897705,0.8359000086784363,0.8325999975204468,0.829200029373169,0.8374999761581421,0.8341000080108643,0.832099974155426,0.8406000137329102,0.8345000147819519,0.8317999839782715,0.8360000252723694,0.8295000195503235,0.836899995803833,0.8367000222206116,0.8360000252723694,0.8305000066757202,0.8373000025749207,0.8395000100135803,0.8378999829292297,0.8356000185012817,0.833299994468689,0.8320000171661377,0.8281000256538391,0.8335999846458435,0.8345999717712402,0.8259000182151794,0.8281000256538391,0.8357999920845032,0.8370000123977661,0.8337000012397766,0.8416000008583069,0.8349999785423279,0.8309000134468079,0.8414999842643738,0.8345999717712402,0.836899995803833,0.8357999920845032,0.8313999772071838,0.8392999768257141,0.8339999914169312,0.833299994468689,0.8402000069618225,0.8363999724388123,0.8356000185012817,0.8391000032424927,0.8263000249862671,0.833899974822998,0.835099995136261,0.840499997138977,0.8385000228881836,0.8313999772071838,0.8385000228881836,0.8363000154495239,0.8385999798774719,0.8349999785423279,0.8385000228881836,0.8325999975204468,0.8384000062942505,0.8396999835968018,0.8352000117301941,0.8324000239372253,0.8348000049591064,0.8310999870300293,0.8327999711036682,0.8420000076293945,0.8392000198364258,0.8366000056266785,0.8361999988555908,0.8375999927520752,0.8335999846458435,0.8277999758720398,0.8292999863624573,0.8375999927520752,0.840399980545044,0.8330000042915344,0.8421000242233276,0.8349999785423279,0.833899974822998,0.8353999853134155,0.8288999795913696,0.8319000005722046,0.8349000215530396,0.840499997138977,0.8341000080108643,0.8334000110626221,0.8346999883651733,0.830299973487854,0.8306999802589417,0.8427000045776367,0.8346999883651733,0.8374999761581421,0.8335999846458435,0.8406000137329102,0.840499997138977,0.8343999981880188,0.8335000276565552,0.8417999744415283,0.8335999846458435,0.8334000110626221,0.8388000130653381,0.8334000110626221,0.8356999754905701,0.8363999724388123,0.8384000062942505,0.833899974822998,0.8346999883651733,0.8349999785423279,0.8371999859809875,0.8337000012397766,0.8381999731063843,0.8292999863624573,0.8366000056266785,0.8374999761581421,0.8399999737739563,0.8341000080108643,0.8421000242233276,0.8327000141143799,0.8374000191688538,0.8359000086784363,0.8334000110626221,0.8314999938011169,0.8371999859809875,0.8396000266075134,0.8446999788284302,0.8349000215530396,0.8328999876976013,0.8399999737739563,0.8310999870300293,0.8373000025749207,0.8406000137329102,0.829800009727478,0.84170001745224,0.8306000232696533,0.8378999829292297,0.8327000141143799,0.8385000228881836,0.8335999846458435,0.838699996471405,0.8313999772071838,0.8324000239372253,0.8303999900817871,0.8342000246047974,0.8258000016212463,0.8319000005722046,0.8335999846458435,0.8348000049591064,0.8288999795913696,0.8377000093460083,0.8307999968528748,0.8327000141143799,0.8361999988555908,0.8335000276565552,0.8327999711036682,0.8378000259399414,0.8342000246047974,0.8266000151634216,0.8366000056266785,0.8416000008583069,0.8331999778747559,0.8388000130653381,0.8406999707221985,0.8389999866485596,0.8327000141143799,0.8363999724388123,0.8363999724388123,0.8389000296592712,0.8335000276565552,0.8356999754905701,0.8381999731063843,0.8371000289916992,0.8396000266075134,0.8385999798774719,0.835099995136261,0.8320000171661377,0.8379999995231628,0.8356999754905701,0.8359000086784363,0.8381999731063843,0.8395000100135803,0.8384000062942505,0.8407999873161316,0.8371000289916992,0.8345999717712402,0.832099974155426,0.8307999968528748,0.8321999907493591,0.8307999968528748,0.8429999947547913,0.8309999704360962,0.8410000205039978,0.8364999890327454,0.8309000134468079,0.84170001745224,0.829200029373169,0.8353000283241272,0.8378999829292297,0.8413000106811523,0.8353000283241272,0.8375999927520752,0.8381999731063843,0.8296999931335449,0.836899995803833,0.8349000215530396,0.8367000222206116,0.8331999778747559,0.8330000042915344,0.8361999988555908,0.8403000235557556,0.8399999737739563,0.828000009059906,0.835099995136261,0.8396000266075134,0.8363999724388123,0.8406000137329102,0.8356999754905701,0.8339999914169312,0.8338000178337097,0.8406999707221985,0.829800009727478,0.8335999846458435,0.8364999890327454,0.8335999846458435,0.8305000066757202,0.8317999839782715,0.8348000049591064,0.8324000239372253,0.8398000001907349,0.8305000066757202,0.8396000266075134,0.8392999768257141,0.8299000263214111,0.8349999785423279,0.8364999890327454,0.8396000266075134,0.8363999724388123,0.8353000283241272,0.8352000117301941,0.8327000141143799,0.8454999923706055,0.8345000147819519,0.8414000272750854,0.832099974155426,0.8338000178337097,0.8341000080108643,0.8324999809265137,0.8317000269889832,0.8349000215530396,0.8313000202178955,0.82669997215271,0.830299973487854,0.8353000283241272,0.8385000228881836,0.8317000269889832,0.8378000259399414,0.8356999754905701,0.833299994468689,0.8436999917030334,0.838100016117096,0.8396999835968018,0.8330000042915344,0.8338000178337097,0.8292999863624573,0.8374999761581421,0.8367999792098999,0.8363999724388123,0.8424000144004822,0.8334000110626221,0.8353999853134155,0.8300999999046326,0.8407999873161316,0.8330000042915344,0.8327000141143799,0.833899974822998,0.8398000001907349,0.8375999927520752,0.8431000113487244,0.8367000222206116,0.8277000188827515,0.8312000036239624,0.8317000269889832,0.8385999798774719,0.8327000141143799,0.8331000208854675,0.8382999897003174,0.8335000276565552,0.8319000005722046,0.8313999772071838,0.8427000045776367,0.8300999999046326,0.8341000080108643,0.8313999772071838,0.8314999938011169,0.833899974822998,0.8303999900817871,0.8348000049591064,0.840499997138977,0.838699996471405,0.8403000235557556,0.8391000032424927,0.8367999792098999,0.833299994468689,0.829200029373169,0.8384000062942505,0.8353000283241272,0.8373000025749207,0.8342999815940857,0.8320000171661377,0.8302000164985657,0.8309999704360962,0.833899974822998,0.8378000259399414,0.8302000164985657,0.8377000093460083,0.8371000289916992,0.8425999879837036,0.8349999785423279,0.8373000025749207,0.840499997138977,0.8317000269889832,0.8432000279426575,0.8374000191688538,0.8341000080108643,0.8299999833106995,0.8337000012397766,0.8367999792098999,0.8306999802589417,0.8366000056266785,0.8400999903678894,0.8416000008583069,0.8396000266075134,0.8305000066757202,0.8353000283241272,0.8331000208854675,0.8313999772071838,0.8395000100135803,0.8409000039100647,0.8389000296592712,0.8294000029563904,0.83160001039505,0.8378000259399414,0.8381999731063843,0.829200029373169,0.8396000266075134,0.8359000086784363,0.8360999822616577,0.8248999714851379,0.8349999785423279,0.8357999920845032,0.8367000222206116,0.8317000269889832,0.8343999981880188,0.8450000286102295,0.8303999900817871,0.8375999927520752,0.8356999754905701,0.8339999914169312,0.8388000130653381,0.8328999876976013,0.8327000141143799,0.8410000205039978,0.8360999822616577,0.8345999717712402,0.8395000100135803,0.8230999708175659,0.8410999774932861,0.8300999999046326,0.8314999938011169,0.8324000239372253,0.8327999711036682,0.8327000141143799,0.836899995803833,0.8309999704360962,0.8353999853134155,0.8331999778747559,0.8417999744415283,0.8341000080108643,0.8328999876976013,0.828000009059906,0.8360999822616577,0.8325999975204468,0.835099995136261,0.833299994468689,0.8352000117301941,0.8400999903678894,0.8424999713897705,0.8374999761581421,0.8374000191688538,0.8360000252723694,0.8364999890327454,0.8356000185012817,0.8371999859809875,0.835099995136261,0.8327999711036682,0.8360999822616577,0.8325999975204468,0.8396000266075134,0.836899995803833,0.83160001039505,0.8356999754905701,0.8360000252723694,0.8374999761581421,0.8385000228881836,0.8328999876976013,0.8334000110626221,0.8367000222206116,0.8324000239372253,0.8374999761581421,0.8335999846458435,0.8359000086784363,0.8345000147819519,0.8363000154495239,0.8385000228881836,0.8382999897003174,0.835099995136261,0.838100016117096,0.8384000062942505,0.8335000276565552,0.8359000086784363,0.8436999917030334,0.8367000222206116,0.8392999768257141,0.8302000164985657,0.83160001039505,0.8324999809265137,0.8363000154495239,0.8309999704360962,0.8309000134468079,0.8385000228881836,0.8307999968528748,0.8392999768257141,0.8307999968528748,0.8349000215530396,0.83160001039505,0.838699996471405,0.8335999846458435,0.8364999890327454,0.8349999785423279,0.830299973487854,0.8374000191688538,0.8328999876976013,0.8427000045776367,0.824400007724762,0.8385000228881836,0.8398000001907349,0.8337000012397766,0.8317000269889832,0.8319000005722046,0.8396999835968018,0.8327000141143799,0.8335999846458435,0.8327999711036682,0.8434000015258789,0.8361999988555908,0.8348000049591064,0.8384000062942505,0.8406999707221985,0.8382999897003174,0.8356000185012817,0.8309000134468079,0.8393999934196472,0.8338000178337097,0.8317999839782715,0.8325999975204468,0.824400007724762,0.8342999815940857,0.8440999984741211,0.829800009727478,0.835099995136261,0.8381999731063843,0.8356999754905701,0.8335999846458435,0.8288000226020813,0.8395000100135803,0.8374999761581421,0.8357999920845032,0.8353000283241272,0.8299000263214111,0.8343999981880188,0.8353000283241272,0.833299994468689,0.8363999724388123,0.8348000049591064,0.8410000205039978,0.8339999914169312,0.8391000032424927,0.8339999914169312,0.8335000276565552,0.8366000056266785,0.8389999866485596,0.8359000086784363,0.8371000289916992,0.8367000222206116,0.8367000222206116,0.840399980545044,0.8341000080108643,0.8359000086784363,0.8422999978065491,0.83160001039505,0.8357999920845032,0.8364999890327454,0.8389000296592712,0.8327000141143799,0.8323000073432922,0.8414000272750854,0.829800009727478,0.8349999785423279,0.8342999815940857,0.8392000198364258,0.833299994468689,0.829200029373169,0.8352000117301941,0.8343999981880188,0.8339999914169312,0.8328999876976013,0.8337000012397766,0.8312000036239624,0.8335999846458435,0.8321999907493591,0.8331999778747559,0.8342000246047974,0.8352000117301941,0.8379999995231628,0.8342000246047974,0.8309999704360962,0.8352000117301941,0.8337000012397766,0.8327999711036682,0.8342000246047974,0.8377000093460083,0.8302000164985657,0.8360999822616577,0.8327000141143799,0.8465999960899353,0.8291000127792358,0.8360999822616577,0.8343999981880188,0.833299994468689,0.8359000086784363,0.8314999938011169,0.8414000272750854,0.8303999900817871,0.8389999866485596,0.8424000144004822,0.8337000012397766,0.8352000117301941,0.842199981212616,0.8307999968528748,0.8305000066757202,0.8353999853134155,0.8356999754905701,0.8348000049591064,0.8355000019073486,0.8399999737739563,0.8402000069618225,0.8349000215530396,0.8364999890327454,0.8305000066757202,0.8330000042915344,0.8294000029563904,0.8420000076293945,0.8345000147819519,0.8328999876976013,0.8363999724388123,0.8335000276565552,0.8385000228881836,0.8327000141143799,0.8374999761581421,0.8381999731063843,0.8371999859809875,0.8346999883651733,0.8313999772071838,0.8353999853134155,0.8359000086784363,0.8348000049591064,0.8331999778747559,0.8330000042915344,0.8306999802589417,0.8321999907493591,0.836899995803833,0.8331000208854675,0.839900016784668,0.8348000049591064,0.8357999920845032,0.8342000246047974,0.8327999711036682,0.8353000283241272,0.8317000269889832,0.8396000266075134,0.8331000208854675,0.8327999711036682,0.8294000029563904,0.83160001039505,0.8312000036239624,0.8320000171661377,0.8355000019073486,0.8414000272750854,0.8363000154495239,0.8414000272750854,0.8349000215530396,0.8299000263214111,0.8263000249862671,0.8356000185012817,0.8371999859809875,0.832099974155426,0.8313999772071838,0.8335000276565552,0.8324999809265137,0.8364999890327454,0.8355000019073486,0.8353999853134155,0.8342999815940857,0.8353000283241272,0.8398000001907349,0.8335999846458435,0.8392000198364258,0.842199981212616,0.8287000060081482,0.8349999785423279,0.8349000215530396,0.8410000205039978,0.8331000208854675,0.8339999914169312,0.8310999870300293,0.8378999829292297,0.8359000086784363,0.8406999707221985,0.8361999988555908,0.829800009727478,0.8359000086784363,0.8361999988555908,0.8349999785423279,0.8371000289916992,0.8375999927520752,0.8309999704360962,0.8371999859809875,0.8313999772071838,0.8366000056266785,0.8348000049591064,0.8361999988555908,0.8370000123977661,0.8310999870300293,0.8353999853134155,0.8319000005722046,0.8339999914169312,0.8400999903678894,0.8339999914169312,0.8274000287055969,0.8420000076293945,0.8396999835968018,0.8337000012397766,0.8309999704360962,0.8374999761581421,0.8299999833106995,0.8366000056266785,0.8313999772071838,0.8306999802589417,0.8349000215530396,0.8356999754905701,0.8371000289916992,0.8385000228881836,0.8388000130653381,0.8345999717712402,0.8374999761581421,0.8392999768257141,0.8338000178337097,0.8317999839782715,0.8349999785423279,0.8325999975204468,0.8343999981880188,0.8346999883651733,0.8392999768257141,0.8373000025749207,0.8398000001907349,0.8353999853134155,0.840399980545044,0.8361999988555908,0.8424999713897705,0.8341000080108643,0.8389000296592712,0.8312000036239624,0.8360999822616577,0.8407999873161316,0.8312000036239624,0.8335000276565552,0.8349999785423279,0.835099995136261,0.8338000178337097,0.8328999876976013,0.8277000188827515,0.832099974155426,0.832099974155426,0.8396999835968018,0.8373000025749207,0.8413000106811523,0.8392000198364258,0.8299999833106995,0.8331000208854675,0.8349999785423279,0.8339999914169312,0.8309000134468079,0.8377000093460083,0.8373000025749207,0.8342000246047974,0.8366000056266785,0.8411999940872192,0.8327000141143799,0.8398000001907349,0.8366000056266785,0.8361999988555908,0.8379999995231628,0.8328999876976013,0.8374999761581421,0.8345000147819519,0.833299994468689,0.8349999785423279,0.8360999822616577,0.8281999826431274,0.8356999754905701,0.8302000164985657,0.8373000025749207,0.8361999988555908,0.8330000042915344,0.8378000259399414,0.8367000222206116,0.8373000025749207,0.8388000130653381,0.8317000269889832,0.8335000276565552,0.8385000228881836,0.8367000222206116,0.833899974822998,0.8359000086784363,0.8389000296592712,0.8325999975204468,0.8371999859809875,0.829800009727478,0.8392999768257141,0.8395000100135803,0.8349999785423279,0.8307999968528748,0.8464000225067139,0.8331000208854675,0.8422999978065491,0.8442999720573425,0.8409000039100647,0.8395000100135803,0.8353999853134155,0.8385000228881836,0.8375999927520752,0.8327000141143799,0.8353999853134155,0.8373000025749207,0.8399999737739563,0.8424999713897705,0.8353000283241272,0.8396000266075134,0.8373000025749207,0.8424999713897705,0.8307999968528748,0.836899995803833,0.8378999829292297,0.8388000130653381,0.8288999795913696,0.8292999863624573,0.8356999754905701,0.8360000252723694,0.8363999724388123,0.8330000042915344,0.8337000012397766,0.8342999815940857,0.8271999955177307,0.8361999988555908,0.8416000008583069,0.8349000215530396,0.8360999822616577,0.833899974822998,0.8345000147819519,0.8385000228881836,0.8367999792098999,0.8424999713897705,0.8300999999046326,0.8371000289916992,0.838100016117096,0.8379999995231628,0.8320000171661377,0.8392999768257141,0.8360000252723694,0.8320000171661377,0.833299994468689,0.8345000147819519,0.8328999876976013,0.8259999752044678,0.8313999772071838,0.8342000246047974,0.8360000252723694,0.8379999995231628,0.8385000228881836,0.8379999995231628,0.8342000246047974,0.8355000019073486,0.8363000154495239,0.8407999873161316,0.8349999785423279,0.8364999890327454,0.8321999907493591,0.8363999724388123,0.8343999981880188,0.8319000005722046,0.8409000039100647,0.839900016784668,0.8324999809265137,0.8375999927520752,0.833899974822998,0.8327000141143799,0.8328999876976013,0.8378999829292297,0.8324000239372253,0.8413000106811523,0.8335999846458435,0.8353999853134155,0.8424999713897705,0.8323000073432922,0.8335999846458435,0.8338000178337097,0.8348000049591064,0.835099995136261,0.8391000032424927,0.8427000045776367,0.8409000039100647,0.8349000215530396,0.8438000082969666,0.8385000228881836
0.4961000084877014,0.38260000944137573,0.28619998693466187,0.2648000121116638,0.26159998774528503,0.2596000134944916,0.24789999425411224,0.24070000648498535,0.24150000512599945,0.2484000027179718,0.24650000035762787,0.2498999983072281,0.25040000677108765,0.24300000071525574,0.24220000207424164,0.2554999887943268,0.24250000715255737,0.24709999561309814,0.24979999661445618,0.25699999928474426,0.26080000400543213,0.2475000023841858,0.2540999948978424,0.26089999079704285,0.2574000060558319,0.25589999556541443,0.24469999969005585,0.2554999887943268,0.24449999630451202,0.2558000087738037,0.2639000117778778,0.2623000144958496,0.23880000412464142,0.2467000037431717,0.2721000015735626,0.2492000013589859,0.24650000035762787,0.24500000476837158,0.25519999861717224,0.24140000343322754,0.24570000171661377,0.2362000048160553,0.24320000410079956,0.25600001215934753,0.23960000276565552,0.2517000138759613,0.24619999527931213,0.25290000438690186,0.25110000371932983,0.24300000071525574,0.2442999929189682,0.24549999833106995,0.24279999732971191,0.2442999929189682,0.2540000081062317,0.24560000002384186,0.2475000023841858,0.25200000405311584,0.2500999867916107,0.2581999897956848,0.2485000044107437,0.2628999948501587,0.24480000138282776,0.2540000081062317,0.25459998846054077,0.243599995970726,0.2484000027179718,0.25360000133514404,0.25200000405311584,0.24889999628067017,0.2506999969482422,0.2632000148296356,0.25189998745918274,0.25679999589920044,0.2538999915122986,0.24690000712871552,0.2662000060081482,0.24889999628067017,0.262800008058548,0.249099999666214,0.2621000111103058,0.24330000579357147,0.24699999392032623,0.2565999925136566,0.25,0.257099986076355,0.2531000077724457,0.25060001015663147,0.25360000133514404,0.251800000667572,0.24709999561309814,0.24740000069141388,0.24950000643730164,0.23849999904632568,0.24089999496936798,0.2506999969482422,0.2524999976158142,0.24889999628067017,0.24940000474452972,0.25429999828338623,0.2574999928474426,0.2493000030517578,0.24799999594688416,0.25920000672340393,0.2371000051498413,0.25110000371932983,0.24549999833106995,0.2483000010251999,0.2492000013589859,0.2434999942779541,0.24789999425411224,0.24040000140666962,0.24979999661445618,0.25110000371932983,0.24480000138282776,0.24379999935626984,0.26510000228881836,0.25,0.2572000026702881,0.25119999051094055,0.2460000067949295,0.24660000205039978,0.23690000176429749,0.24959999322891235,0.25529998540878296,0.24269999563694,0.2515000104904175,0.2459000051021576,0.24950000643730164,0.25209999084472656,0.24210000038146973,0.24709999561309814,0.24500000476837158,0.24619999527931213,0.25189998745918274,0.2460000067949295,0.24779999256134033,0.24560000002384186,0.2599000036716461,0.257099986076355,0.25279998779296875,0.2459000051021576,0.2513999938964844,0.25459998846054077,0.24160000681877136,0.24320000410079956,0.24799999594688416,0.2502000033855438,0.25429999828338623,0.24969999492168427,0.24529999494552612,0.25519999861717224,0.24459999799728394,0.2646999955177307,0.24950000643730164,0.24140000343322754,0.24539999663829803,0.26190000772476196,0.2522999942302704,0.2492000013589859,0.2563000023365021,0.25949999690055847,0.25940001010894775,0.24400000274181366,0.2615000009536743,0.24709999561309814,0.2451999932527542,0.25870001316070557,0.2531999945640564,0.2581999897956848,0.2493000030517578,0.24490000307559967,0.26249998807907104,0.26109999418258667,0.25940001010894775,0.25600001215934753,0.2581000030040741,0.27239999175071716,0.24869999289512634,0.2651999890804291,0.24979999661445618,0.24609999358654022,0.25780001282691956,0.25119999051094055,0.25049999356269836,0.2766000032424927,0.24709999561309814,0.24690000712871552,0.2653999924659729,0.24959999322891235,0.25110000371932983,0.2526000142097473,0.27090001106262207,0.24250000715255737,0.2515000104904175,0.27129998803138733,0.25920000672340393,0.28049999475479126,0.27720001339912415,0.2526000142097473,0.2492000013589859,0.24819999933242798,0.26930001378059387,0.2678000032901764,0.26100000739097595,0.2838999927043915,0.24869999289512634,0.2533000111579895,0.27160000801086426,0.2621999979019165,0.24570000171661377,0.2653999924659729,0.26600000262260437,0.2467000037431717,0.25839999318122864,0.25360000133514404,0.251800000667572,0.2750000059604645,0.25040000677108765,0.2759000062942505,0.2809999883174896,0.2718999981880188,0.26100000739097595,0.26570001244544983,0.2799000144004822,0.26190000772476196,0.2793999910354614,0.25920000672340393,0.2498999983072281,0.2976999878883362,0.30149999260902405,0.2752000093460083,0.28119999170303345,0.2849000096321106,0.26910001039505005,0.27489998936653137,0.298799991607666,0.26339998841285706,0.26330000162124634,0.27799999713897705,0.2825999855995178,0.30390000343322754,0.24809999763965607,0.2793999910354614,0.2549000084400177,0.2831000089645386,0.28630000352859497,0.30059999227523804,0.2824000120162964,0.26019999384880066,0.2583000063896179,0.3057999908924103,0.28850001096725464,0.28839999437332153,0.2703999876976013,0.26339998841285706,0.29100000858306885,0.28459998965263367,0.2660999894142151,0.2800999879837036,0.27300000190734863,0.27959999442100525,0.3037000000476837,0.24660000205039978,0.27410000562667847,0.26570001244544983,0.25850000977516174,0.2590000033378601,0.28700000047683716,0.2678000032901764,0.27799999713897705,0.2833000123500824,0.2581999897956848,0.275299996137619,0.2558000087738037,0.3003999888896942,0.2743000090122223,0.2808000147342682,0.2773999869823456,0.27880001068115234,0.25920000672340393,0.29789999127388,0.2694000005722046,0.24469999969005585,0.30309998989105225,0.29600000381469727,0.2985000014305115,0.28060001134872437,0.3043000102043152,0.30230000615119934,0.296999990940094,0.30730000138282776,0.3025999963283539,0.28600001335144043,0.29420000314712524,0.27140000462532043,0.2822999954223633,0.25429999828338623,0.2709999978542328,0.28619998693466187,0.28349998593330383,0.302700012922287,0.25760000944137573,0.2847999930381775,0.27410000562667847,0.3160000145435333,0.3199000060558319,0.31700000166893005,0.3077999949455261,0.3125,0.28110000491142273,0.2799000144004822,0.31700000166893005,0.30410000681877136,0.3102000057697296,0.2782999873161316,0.3034999966621399,0.29420000314712524,0.31200000643730164,0.32109999656677246,0.2955000102519989,0.296999990940094,0.30239999294281006,0.29100000858306885,0.3197999894618988,0.3215000033378601,0.25940001010894775,0.3174999952316284,0.310699999332428,0.30979999899864197,0.3082999885082245,0.30480000376701355,0.274399995803833,0.31040000915527344,0.3203999996185303,0.29980000853538513,0.33070001006126404,0.33709999918937683,0.29319998621940613,0.3156999945640564,0.3043000102043152,0.31369999051094055,0.2992999851703644,0.3000999987125397,0.3050999939441681,0.32739999890327454,0.2874999940395355,0.3131999969482422,0.3061999976634979,0.31189998984336853,0.32179999351501465,0.3122999966144562,0.32820001244544983,0.3028999865055084,0.3116999864578247,0.2964000105857849,0.31790000200271606,0.2782999873161316,0.3093999922275543,0.3221000134944916,0.3043999969959259,0.3160000145435333,0.33239999413490295,0.32330000400543213,0.32109999656677246,0.30640000104904175,0.31029999256134033,0.30489999055862427,0.32269999384880066,0.301800012588501,0.2996000051498413,0.3158999979496002,0.3273000121116638,0.3188999891281128,0.29510000348091125,0.3172000050544739,0.3005000054836273,0.3100000023841858,0.3018999993801117,0.3174999952316284,0.3230000138282776,0.3075000047683716,0.33169999718666077,0.27090001106262207,0.3224000036716461,0.3003999888896942,0.3077000081539154,0.299699991941452,0.32089999318122864,0.30059999227523804,0.32089999318122864,0.3046000003814697,0.3224000036716461,0.2946999967098236,0.2833000123500824,0.30880001187324524,0.3086000084877014,0.3077000081539154,0.3264000117778778,0.33250001072883606,0.3151000142097473,0.3271999955177307,0.3312000036239624,0.31450000405311584,0.32089999318122864,0.31200000643730164,0.30309998989105225,0.29100000858306885,0.33169999718666077,0.30309998989105225,0.30660000443458557,0.3192000091075897,0.3183000087738037,0.29249998927116394,0.2754000127315521,0.28619998693466187,0.311599999666214,0.32829999923706055,0.2996000051498413,0.34310001134872437,0.3188999891281128,0.3181999921798706,0.31700000166893005,0.3163999915122986,0.30329999327659607,0.34130001068115234,0.30309998989105225,0.3321000039577484,0.30410000681877136,0.32760000228881836,0.3172000050544739,0.32919999957084656,0.2946999967098236,0.30630001425743103,0.32899999618530273,0.3215999901294708,0.30559998750686646,0.32330000400543213,0.328000009059906,0.32739999890327454,0.30079999566078186,0.3319999873638153,0.3474000096321106,0.30000001192092896,0.2721000015735626,0.33340001106262207,0.3668999969959259,0.3285999894142151,0.32249999046325684,0.27950000762939453,0.2992999851703644,0.3758000135421753,0.32710000872612,0.3637000024318695,0.3176000118255615,0.3255999982357025,0.3621000051498413,0.3652999997138977,0.3400000035762787,0.34880000352859497,0.3472000062465668,0.35530000925064087,0.3767000138759613,0.34389999508857727,0.3549000024795532,0.3601999878883362,0.34850001335144043,0.3621000051498413,0.35100001096725464,0.36410000920295715,0.36160001158714294,0.3549000024795532,0.3619000017642975,0.3384000062942505,0.35670000314712524,0.36059999465942383,0.3091000020503998,0.36660000681877136,0.3280999958515167,0.35850000381469727,0.35929998755455017,0.35839998722076416,0.3425000011920929,0.3456000089645386,0.37049999833106995,0.34769999980926514,0.35260000824928284,0.33059999346733093,0.3158999979496002,0.3312000036239624,0.35989999771118164,0.3619000017642975,0.30889999866485596,0.3325999975204468,0.30660000443458557,0.3691999912261963,0.35659998655319214,0.33079999685287476,0.31200000643730164,0.3328999876976013,0.36090001463890076,0.3418999910354614,0.3495999872684479,0.33889999985694885,0.3127000033855438,0.36340001225471497,0.33160001039505005,0.33880001306533813,0.35899999737739563,0.36160001158714294,0.3361999988555908,0.367000013589859,0.3702999949455261,0.3587000072002411,0.3499000072479248,0.3409000039100647,0.3709999918937683,0.3343000113964081,0.34619998931884766,0.3467999994754791,0.34470000863075256,0.35839998722076416,0.37229999899864197,0.35929998755455017,0.3723999857902527,0.35010001063346863,0.3662000000476837,0.336899995803833,0.33160001039505005,0.32589998841285706,0.3433000147342682,0.3598000109195709,0.336899995803833,0.35670000314712524,0.31380000710487366,0.35040000081062317,0.32510000467300415,0.32739999890327454,0.3190999925136566,0.36230000853538513,0.3490999937057495,0.33340001106262207,0.3425000011920929,0.3393999934196472,0.3458999991416931,0.3441999852657318,0.362199991941452,0.3488999903202057,0.3303000032901764,0.3395000100135803,0.3549000024795532,0.35499998927116394,0.3686999976634979,0.37290000915527344,0.3260999917984009,0.3353999853134155,0.3684000074863434,0.3637000024318695,0.3515999913215637,0.3817000091075897,0.3395000100135803,0.3515999913215637,0.3582000136375427,0.3716999888420105,0.3546000123023987,0.32580000162124634,0.3675999939441681,0.37470000982284546,0.3490000069141388,0.329800009727478,0.36329999566078186,0.30889999866485596,0.3671000003814697,0.38440001010894775,0.365200012922287,0.34790000319480896,0.36340001225471497,0.3522999882698059,0.3546000123023987,0.367000013589859,0.36550000309944153,0.3596999943256378,0.3682999908924103,0.3758000135421753,0.3619999885559082,0.3337000012397766,0.3596999943256378,0.3653999865055084,0.3677999973297119,0.33239999413490295,0.3521000146865845,0.33250001072883606,0.3427000045776367,0.336899995803833,0.3472999930381775,0.3621000051498413,0.3495999872684479,0.3521000146865845,0.35690000653266907,0.3280999958515167,0.32749998569488525,0.3714999854564667,0.35030001401901245,0.34150001406669617,0.34360000491142273,0.3700999915599823,0.31690001487731934,0.3244999945163727,0.36469998955726624,0.3723999857902527,0.35850000381469727,0.36719998717308044,0.35670000314712524,0.36070001125335693,0.35409998893737793,0.3621000051498413,0.3431999981403351,0.34139999747276306,0.34619998931884766,0.34869998693466187,0.35899999737739563,0.36660000681877136,0.362199991941452,0.36340001225471497,0.35749998688697815,0.38530001044273376,0.36079999804496765,0.36390000581741333,0.3684999942779541,0.38609999418258667,0.376800000667572,0.3418999910354614,0.3635999858379364,0.3560999929904938,0.3725000023841858,0.35190001130104065,0.34940001368522644,0.3785000145435333,0.3400999903678894,0.3806999921798706,0.36910000443458557,0.38019999861717224,0.3684999942779541,0.3582000136375427,0.36820000410079956,0.3741999864578247,0.37310001254081726,0.37790000438690186,0.3725000023841858,0.3880999982357025,0.38530001044273376,0.3702999949455261,0.3765000104904175,0.3352999985218048,0.36010000109672546,0.3790999948978424,0.35040000081062317,0.3702999949455261,0.37929999828338623,0.3407999873161316,0.36480000615119934,0.35749998688697815,0.3765000104904175,0.3553999960422516,0.34700000286102295,0.364300012588501,0.34200000762939453,0.374099999666214,0.35339999198913574,0.37869998812675476,0.34619998931884766,0.3671000003814697,0.3416000008583069,0.3659999966621399,0.3799999952316284,0.35260000824928284,0.3440000116825104,0.3046000003814697,0.3447999954223633,0.3837999999523163,0.36559998989105225,0.3513000011444092,0.37700000405311584,0.3529999852180481,0.3452000021934509,0.37040001153945923,0.3686999976634979,0.3605000078678131,0.3443000018596649,0.3653999865055084,0.33000001311302185,0.367900013923645,0.3612000048160553,0.3903000056743622,0.3707999885082245,0.3693000078201294,0.3677999973297119,0.37790000438690186,0.3702000081539154,0.37229999899864197,0.3691999912261963,0.353300005197525,0.3630000054836273,0.36660000681877136,0.365200012922287,0.36230000853538513,0.37400001287460327,0.35370001196861267,0.36419999599456787,0.3580999970436096,0.3361000120639801,0.36649999022483826,0.374099999666214,0.37700000405311584,0.3718000054359436,0.3662000000476837,0.33489999175071716,0.35019999742507935,0.3801000118255615,0.3828999996185303,0.3529999852180481,0.3402999937534332,0.3725999891757965,0.3614000082015991,0.3817000091075897,0.37959998846054077,0.37310001254081726,0.35670000314712524,0.3736000061035156,0.3718000054359436,0.3513999879360199,0.35350000858306885,0.3695000112056732,0.38350000977516174,0.36820000410079956,0.3596999943256378,0.35690000653266907,0.3560999929904938,0.3767000138759613,0.3666999936103821,0.32359999418258667,0.3221000134944916,0.35740000009536743,0.3458000123500824,0.35600000619888306,0.3643999993801117,0.3840000033378601,0.375900000333786,0.37220001220703125,0.37950000166893005,0.3488999903202057,0.3587999939918518,0.36160001158714294,0.4020000100135803,0.35600000619888306,0.3774000108242035,0.38530001044273376,0.3513999879360199,0.3700000047683716,0.36070001125335693,0.36169999837875366,0.37439998984336853,0.37389999628067017,0.34529998898506165,0.40059998631477356,0.385699987411499,0.3499000072479248,0.3671000003814697,0.34950000047683716,0.3643999993801117,0.36239999532699585,0.3343000113964081,0.3815999925136566,0.3864000141620636,0.3846000134944916,0.3781000077724457,0.3100999891757965,0.38350000977516174,0.390500009059906,0.3693000078201294,0.38499999046325684,0.3831000030040741,0.3488999903202057,0.3889999985694885,0.38499999046325684,0.33719998598098755,0.3882000148296356,0.3490000069141388,0.3840999901294708,0.3962000012397766,0.37950000166893005,0.4011000096797943,0.38420000672340393,0.3709999918937683,0.388700008392334,0.38749998807907104,0.33090001344680786,0.3750999867916107,0.35910001397132874,0.38999998569488525,0.3797000050544739,0.38749998807907104,0.3785000145435333,0.390500009059906,0.39259999990463257,0.3628999888896942,0.3813000023365021,0.3571000099182129,0.40310001373291016,0.39259999990463257,0.38179999589920044,0.3878999948501587,0.3862000107765198,0.35839998722076416,0.3849000036716461,0.3596999943256378,0.4007999897003174,0.3799000084400177,0.40130001306533813,0.3971000015735626,0.35569998621940613,0.3831999897956848,0.3797000050544739,0.36719998717308044,0.35030001401901245,0.3953999876976013,0.34060001373291016,0.39750000834465027,0.3718999922275543,0.390500009059906,0.39969998598098755,0.3846000134944916,0.3986999988555908,0.41819998621940613,0.390500009059906,0.38530001044273376,0.4088999927043915,0.3321000039577484,0.34769999980926514,0.4066999852657318,0.3944999873638153,0.40950000286102295,0.4032999873161316,0.3817000091075897,0.40779998898506165,0.3937999904155731,0.3431999981403351,0.3921000063419342,0.3806000053882599,0.3871000111103058,0.3822999894618988,0.38850000500679016,0.375,0.3853999972343445,0.3833000063896179,0.384799987077713,0.3905999958515167,0.41130000352859497,0.39959999918937683,0.40880000591278076,0.4147999882698059,0.41179999709129333,0.4124999940395355,0.4293999969959259,0.4196000099182129,0.40849998593330383,0.40700000524520874,0.4424000084400177,0.40450000762939453,0.3961000144481659,0.4189999997615814,0.42170000076293945,0.4043000042438507,0.40310001373291016,0.4374000132083893,0.3912999927997589,0.3946000039577484,0.44190001487731934,0.40290001034736633,0.46059998869895935,0.40450000762939453,0.43849998712539673,0.4332999885082245,0.4108999967575073,0.42320001125335693,0.4366999864578247,0.4343999922275543,0.40619999170303345,0.3837999999523163,0.3926999866962433,0.45660001039505005,0.45249998569488525,0.4018999934196472,0.3968999981880188,0.4169999957084656,0.4406999945640564,0.41819998621940613,0.4154999852180481,0.4325999915599823,0.4530999958515167,0.46959999203681946,0.48570001125335693,0.41929998993873596,0.42899999022483826,0.41449999809265137,0.4323999881744385,0.43560001254081726,0.4832000136375427,0.4699000120162964,0.44859999418258667,0.44850000739097595,0.44350001215934753,0.4203000068664551,0.4812999963760376,0.4950999915599823,0.453900009393692,0.4909000098705292,0.44339999556541443,0.47940000891685486,0.4715000092983246,0.4708000123500824,0.420199990272522,0.45399999618530273,0.40790000557899475,0.4092999994754791,0.42570000886917114,0.47290000319480896,0.4659000039100647,0.46070000529289246,0.4708999991416931,0.4652999937534332,0.4763999879360199,0.4975999891757965,0.4674000144004822,0.46129998564720154,0.4733000099658966,0.47029998898506165,0.5098999738693237,0.482699990272522,0.4609000086784363,0.4887999892234802,0.4277999997138977,0.4196999967098236,0.4706000089645386,0.453900009393692,0.47290000319480896,0.4970000088214874,0.45559999346733093,0.4537000060081482,0.4916999936103821,0.47119998931884766,0.46149998903274536,0.44029998779296875,0.4740000069141388,0.49300000071525574,0.4339999854564667,0.4830000102519989,0.4578999876976013,0.43779999017715454,0.48820000886917114,0.4275999963283539,0.45320001244544983,0.46959999203681946,0.4790000021457672,0.4778999984264374,0.462799996137619,0.46209999918937683,0.4900999963283539,0.5023000240325928,0.47679999470710754,0.4339999854564667,0.4691999852657318,0.4724000096321106,0.45089998841285706,0.44609999656677246,0.4490000009536743,0.4564000070095062,0.44290000200271606,0.4787999987602234,0.4805000126361847,0.46799999475479126,0.5005999803543091,0.46880000829696655,0.462799996137619,0.45730000734329224,0.45100000500679016,0.44110000133514404,0.4986000061035156,0.4546000063419342,0.41850000619888306,0.4839000105857849,0.4311000108718872,0.4462999999523163,0.4742000102996826,0.48330000042915344,0.4269999861717224,0.503600001335144,0.5084999799728394,0.525600016117096,0.47760000824928284,0.489300012588501,0.5134999752044678,0.44609999656677246,0.4812999963760376,0.4456999897956848,0.46149998903274536,0.48840001225471497,0.46470001339912415,0.48570001125335693,0.44749999046325684,0.46459999680519104,0.4814000129699707,0.5052000284194946,0.4855000078678131,0.43549999594688416,0.41019999980926514,0.47769999504089355,0.45829999446868896,0.46950000524520874,0.46630001068115234,0.4163999855518341,0.47600001096725464,0.4722999930381775,0.4973999857902527,0.5195000171661377,0.4837999939918518,0.46709999442100525,0.489300012588501,0.4819999933242798,0.476500004529953,0.4839000105857849,0.4706999957561493,0.47110000252723694,0.4975999891757965,0.558899998664856,0.47540000081062317,0.5325999855995178,0.5022000074386597,0.4634999930858612,0.49309998750686646,0.4609000086784363,0.48420000076293945,0.47679999470710754,0.5029000043869019,0.47269999980926514,0.4706000089645386,0.5031999945640564,0.5044000148773193,0.4399000108242035,0.46050000190734863,0.49480000138282776,0.49149999022483826,0.515999972820282,0.4794999957084656,0.4106999933719635,0.4672999978065491,0.47040000557899475,0.45649999380111694,0.46709999442100525,0.4571000039577484,0.5217000246047974,0.49959999322891235,0.47029998898506165,0.4666000008583069,0.450300008058548,0.4794999957084656,0.4690000116825104,0.46889999508857727,0.483599990606308,0.4453999996185303,0.4397999942302704,0.4657000005245209,0.5503000020980835,0.510699987411499,0.525600016117096,0.510200023651123,0.4814999997615814,0.4481000006198883,0.5263000130653381,0.48500001430511475,0.49939998984336853,0.5,0.4828999936580658,0.43560001254081726,0.4945000112056732,0.5098000168800354,0.4934000074863434,0.4846999943256378,0.5174000263214111,0.5031999945640564,0.5090000033378601,0.41600000858306885,0.487199991941452,0.5286999940872192,0.5160999894142151,0.4666000008583069,0.47130000591278076,0.45559999346733093,0.47780001163482666,0.5102999806404114,0.4909999966621399,0.47600001096725464,0.5511999726295471,0.4726000130176544,0.4530999958515167,0.4607999920845032,0.4837000072002411,0.5098999738693237,0.5777999758720398,0.46320000290870667,0.5447999835014343,0.45719999074935913,0.5063999891281128,0.4758000075817108,0.5108000040054321,0.5148000121116638,0.4625000059604645,0.48069998621940613,0.5343999862670898,0.48539999127388,0.524399995803833,0.47600001096725464,0.5148000121116638,0.4772999882698059,0.4893999993801117,0.5151000022888184,0.42149999737739563,0.5091000199317932,0.4494999945163727,0.5127000212669373,0.4943999946117401,0.45399999618530273,0.46799999475479126,0.5026000142097473,0.4700999855995178,0.48249998688697815,0.5238999724388123,0.5182999968528748,0.4862000048160553,0.4903999865055084,0.5309000015258789,0.48840001225471497,0.5128999948501587,0.5378999710083008,0.5285999774932861,0.4900999963283539,0.5091999769210815,0.48190000653266907,0.48570001125335693,0.454800009727478,0.46149998903274536,0.5324000120162964,0.49729999899864197,0.4846999943256378,0.5471000075340271,0.5394999980926514,0.5526000261306763,0.45419999957084656,0.5299999713897705,0.5404000282287598,0.49410000443458557,0.4918999969959259,0.5199999809265137,0.4975999891757965,0.4722999930381775,0.5171999931335449,0.48989999294281006,0.5400999784469604,0.49880000948905945,0.5428000092506409,0.5169000029563904,0.46619999408721924,0.44589999318122864,0.49900001287460327,0.4975000023841858,0.5055999755859375,0.5353999733924866,0.5699999928474426,0.5713000297546387,0.5194000005722046,0.478300005197525,0.46299999952316284,0.5472000241279602,0.5418000221252441,0.4982999861240387,0.4959999918937683,0.4724999964237213,0.5041000247001648,0.4593000113964081,0.4945000112056732,0.4228000044822693,0.489300012588501,0.4616999924182892,0.5354999899864197,0.43320000171661377,0.527999997138977,0.5587999820709229,0.5407999753952026,0.5784000158309937,0.5121999979019165,0.5105000138282776,0.4408999979496002,0.5001999735832214,0.5350000262260437,0.5392000079154968,0.5042999982833862,0.5038999915122986,0.5410000085830688,0.4620000123977661,0.49129998683929443,0.5024999976158142,0.5185999870300293,0.5238000154495239,0.5228999853134155,0.5231000185012817,0.5476999878883362,0.5773000121116638,0.5062000155448914,0.5149999856948853,0.5016000270843506,0.5291000008583069,0.5198000073432922,0.589900016784668,0.5239999890327454,0.5425999760627747,0.5547999739646912,0.5296000242233276,0.5213000178337097,0.5424000024795532,0.503000020980835,0.45899999141693115,0.4478999972343445,0.5461999773979187,0.5289999842643738,0.5264000296592712,0.5060999989509583,0.5379999876022339,0.572700023651123,0.4823000133037567,0.5722000002861023,0.5196999907493591,0.5076000094413757,0.4577000141143799,0.43529999256134033,0.526199996471405,0.5252000093460083,0.5509999990463257,0.46129998564720154,0.4941999912261963,0.532800018787384,0.4982999861240387,0.47620001435279846,0.49230000376701355,0.5037000179290771,0.5205000042915344,0.5170000195503235,0.5590999722480774,0.5260000228881836,0.5619999766349792,0.5257999897003174,0.5374000072479248,0.5317000150680542,0.5389000177383423,0.4603999853134155,0.5702999830245972,0.4447000026702881,0.4964999854564667,0.5437999963760376,0.5076000094413757,0.51910001039505,0.504800021648407,0.5800999999046326,0.45590001344680786,0.5429999828338623,0.5618000030517578,0.5568000078201294,0.5228000283241272,0.5236999988555908,0.5188999772071838,0.5356000065803528,0.49070000648498535,0.5390999913215637,0.5285999774932861,0.5263000130653381,0.5274999737739563,0.525600016117096,0.49070000648498535,0.5081999897956848,0.5234000086784363,0.5238000154495239,0.5266000032424927,0.5568000078201294,0.5177000164985657,0.5238000154495239,0.5537999868392944,0.5138000249862671,0.5637000203132629,0.5167999863624573,0.5338000059127808,0.5073000192642212,0.5209000110626221,0.571399986743927,0.5835000276565552,0.5486999750137329,0.4869000017642975,0.5277000069618225,0.570900022983551,0.574999988079071,0.5555999875068665,0.4887000024318695,0.5853000283241272,0.49889999628067017,0.47040000557899475,0.5006999969482422,0.5223000049591064,0.5153999924659729,0.5453000068664551,0.45829999446868896,0.5167999863624573,0.4975999891757965,0.5855000019073486,0.5842999815940857,0.4846000075340271,0.5846999883651733,0.590399980545044,0.4462999999523163,0.5253000259399414,0.4984000027179718,0.5414000153541565,0.52920001745224,0.5327000021934509,0.4975999891757965,0.4733000099658966,0.47350001335144043,0.5672000050544739,0.5473999977111816,0.506600022315979,0.555899977684021,0.513700008392334,0.5476999878883362,0.5134999752044678,0.5522000193595886,0.5149000287055969,0.5127000212669373,0.5343999862670898,0.534500002861023,0.5396999716758728,0.5404000282287598,0.5378999710083008,0.48730000853538513,0.5508999824523926,0.5289000272750854,0.5236999988555908,0.5633000135421753,0.5152999758720398,0.47679999470710754,0.5558000206947327,0.4797999858856201,0.5444999933242798,0.5771999955177307,0.48159998655319214,0.5547000169754028,0.5568000078201294,0.5339999794960022,0.4629000127315521,0.5202000141143799,0.5090000033378601,0.5526999831199646,0.5310999751091003,0.5339999794960022,0.6001999974250793,0.5199999809265137,0.5432999730110168,0.5364000201225281,0.524399995803833,0.5241000056266785,0.5230000019073486,0.5396999716758728,0.5490000247955322,0.5218999981880188,0.5335000157356262,0.5831999778747559,0.5446000099182129,0.5547999739646912,0.5931000113487244,0.5525000095367432,0.5539000034332275,0.5012999773025513,0.5504000186920166,0.5257999897003174,0.5435000061988831,0.5365999937057495,0.5040000081062317,0.5336999893188477,0.512499988079071,0.5182999968528748,0.5454999804496765,0.5415999889373779,0.5286999940872192,0.5479000210762024,0.5300999879837036,0.5267000198364258,0.529699981212616,0.5774999856948853,0.5407999753952026,0.5449000000953674,0.5394999980926514,0.5232999920845032,0.49709999561309814,0.5109999775886536,0.5627999901771545,0.4715999960899353,0.5428000092506409,0.5440000295639038,0.5076000094413757,0.5375999808311462,0.4869000017642975,0.5320000052452087,0.48089998960494995,0.515500009059906,0.5501999855041504,0.5241000056266785,0.5625,0.5266000032424927,0.5432000160217285,0.49939998984336853,0.5016999840736389,0.51419997215271,0.5498999953269958,0.5242000222206116,0.515999972820282,0.5360000133514404,0.5519000291824341,0.5741999745368958,0.5249999761581421,0.5353999733924866,0.5274999737739563,0.5418000221252441,0.5343999862670898,0.5081999897956848,0.5218999981880188,0.5494999885559082,0.48590001463890076,0.5467000007629395,0.5401999950408936,0.4925999939441681,0.5796999931335449,0.487199991941452,0.5133000016212463,0.5526000261306763,0.5199999809265137,0.5601999759674072,0.524399995803833,0.5460000038146973,0.5533000230789185,0.4296000003814697,0.5806000232696533,0.5677000284194946,0.5218999981880188,0.5440000295639038,0.5468000173568726,0.5385000109672546,0.5713000297546387,0.5803999900817871,0.49570000171661377,0.5480999946594238,0.5199000239372253,0.5242999792098999,0.5407999753952026,0.519599974155426,0.588100016117096,0.5336999893188477,0.546500027179718,0.6075999736785889,0.554099977016449,0.5180000066757202,0.5130000114440918,0.4925999939441681,0.48669999837875366,0.5127999782562256,0.5285000205039978,0.5005000233650208,0.5271999835968018,0.5249999761581421,0.5856000185012817,0.5636000037193298,0.5029000043869019,0.5698999762535095,0.5616000294685364,0.6071000099182129,0.5533999800682068,0.545799970626831,0.5651999711990356,0.5406000018119812,0.5490000247955322,0.5437999963760376,0.5479999780654907,0.5192000269889832,0.47769999504089355,0.5559999942779541,0.5873000025749207,0.5461999773979187,0.5235999822616577,0.5519000291824341,0.5357999801635742,0.5720999836921692,0.5008999705314636,0.48350000381469727,0.5128999948501587,0.4878999888896942,0.5170999765396118,0.5672000050544739,0.558899998664856,0.57669997215271,0.5706999897956848,0.5501000285148621,0.49540001153945923,0.5583000183105469,0.5400999784469604,0.5169000029563904,0.5424000024795532,0.5641000270843506,0.5139999985694885,0.5284000039100647,0.5266000032424927,0.5625,0.5781000256538391,0.5824000239372253,0.5874000191688538,0.5478000044822693,0.5705999732017517,0.5220000147819519,0.5630000233650208,0.551800012588501,0.5541999936103821,0.5508000254631042,0.5479999780654907,0.5234000086784363,0.5260000228881836,0.5365999937057495,0.5393000245094299,0.5354999899864197,0.5139999985694885,0.5357000231742859,0.5394999980926514,0.5659999847412109,0.5428000092506409,0.5598000288009644,0.5042999982833862,0.5449000000953674,0.5141000151634216,0.5667999982833862,0.5566999912261963,0.5098000168800354,0.503600001335144,0.48010000586509705,0.5045999884605408,0.511900007724762,0.5497000217437744,0.5322999954223633,0.5529999732971191,0.5679000020027161,0.5414999723434448,0.5479999780654907,0.6272000074386597,0.4878999888896942,0.5432000160217285,0.5799000263214111,0.49079999327659607,0.5662999749183655,0.5511000156402588,0.6004999876022339,0.5695000290870667,0.5529999732971191,0.5338000059127808,0.504800021648407,0.5271999835968018,0.5275999903678894,0.550599992275238,0.5602999925613403,0.5070000290870667,0.5630000233650208,0.5846999883651733,0.560699999332428,0.569599986076355,0.5275999903678894,0.4803999960422516,0.5508000254631042,0.5105999708175659,0.5511000156402588,0.5044999718666077,0.5800999999046326,0.506600022315979,0.5659999847412109,0.5389999747276306,0.5861999988555908,0.5719000101089478,0.5687999725341797,0.5468000173568726,0.5134999752044678,0.5393000245094299,0.510699987411499,0.5597000122070312,0.5587000250816345,0.5902000069618225,0.5512999892234802,0.5626999735832214,0.5590999722480774,0.5188000202178955,0.5978999733924866,0.5647000074386597,0.5083000063896179,0.5360000133514404,0.557200014591217,0.5562999844551086,0.5335000157356262,0.48730000853538513,0.4794999957084656,0.5583000183105469,0.5543000102043152,0.5791000127792358,0.5227000117301941,0.5626999735832214,0.5525000095367432,0.5227000117301941,0.536899983882904,0.5175999999046326,0.5175999999046326,0.6000000238418579,0.5522000193595886,0.49079999327659607,0.564300000667572,0.5515000224113464,0.49399998784065247,0.54339998960495,0.5163999795913696,0.5386999845504761,0.5649999976158142,0.5335999727249146,0.5742999911308289,0.5656999945640564,0.6201000213623047,0.47999998927116394,0.5623999834060669,0.5396000146865845,0.5411999821662903,0.526199996471405,0.5200999975204468,0.5145999789237976,0.5310999751091003,0.5769000053405762,0.6040999889373779,0.5856000185012817,0.59170001745224,0.5845000147819519,0.5235999822616577,0.559499979019165,0.5685999989509583,0.5198000073432922,0.5270000100135803,0.5383999943733215,0.60589998960495,0.5503000020980835,0.5623999834060669,0.5625,0.5450999736785889,0.5662000179290771,0.49470001459121704,0.5105999708175659,0.48010000586509705,0.5134000182151794,0.4848000109195709,0.5605999827384949,0.5950000286102295,0.5393999814987183,0.5562999844551086,0.49300000071525574,0.578499972820282,0.531499981880188,0.5701000094413757,0.5503000020980835,0.51419997215271,0.5230000019073486,0.5626000165939331,0.5823000073432922,0.5109000205993652,0.5835000276565552,0.5297999978065491,0.4986000061035156,0.5073000192642212,0.5529999732971191,0.5795000195503235,0.5252000093460083,0.535099983215332,0.4912000000476837,0.5138999819755554,0.5918999910354614,0.48910000920295715,0.5680000185966492,0.5120999813079834,0.544700026512146,0.5307000279426575,0.5945000052452087,0.5315999984741211,0.5583000183105469,0.593500018119812,0.5472000241279602,0.5913000106811523,0.508899986743927,0.5232999920845032,0.5450999736785889,0.5665000081062317,0.5630000233650208,0.48739999532699585,0.5393000245094299,0.5640000104904175,0.5669999718666077,0.5424000024795532,0.5123000144958496,0.5501000285148621,0.5116999745368958,0.5210999846458435,0.5457000136375427,0.5778999924659729,0.5321999788284302,0.5508000254631042,0.554099977016449,0.554099977016449,0.5099999904632568,0.5213000178337097,0.6205999851226807,0.5288000106811523,0.5814999938011169,0.5250999927520752,0.5565999746322632,0.4957999885082245,0.49160000681877136,0.5099999904632568,0.5333999991416931,0.5580000281333923,0.5541999936103821,0.583899974822998,0.5695000290870667,0.5386999845504761,0.5299999713897705,0.567799985408783,0.5465999841690063,0.5440999865531921,0.5735999941825867,0.5454999804496765,0.5565999746322632,0.5291000008583069,0.5249999761581421,0.5332000255584717,0.527400016784668,0.5706999897956848,0.5512999892234802,0.5587999820709229,0.5336999893188477,0.552299976348877,0.5263000130653381,0.5662000179290771,0.545199990272522,0.5429999828338623,0.5090000033378601,0.5360000133514404,0.5968999862670898,0.5435000061988831,0.5659000277519226,0.5896999835968018,0.5690000057220459,0.5570999979972839,0.5601999759674072,0.5115000009536743,0.5149000287055969,0.5041999816894531,0.5615000128746033,0.4884999990463257,0.5734000205993652,0.5620999932289124,0.5652999877929688,0.5371999740600586,0.5285999774932861,0.4925000071525574,0.49059998989105225,0.5760999917984009,0.4684000015258789,0.5468999743461609,0.4975999891757965,0.5842000246047974,0.6154000163078308,0.5637000203132629,0.5396999716758728,0.5547000169754028,0.551800012588501,0.5254999995231628,0.5268999934196472,0.5541999936103821,0.5697000026702881,0.47519999742507935,0.5210999846458435,0.505299985408783,0.4900999963283539,0.5584999918937683,0.5467000007629395,0.5116999745368958,0.5063999891281128,0.4934999942779541,0.571399986743927,0.58160001039505,0.5138000249862671,0.5407000184059143,0.5108000040054321,0.5753999948501587,0.5371000170707703,0.5396000146865845,0.5339999794960022,0.5209000110626221,0.48500001430511475,0.5418999791145325,0.5493000149726868,0.4772000014781952,0.5760999917984009,0.5338000059127808,0.5572999715805054,0.5123000144958496,0.4916999936103821,0.5676000118255615,0.5042999982833862,0.5602999925613403,0.5388000011444092,0.5504999756813049,0.5302000045776367,0.5282999873161316,0.5392000079154968,0.5026999711990356,0.5401999950408936,0.5303999781608582,0.4717999994754791,0.5099999904632568,0.5619999766349792,0.5299999713897705,0.5758000016212463,0.5716000199317932,0.5284000039100647,0.508400022983551,0.4912000000476837,0.5428000092506409,0.508400022983551,0.477400004863739,0.5332000255584717,0.4909000098705292,0.551800012588501,0.550599992275238,0.5365999937057495,0.4876999855041504,0.4909000098705292,0.4575999975204468,0.5205000042915344,0.508899986743927,0.4693000018596649,0.5257999897003174,0.5577999949455261,0.5234000086784363,0.5321999788284302,0.5544000267982483,0.541700005531311,0.506600022315979,0.5378999710083008,0.5701000094413757,0.525600016117096,0.4936999976634979,0.5437999963760376,0.5217000246047974,0.5260000228881836,0.5605000257492065,0.5128999948501587,0.5497999787330627,0.5462999939918518,0.536899983882904,0.5177000164985657,0.5120999813079834,0.5288000106811523,0.4936999976634979,0.5256999731063843,0.5475999712944031,0.6007000207901001,0.5727999806404114,0.5034000277519226,0.5435000061988831,0.5759999752044678,0.5928000211715698,0.5072000026702881,0.5250999927520752,0.5735999941825867,0.5503000020980835,0.5095999836921692,0.513700008392334,0.5306000113487244,0.5422000288963318,0.5055000185966492,0.4787999987602234,0.5878000259399414,0.5318999886512756,0.5615000128746033,0.524399995803833,0.5271999835968018,0.5221999883651733,0.5576000213623047,0.5817999839782715,0.49300000071525574,0.5062999725341797,0.5339000225067139,0.5559999942779541,0.5425999760627747,0.5109000205993652,0.5062000155448914,0.5777999758720398,0.5759999752044678,0.5551000237464905,0.5616000294685364,0.5120000243186951,0.5318999886512756,0.5151000022888184,0.4880000054836273,0.535099983215332,0.5662000179290771,0.5461000204086304,0.5893999934196472,0.559499979019165,0.551800012588501,0.5813000202178955,0.5519000291824341,0.5521000027656555,0.5626999735832214,0.4733000099658966,0.5494999885559082,0.5507000088691711,0.574999988079071,0.5648000240325928,0.5859000086784363,0.5608999729156494,0.5277000069618225,0.5289000272750854,0.5329999923706055,0.5292999744415283,0.5515999794006348,0.5231999754905701,0.5738999843597412,0.5220000147819519,0.5224999785423279,0.5558000206947327,0.5493000149726868,0.522599995136261,0.5695000290870667,0.5112000107765198,0.5418000221252441,0.5476999878883362,0.48510000109672546,0.5493999719619751,0.5385000109672546,0.5428000092506409,0.5432000160217285,0.5367000102996826,0.5393000245094299,0.5539000034332275,0.5058000087738037,0.4921000003814697,0.6255000233650208,0.5042999982833862,0.5259000062942505,0.5486000180244446,0.462799996137619,0.5328999757766724,0.5120000243186951,0.5333999991416931,0.519599974155426,0.45879998803138733,0.5135999917984009,0.48100000619888306,0.5424000024795532,0.6011999845504761,0.5134999752044678,0.49540001153945923,0.5593000054359436,0.5195000171661377,0.6000999808311462,0.5534999966621399,0.5633999705314636,0.5713000297546387,0.5270000100135803,0.541700005531311,0.5450999736785889,0.5460000038146973,0.5371999740600586,0.5698999762535095,0.5608000159263611,0.5770000219345093,0.5368000268936157,0.5271999835968018
0.4715999960899353,0.3869999945163727,0.2574999928474426,0.26089999079704285,0.26510000228881836,0.263700008392334,0.2572000026702881,0.25360000133514404,0.2538999915122986,0.25119999051094055,0.2565000057220459,0.2515999972820282,0.2603999972343445,0.25450000166893005,0.25459998846054077,0.2628999948501587,0.2653999924659729,0.25870001316070557,0.24969999492168427,0.25999999046325684,0.25429999828338623,0.24979999661445618,0.25,0.24539999663829803,0.24639999866485596,0.24040000140666962,0.24580000340938568,0.2524999976158142,0.24490000307559967,0.25270000100135803,0.25029999017715454,0.2542000114917755,0.24150000512599945,0.25220000743865967,0.2583000063896179,0.2442999929189682,0.2460000067949295,0.24729999899864197,0.25459998846054077,0.24699999392032623,0.24699999392032623,0.24799999594688416,0.251800000667572,0.24639999866485596,0.24369999766349792,0.2475000023841858,0.2492000013589859,0.25119999051094055,0.2533000111579895,0.24619999527931213,0.24799999594688416,0.2524000108242035,0.23669999837875366,0.243599995970726,0.2524000108242035,0.24809999763965607,0.24699999392032623,0.24660000205039978,0.24619999527931213,0.24719999730587006,0.2485000044107437,0.25429999828338623,0.2409999966621399,0.25040000677108765,0.24979999661445618,0.2410999983549118,0.2467000037431717,0.2493000030517578,0.2535000145435333,0.24709999561309814,0.25290000438690186,0.2498999983072281,0.24809999763965607,0.24490000307559967,0.25679999589920044,0.25440001487731934,0.24740000069141388,0.24809999763965607,0.2639999985694885,0.24789999425411224,0.25850000977516174,0.24690000712871552,0.24449999630451202,0.2572000026702881,0.2572999894618988,0.24740000069141388,0.25060001015663147,0.25220000743865967,0.24009999632835388,0.24629999697208405,0.2467000037431717,0.2526000142097473,0.25209999084472656,0.2517000138759613,0.2533999979496002,0.24709999561309814,0.24719999730587006,0.2574000060558319,0.2484000027179718,0.2442999929189682,0.25060001015663147,0.2529999911785126,0.24809999763965607,0.2524000108242035,0.24199999868869781,0.2475000023841858,0.24410000443458557,0.24410000443458557,0.24120000004768372,0.2475000023841858,0.24490000307559967,0.24279999732971191,0.2443999946117401,0.2483000010251999,0.2475000023841858,0.24449999630451202,0.2632000148296356,0.24449999630451202,0.24490000307559967,0.250900000333786,0.250900000333786,0.24799999594688416,0.24089999496936798,0.2515000104904175,0.25999999046325684,0.24740000069141388,0.25029999017715454,0.25270000100135803,0.24220000207424164,0.24729999899864197,0.2459000051021576,0.24639999866485596,0.23890000581741333,0.23770000040531158,0.2596000134944916,0.24529999494552612,0.25619998574256897,0.2551000118255615,0.25189998745918274,0.2524000108242035,0.24809999763965607,0.24789999425411224,0.25450000166893005,0.2484000027179718,0.2498999983072281,0.24609999358654022,0.25380000472068787,0.25060001015663147,0.24740000069141388,0.24819999933242798,0.24330000579357147,0.26109999418258667,0.24779999256134033,0.259799987077713,0.25119999051094055,0.2524999976158142,0.2526000142097473,0.24869999289512634,0.2524999976158142,0.24230000376701355,0.24650000035762787,0.24940000474452972,0.2574999928474426,0.2433999925851822,0.26969999074935913,0.24539999663829803,0.2529999911785126,0.24959999322891235,0.26330000162124634,0.2556000053882599,0.25110000371932983,0.24240000545978546,0.25780001282691956,0.25110000371932983,0.2612999975681305,0.2578999996185303,0.2451999932527542,0.250900000333786,0.24469999969005585,0.2443999946117401,0.25760000944137573,0.24160000681877136,0.25279998779296875,0.2531000077724457,0.2492000013589859,0.25859999656677246,0.2502000033855438,0.2493000030517578,0.2483000010251999,0.24799999594688416,0.2460000067949295,0.24619999527931213,0.2549000084400177,0.24699999392032623,0.24639999866485596,0.2535000145435333,0.2524000108242035,0.2702000141143799,0.27160000801086426,0.24869999289512634,0.2410999983549118,0.2484000027179718,0.265500009059906,0.24320000410079956,0.24869999289512634,0.25929999351501465,0.2538999915122986,0.25040000677108765,0.25029999017715454,0.24629999697208405,0.24969999492168427,0.2540000081062317,0.24160000681877136,0.24469999969005585,0.2736000120639801,0.2671999931335449,0.24789999425411224,0.2517000138759613,0.25060001015663147,0.25450000166893005,0.24879999458789825,0.2483000010251999,0.26010000705718994,0.2635999917984009,0.2515999972820282,0.2492000013589859,0.2538999915122986,0.2583000063896179,0.25369998812675476,0.2574000060558319,0.27399998903274536,0.250900000333786,0.27790001034736633,0.27709999680519104,0.2563999891281128,0.2524999976158142,0.2515000104904175,0.2563000023365021,0.25279998779296875,0.24570000171661377,0.2508000135421753,0.2483000010251999,0.24860000610351562,0.24220000207424164,0.2460000067949295,0.2721000015735626,0.26019999384880066,0.2702000141143799,0.2680000066757202,0.25029999017715454,0.24390000104904175,0.273499995470047,0.25380000472068787,0.2671000063419342,0.2515000104904175,0.2578999996185303,0.2540999948978424,0.2567000091075897,0.2662000060081482,0.26809999346733093,0.2732999920845032,0.27160000801086426,0.26910001039505005,0.24580000340938568,0.2597000002861023,0.24480000138282776,0.2563999891281128,0.2606000006198883,0.2694999873638153,0.2612999975681305,0.27309998869895935,0.2639000117778778,0.26910001039505005,0.2694999873638153,0.2581000030040741,0.24879999458789825,0.27140000462532043,0.26420000195503235,0.2662999927997589,0.25699999928474426,0.24789999425411224,0.243599995970726,0.24279999732971191,0.24629999697208405,0.266400009393692,0.25600001215934753,0.2784000039100647,0.2799000144004822,0.28029999136924744,0.2687999904155731,0.27090001106262207,0.27219998836517334,0.27390000224113464,0.24639999866485596,0.2757999897003174,0.27559998631477356,0.2806999981403351,0.24549999833106995,0.2676999866962433,0.27489998936653137,0.24729999899864197,0.2766999900341034,0.2700999975204468,0.258899986743927,0.2741999924182892,0.28040000796318054,0.2590000033378601,0.2685000002384186,0.2468000054359436,0.2718000113964081,0.2680000066757202,0.2578999996185303,0.260699987411499,0.2799000144004822,0.2563000023365021,0.24369999766349792,0.24469999969005585,0.2718000113964081,0.24199999868869781,0.2833999991416931,0.24899999797344208,0.2874999940395355,0.27410000562667847,0.25589999556541443,0.25540000200271606,0.2872999906539917,0.24719999730587006,0.24799999594688416,0.24500000476837158,0.2680000066757202,0.28119999170303345,0.24779999256134033,0.2506999969482422,0.2858999967575073,0.2712000012397766,0.27300000190734863,0.2720000147819519,0.2799000144004822,0.24619999527931213,0.2752000093460083,0.2728999853134155,0.2612000107765198,0.24639999866485596,0.27720001339912415,0.2856000065803528,0.28110000491142273,0.2529999911785126,0.2703999876976013,0.26600000262260437,0.2558000087738037,0.27390000224113464,0.25839999318122864,0.2935999929904938,0.28040000796318054,0.25360000133514404,0.32179999351501465,0.266400009393692,0.25189998745918274,0.2962000072002411,0.2802000045776367,0.2651999890804291,0.2842999994754791,0.26649999618530273,0.28369998931884766,0.2870999872684479,0.3264999985694885,0.3021000027656555,0.3125,0.30489999055862427,0.3084000051021576,0.31700000166893005,0.3208000063896179,0.27239999175071716,0.2992999851703644,0.31290000677108765,0.3068000078201294,0.2870999872684479,0.32670000195503235,0.32409998774528503,0.32260000705718994,0.31060001254081726,0.3163999915122986,0.3190000057220459,0.3012999892234802,0.3237999975681305,0.2919999957084656,0.30070000886917114,0.30889999866485596,0.27459999918937683,0.2921999990940094,0.31290000677108765,0.30790001153945923,0.3264000117778778,0.2928999960422516,0.30250000953674316,0.29910001158714294,0.3158999979496002,0.3109000027179718,0.3188999891281128,0.2700999975204468,0.2939999997615814,0.2964000105857849,0.2985000014305115,0.31619998812675476,0.3237999975681305,0.32109999656677246,0.30070000886917114,0.3068999946117401,0.3375999927520752,0.3310999870300293,0.34310001134872437,0.3181000053882599,0.31209999322891235,0.334199994802475,0.28450000286102295,0.2937000095844269,0.3409000039100647,0.3028999865055084,0.33180001378059387,0.32589998841285706,0.33219999074935913,0.3084000051021576,0.31540000438690186,0.3149999976158142,0.32710000872612,0.3199999928474426,0.31929999589920044,0.3447999954223633,0.29190000891685486,0.3237999975681305,0.31459999084472656,0.3089999854564667,0.28929999470710754,0.3336000144481659,0.28850001096725464,0.3287999927997589,0.325300008058548,0.3154999911785126,0.32350000739097595,0.32100000977516174,0.3391000032424927,0.33329999446868896,0.3287999927997589,0.31380000710487366,0.3303999900817871,0.3249000012874603,0.3377000093460083,0.3321000039577484,0.31209999322891235,0.2948000133037567,0.28929999470710754,0.321399986743927,0.3190000057220459,0.29260000586509705,0.329800009727478,0.2890999913215637,0.33390000462532043,0.35600000619888306,0.3325999975204468,0.3149000108242035,0.3398999869823456,0.301800012588501,0.3474999964237213,0.3273000121116638,0.31929999589920044,0.31769999861717224,0.3467000126838684,0.3418999910354614,0.3100999891757965,0.3513999879360199,0.3625999987125397,0.3617999851703644,0.3407999873161316,0.3400999903678894,0.3359000086784363,0.32190001010894775,0.35359999537467957,0.35440000891685486,0.32199999690055847,0.3610999882221222,0.3296999931335449,0.33090001344680786,0.35929998755455017,0.3564000129699707,0.3587999939918518,0.3294000029563904,0.3248000144958496,0.35830000042915344,0.36039999127388,0.35670000314712524,0.3384999930858612,0.33230000734329224,0.33009999990463257,0.3382999897003174,0.3181999921798706,0.34049999713897705,0.3499999940395355,0.32659998536109924,0.3499999940395355,0.34290000796318054,0.36250001192092896,0.3544999957084656,0.3391999900341034,0.33570000529289246,0.3296999931335449,0.3474000096321106,0.3474999964237213,0.3506999909877777,0.335099995136261,0.3686999976634979,0.33809998631477356,0.31859999895095825,0.321399986743927,0.362199991941452,0.3587000072002411,0.3483999967575073,0.3668000102043152,0.3637000024318695,0.358599990606308,0.3422999978065491,0.357699990272522,0.3610999882221222,0.3400999903678894,0.3546999990940094,0.3601999878883362,0.31209999322891235,0.3522000014781952,0.36340001225471497,0.3546000123023987,0.3619000017642975,0.3589000105857849,0.35350000858306885,0.3544999957084656,0.33399999141693115,0.3564999997615814,0.3619999885559082,0.3684999942779541,0.35179999470710754,0.3068999946117401,0.3476000130176544,0.36469998955726624,0.35839998722076416,0.3785000145435333,0.36489999294281006,0.3476000130176544,0.35839998722076416,0.3596000075340271,0.3684999942779541,0.3140000104904175,0.352400004863739,0.3555000126361847,0.38109999895095825,0.37290000915527344,0.3391000032424927,0.34380000829696655,0.35010001063346863,0.3619000017642975,0.36980000138282776,0.3580000102519989,0.3686999976634979,0.36820000410079956,0.3474000096321106,0.3693000078201294,0.34769999980926514,0.3449000120162964,0.35249999165534973,0.33180001378059387,0.37040001153945923,0.3555999994277954,0.36899998784065247,0.3492000102996826,0.37529999017715454,0.34610000252723694,0.3767000138759613,0.366100013256073,0.36160001158714294,0.3546999990940094,0.3709000051021576,0.36640000343322754,0.3695000112056732,0.3492000102996826,0.3303999900817871,0.3508000075817108,0.34290000796318054,0.36039999127388,0.3603000044822693,0.3409000039100647,0.37220001220703125,0.3400000035762787,0.36579999327659607,0.36059999465942383,0.36800000071525574,0.3659999966621399,0.32030001282691956,0.37209999561309814,0.3783999979496002,0.37290000915527344,0.3497999906539917,0.34850001335144043,0.3596000075340271,0.36579999327659607,0.36169999837875366,0.37380000948905945,0.38659998774528503,0.3513999879360199,0.320499986410141,0.35830000042915344,0.36719998717308044,0.367900013923645,0.3610000014305115,0.350600004196167,0.3650999963283539,0.35839998722076416,0.3573000133037567,0.3628000020980835,0.3813999891281128,0.3691999912261963,0.3668000102043152,0.34279999136924744,0.34689998626708984,0.3727000057697296,0.36629998683929443,0.34279999136924744,0.38019999861717224,0.36820000410079956,0.3783999979496002,0.3483000099658966,0.36629998683929443,0.3546999990940094,0.3734000027179718,0.36899998784065247,0.3499999940395355,0.37119999527931213,0.36039999127388,0.33000001311302185,0.34459999203681946,0.3497999906539917,0.36730000376701355,0.35420000553131104,0.3804999887943268,0.3587000072002411,0.37400001287460327,0.3684999942779541,0.3547999858856201,0.3734000027179718,0.3709000051021576,0.36880001425743103,0.36550000309944153,0.35040000081062317,0.367000013589859,0.3531000018119812,0.3644999861717224,0.3700999915599823,0.3686999976634979,0.36890000104904175,0.3700999915599823,0.375,0.37929999828338623,0.35339999198913574,0.3522999882698059,0.3822999894618988,0.3506999909877777,0.3797000050544739,0.35989999771118164,0.34209999442100525,0.38109999895095825,0.3677000105381012,0.3490000069141388,0.36000001430511475,0.35920000076293945,0.36559998989105225,0.3610000014305115,0.3605000078678131,0.3596999943256378,0.3781999945640564,0.357699990272522,0.3538999855518341,0.34049999713897705,0.34389999508857727,0.3732999861240387,0.3521000146865845,0.36419999599456787,0.34630000591278076,0.37940001487731934,0.37790000438690186,0.36820000410079956,0.34279999136924744,0.3702000081539154,0.36559998989105225,0.3723999857902527,0.33640000224113464,0.3644999861717224,0.3605000078678131,0.3723999857902527,0.3666999936103821,0.33980000019073486,0.3776000142097473,0.36899998784065247,0.35269999504089355,0.37059998512268066,0.3781999945640564,0.3695000112056732,0.3587999939918518,0.3801000118255615,0.35499998927116394,0.36480000615119934,0.3361999988555908,0.3578000068664551,0.3682999908924103,0.37400001287460327,0.36800000071525574,0.37389999628067017,0.3702999949455261,0.3822000026702881,0.37059998512268066,0.3666999936103821,0.34470000863075256,0.34869998693466187,0.3734999895095825,0.3725000023841858,0.357699990272522,0.37619999051094055,0.3806999921798706,0.36329999566078186,0.36390000581741333,0.3564999997615814,0.3668999969959259,0.37470000982284546,0.35670000314712524,0.36890000104904175,0.33000001311302185,0.37450000643730164,0.32269999384880066,0.3698999881744385,0.3630000054836273,0.3140000104904175,0.3547999858856201,0.34790000319480896,0.3476000130176544,0.36469998955726624,0.37119999527931213,0.3659999966621399,0.36469998955726624,0.34369999170303345,0.3693000078201294,0.367900013923645,0.375900000333786,0.35530000925064087,0.3797000050544739,0.37139999866485596,0.3544999957084656,0.3853999972343445,0.3483999967575073,0.37610000371932983,0.3626999855041504,0.35350000858306885,0.3937999904155731,0.3817000091075897,0.39259999990463257,0.3808000087738037,0.37779998779296875,0.3930000066757202,0.37229999899864197,0.3903999924659729,0.3513999879360199,0.3707999885082245,0.3677000105381012,0.3783999979496002,0.3935999870300293,0.3849000036716461,0.37560001015663147,0.38929998874664307,0.38999998569488525,0.3617999851703644,0.391400009393692,0.36419999599456787,0.365200012922287,0.3797999918460846,0.3783000111579895,0.38269999623298645,0.34929999709129333,0.390500009059906,0.38760000467300415,0.3675000071525574,0.3718000054359436,0.3490000069141388,0.3944000005722046,0.39340001344680786,0.3869999945163727,0.396699994802475,0.362199991941452,0.38679999113082886,0.3928999900817871,0.3465999960899353,0.3546000123023987,0.3950999975204468,0.38260000944137573,0.3862000107765198,0.38359999656677246,0.3921000063419342,0.3693999946117401,0.34290000796318054,0.3783999979496002,0.33730000257492065,0.4016999900341034,0.3828999996185303,0.39399999380111694,0.3962000012397766,0.36399999260902405,0.38839998841285706,0.3774999976158142,0.38339999318122864,0.3490999937057495,0.39649999141693115,0.38449999690055847,0.32829999923706055,0.3894999921321869,0.382999986410141,0.41679999232292175,0.4043000042438507,0.4056999981403351,0.4018000066280365,0.3776000142097473,0.40450000762939453,0.38429999351501465,0.40149998664855957,0.3301999866962433,0.3718999922275543,0.3840000033378601,0.3691999912261963,0.39890000224113464,0.3472999930381775,0.3700000047683716,0.4009000062942505,0.38609999418258667,0.37400001287460327,0.3686999976634979,0.3659999966621399,0.39910000562667847,0.3961000144481659,0.40529999136924744,0.3628999888896942,0.38260000944137573,0.3847000002861023,0.385699987411499,0.3864000141620636,0.3758000135421753,0.3587999939918518,0.4011000096797943,0.3919000029563904,0.4083000123500824,0.3878999948501587,0.4027999937534332,0.3815000057220459,0.4050999879837036,0.39160001277923584,0.39890000224113464,0.4244999885559082,0.38679999113082886,0.3781999945640564,0.4099999964237213,0.3880999982357025,0.37619999051094055,0.42419999837875366,0.39070001244544983,0.37630000710487366,0.3779999911785126,0.3785000145435333,0.3727000057697296,0.38670000433921814,0.39100000262260437,0.4092999994754791,0.4090000092983246,0.3986999988555908,0.42419999837875366,0.4088999927043915,0.4348999857902527,0.40310001373291016,0.4052000045776367,0.3855000138282776,0.39739999175071716,0.39590001106262207,0.40209999680519104,0.36570000648498535,0.4050999879837036,0.41990000009536743,0.41819998621940613,0.4058000147342682,0.39899998903274536,0.40689998865127563,0.41110000014305115,0.4239000082015991,0.41190001368522644,0.4043999910354614,0.4147000014781952,0.3968999981880188,0.4359000027179718,0.41530001163482666,0.41100001335144043,0.39079999923706055,0.4318000078201294,0.45489999651908875,0.4023999869823456,0.4196999967098236,0.3896999955177307,0.41940000653266907,0.35510000586509705,0.3878999948501587,0.43700000643730164,0.40959998965263367,0.3971000015735626,0.3935000002384186,0.41620001196861267,0.385699987411499,0.39500001072883606,0.41670000553131104,0.40799999237060547,0.39969998598098755,0.43389999866485596,0.4415999948978424,0.41690000891685486,0.4194999933242798,0.4334000051021576,0.3776000142097473,0.4253000020980835,0.3894999921321869,0.41760000586509705,0.42730000615119934,0.4081999957561493,0.398499995470047,0.4336000084877014,0.4345000088214874,0.4494999945163727,0.42750000953674316,0.42160001397132874,0.43059998750686646,0.3767000138759613,0.41359999775886536,0.4083999991416931,0.4027999937534332,0.43709999322891235,0.40529999136924744,0.38920000195503235,0.4106999933719635,0.421099990606308,0.42260000109672546,0.41530001163482666,0.43779999017715454,0.4235000014305115,0.4334999918937683,0.3871000111103058,0.44279998540878296,0.3944000005722046,0.421099990606308,0.4207000136375427,0.40549999475479126,0.4311000108718872,0.41449999809265137,0.45320001244544983,0.40529999136924744,0.42910000681877136,0.43700000643730164,0.42480000853538513,0.41769999265670776,0.4291999936103821,0.4065000116825104,0.4296000003814697,0.42899999022483826,0.4620000123977661,0.43630000948905945,0.41339999437332153,0.45399999618530273,0.42879998683929443,0.4169999957084656,0.4260999858379364,0.4440000057220459,0.41280001401901245,0.42489999532699585,0.4187999963760376,0.4372999966144562,0.42309999465942383,0.41679999232292175,0.41659998893737793,0.4474000036716461,0.38659998774528503,0.44040000438690186,0.4235999882221222,0.3917999863624573,0.3919000029563904,0.4034000039100647,0.39730000495910645,0.3878999948501587,0.42399999499320984,0.4140999913215637,0.41370001435279846,0.3598000109195709,0.42080000042915344,0.436599999666214,0.4390000104904175,0.41679999232292175,0.44510000944137573,0.4023999869823456,0.45170000195503235,0.4090000092983246,0.3862000107765198,0.4643999934196472,0.4237000048160553,0.44859999418258667,0.460999995470047,0.39739999175071716,0.39890000224113464,0.43479999899864197,0.4528999924659729,0.41429999470710754,0.40849998593330383,0.43880000710487366,0.45739999413490295,0.42989999055862427,0.448199987411499,0.48410001397132874,0.36160001158714294,0.45570001006126404,0.4442000091075897,0.43970000743865967,0.49540001153945923,0.42579999566078186,0.435699999332428,0.42160001397132874,0.4090999960899353,0.4277999997138977,0.4325999915599823,0.4327000081539154,0.4133000075817108,0.48170000314712524,0.46950000524520874,0.4586000144481659,0.4424999952316284,0.47760000824928284,0.4120999872684479,0.3986999988555908,0.48559999465942383,0.4401000142097473,0.45719999074935913,0.4097000062465668,0.3921000063419342,0.46540001034736633,0.46880000829696655,0.3840999901294708,0.3779999911785126,0.41679999232292175,0.45170000195503235,0.447299987077713,0.3984000086784363,0.4153999984264374,0.38040000200271606,0.3961000144481659,0.4129999876022339,0.44519999623298645,0.4603999853134155,0.4357999861240387,0.4097999930381775,0.39010000228881836,0.4440999925136566,0.4196000099182129,0.4090999960899353,0.4293999969959259,0.43369999527931213,0.39500001072883606,0.4237000048160553,0.41999998688697815,0.47609999775886536,0.399399995803833,0.45509999990463257,0.4065999984741211,0.46709999442100525,0.4722000062465668,0.4424999952316284,0.46070000529289246,0.482699990272522,0.45410001277923584,0.4650000035762787,0.44940000772476196,0.4115999937057495,0.4675000011920929,0.4415999948978424,0.46140000224113464,0.47940000891685486,0.42890000343322754,0.4462999999523163,0.46459999680519104,0.4275999963283539,0.414900004863739,0.4551999866962433,0.4244999885559082,0.41269999742507935,0.40720000863075256,0.4375,0.4034000039100647,0.4207000136375427,0.4544999897480011,0.44850000739097595,0.4171000123023987,0.43389999866485596,0.40950000286102295,0.398499995470047,0.435699999332428,0.4535999894142151,0.46549999713897705,0.45570001006126404,0.4553000032901764,0.44359999895095825,0.42089998722076416,0.48190000653266907,0.4708999991416931,0.4652000069618225,0.44600000977516174,0.41780000925064087,0.4480000138282776,0.4350000023841858,0.4494999945163727,0.45339998602867126,0.45660001039505005,0.4332999885082245,0.42489999532699585,0.4733000099658966,0.49570000171661377,0.46230000257492065,0.44029998779296875,0.47099998593330383,0.4652000069618225,0.4350000023841858,0.4359000027179718,0.4307999908924103,0.4440999925136566,0.447299987077713,0.4120999872684479,0.47269999980926514,0.4747999906539917,0.41690000891685486,0.4499000012874603,0.47110000252723694,0.43799999356269836,0.4133000075817108,0.4553999900817871,0.4684999883174896,0.44920000433921814,0.4447000026702881,0.4429999887943268,0.4584999978542328,0.4156999886035919,0.4595000147819519,0.46880000829696655,0.4440000057220459,0.421999990940094,0.4672999978065491,0.4745999872684479,0.46880000829696655,0.4778999984264374,0.45339998602867126,0.43869999051094055,0.48420000076293945,0.4431999921798706,0.4442000091075897,0.47450000047683716,0.46129998564720154,0.44609999656677246,0.45419999957084656,0.4668999910354614,0.42910000681877136,0.491100013256073,0.453000009059906,0.4745999872684479,0.4578999876976013,0.5076000094413757,0.43689998984336853,0.44920000433921814,0.4544000029563904,0.4713999927043915,0.4399000108242035,0.5,0.4650000035762787,0.46059998869895935,0.4088999927043915,0.4699000120162964,0.4377000033855438,0.4717999994754791,0.453000009059906,0.4634999930858612,0.42320001125335693,0.48820000886917114,0.4239000082015991,0.47130000591278076,0.45669999718666077,0.47200000286102295,0.4896000027656555,0.45350000262260437,0.4731999933719635,0.48539999127388,0.4472000002861023,0.46470001339912415,0.4244000017642975,0.4097000062465668,0.44350001215934753,0.447299987077713,0.47850000858306885,0.5515000224113464,0.5131999850273132,0.4787999987602234,0.4553000032901764,0.39890000224113464,0.4401000142097473,0.4699999988079071,0.5067999958992004,0.4740999937057495,0.4661000072956085,0.5266000032424927,0.46239998936653137,0.44920000433921814,0.4569999873638153,0.4821000099182129,0.4408999979496002,0.4481000006198883,0.4916999936103821,0.42879998683929443,0.4961000084877014,0.49309998750686646,0.44780001044273376,0.4844000041484833,0.45239999890327454,0.4681999981403351,0.4325999915599823,0.4943000078201294,0.4713999927043915,0.4722999930381775,0.42489999532699585,0.4733999967575073,0.4553999900817871,0.4875999987125397,0.5134000182151794,0.49779999256134033,0.4982999861240387,0.4683000147342682,0.45890000462532043,0.44780001044273376,0.4683000147342682,0.4860999882221222,0.49869999289512634,0.5020999908447266,0.4489000141620636,0.44670000672340393,0.41510000824928284,0.4359000027179718,0.5078999996185303,0.45879998803138733,0.4950999915599823,0.5335999727249146,0.43549999594688416,0.4381999969482422,0.46239998936653137,0.4708999991416931,0.45320001244544983,0.4578000009059906,0.4950999915599823,0.477400004863739,0.512499988079071,0.4851999878883362,0.4810999929904938,0.4991999864578247,0.44190001487731934,0.4918000102043152,0.46630001068115234,0.4657000005245209,0.4812000095844269,0.46389999985694885,0.5048999786376953,0.46709999442100525,0.4871000051498413,0.4706999957561493,0.4645000100135803,0.5037000179290771,0.4636000096797943,0.47269999980926514,0.48660001158714294,0.4864000082015991,0.4828999936580658,0.4853000044822693,0.5019999742507935,0.46880000829696655,0.45179998874664307,0.4717000126838684,0.46149998903274536,0.4171999990940094,0.45080000162124634,0.46309998631477356,0.4966000020503998,0.48579999804496765,0.45509999990463257,0.4902999997138977,0.5030999779701233,0.4832000136375427,0.4722999930381775,0.4878000020980835,0.489300012588501,0.4634000062942505,0.46650001406669617,0.45239999890327454,0.4729999899864197,0.5102999806404114,0.5059999823570251,0.4535999894142151,0.5001000165939331,0.4207000136375427,0.44130000472068787,0.47360000014305115,0.4230000078678131,0.4629000127315521,0.4853000044822693,0.4431999921798706,0.42080000042915344,0.48260000348091125,0.45509999990463257,0.5339000225067139,0.4641999900341034,0.4738999903202057,0.4839000105857849,0.4438999891281128,0.4562000036239624,0.5073999762535095,0.4754999876022339,0.4401000142097473,0.439300000667572,0.4805000126361847,0.4794999957084656,0.43869999051094055,0.39640000462532043,0.4803999960422516,0.46059998869895935,0.522599995136261,0.4641999900341034,0.47940000891685486,0.4715000092983246,0.45179998874664307,0.486299991607666,0.45260000228881836,0.47920000553131104,0.4562000036239624,0.43959999084472656,0.42640000581741333,0.5019999742507935,0.501800000667572,0.4893999993801117,0.4934000074863434,0.4530999958515167,0.46950000524520874,0.4803999960422516,0.45649999380111694,0.5146999955177307,0.3993000090122223,0.43959999084472656,0.4553000032901764,0.4733999967575073,0.4661000072956085,0.47699999809265137,0.5128999948501587,0.4413999915122986,0.4781000018119812,0.4952999949455261,0.4503999948501587,0.4595000147819519,0.41920000314712524,0.47769999504089355,0.46470001339912415,0.5117999911308289,0.45579999685287476,0.48069998621940613,0.450300008058548,0.4805999994277954,0.45080000162124634,0.4699000120162964,0.453900009393692,0.46209999918937683,0.47760000824928284,0.46470001339912415,0.4860000014305115,0.47699999809265137,0.49230000376701355,0.47119998931884766,0.4424999952316284,0.4729999899864197,0.4634000062942505,0.4675000011920929,0.4560000002384186,0.4417000114917755,0.4657000005245209,0.4526999890804291,0.4975000023841858,0.45100000500679016,0.460999995470047,0.4733000099658966,0.46140000224113464,0.4975999891757965,0.517799973487854,0.49570000171661377,0.4851999878883362,0.49900001287460327,0.5293999910354614,0.48410001397132874,0.43059998750686646,0.48030000925064087,0.475600004196167,0.4869000017642975,0.46790000796318054,0.4691999852657318,0.49000000953674316,0.43939998745918274,0.46129998564720154,0.49939998984336853,0.4997999966144562,0.4593000113964081,0.4903999865055084,0.486299991607666,0.46140000224113464,0.46320000290870667,0.4675999879837036,0.4964999854564667,0.4577000141143799,0.4691999852657318,0.4586000144481659,0.4722999930381775,0.4675999879837036,0.47690001130104065,0.4846999943256378,0.4846999943256378,0.5184000134468079,0.510699987411499,0.4657000005245209,0.4968999922275543,0.49410000443458557,0.48890000581741333,0.45750001072883606,0.45590001344680786,0.4596000015735626,0.48579999804496765,0.48100000619888306,0.43939998745918274,0.4587000012397766,0.46970000863075256,0.48190000653266907,0.4620000123977661,0.4966000020503998,0.476500004529953,0.5121999979019165,0.4645000100135803,0.5440999865531921,0.4984999895095825,0.4586000144481659,0.504800021648407,0.515500009059906,0.49939998984336853,0.4490000009536743,0.46860000491142273,0.4433000087738037,0.5098999738693237,0.46320000290870667,0.44519999623298645,0.46320000290870667,0.47279998660087585,0.47040000557899475,0.5092999935150146,0.46209999918937683,0.5375999808311462,0.4986000061035156,0.4860999882221222,0.5146999955177307,0.48809999227523804,0.4706000089645386,0.47519999742507935,0.4790000021457672,0.4675999879837036,0.4948999881744385,0.4645000100135803,0.4648999869823456,0.5006999969482422,0.4489000141620636,0.4860000014305115,0.4959999918937683,0.5109999775886536,0.45320001244544983,0.46950000524520874,0.5083000063896179,0.5141000151634216,0.5083000063896179,0.492000013589859,0.48649999499320984,0.45080000162124634,0.5077999830245972,0.4580000042915344,0.44269999861717224,0.49970000982284546,0.47780001163482666,0.48350000381469727,0.5311999917030334,0.47450000047683716,0.4788999855518341,0.5210000276565552,0.4645000100135803,0.420199990272522,0.4474000036716461,0.5324000120162964,0.4645000100135803,0.44609999656677246,0.4657999873161316,0.5181999802589417,0.5077999830245972,0.4708000123500824,0.5049999952316284,0.48969998955726624,0.4794999957084656,0.450300008058548,0.47279998660087585,0.48019999265670776,0.5016999840736389,0.4700999855995178,0.4564000070095062,0.48980000615119934,0.4731999933719635,0.48980000615119934,0.5094000101089478,0.48660001158714294,0.5054000020027161,0.4359000027179718,0.44510000944137573,0.4950999915599823,0.4699999988079071,0.4708999991416931,0.46959999203681946,0.49889999628067017,0.48829999566078186,0.4668999910354614,0.4586000144481659,0.4812999963760376,0.4878999888896942,0.4392000138759613,0.43299999833106995,0.4706999957561493,0.4487000107765198,0.4544999897480011,0.4620000123977661,0.4348999857902527,0.474700003862381,0.41339999437332153,0.5020999908447266,0.47940000891685486,0.5013999938964844,0.4814000129699707,0.4781999886035919,0.4691999852657318,0.4674000144004822,0.47940000891685486,0.49709999561309814,0.4587000012397766,0.47620001435279846,0.49810001254081726,0.4431000053882599,0.47540000081062317,0.4772000014781952,0.49459999799728394,0.49900001287460327,0.43970000743865967,0.47690001130104065,0.5059999823570251,0.49129998683929443,0.5271999835968018,0.5169000029563904,0.4925000071525574,0.45750001072883606,0.4779999852180481,0.4683000147342682,0.4871000051498413,0.522599995136261,0.4415000081062317,0.4456000030040741,0.45829999446868896,0.4853000044822693,0.48159998655319214,0.459199994802475,0.4587000012397766,0.4693000018596649,0.46399998664855957,0.477400004863739,0.4494999945163727,0.4984000027179718,0.4805000126361847,0.4779999852180481,0.4918000102043152,0.4722000062465668,0.5206000208854675,0.4690999984741211,0.4968000054359436,0.4178999960422516,0.45399999618530273,0.46560001373291016,0.4726000130176544,0.4505000114440918,0.45730000734329224,0.44440001249313354,0.5148000121116638,0.5094000101089478,0.414900004863739,0.5099999904632568,0.5159000158309937,0.5101000070571899,0.49129998683929443,0.48019999265670776,0.4474000036716461,0.44999998807907104,0.45660001039505005,0.4700999855995178,0.478300005197525,0.5187000036239624,0.5067999958992004,0.45019999146461487,0.5195000171661377,0.4722999930381775,0.46709999442100525,0.49239999055862427,0.48750001192092896,0.45260000228881836,0.4505999982357025,0.4855000078678131,0.4763000011444092,0.5242999792098999,0.5034999847412109,0.4722999930381775,0.44929999113082886,0.46219998598098755,0.44530001282691956,0.5153999924659729,0.5130000114440918,0.5182999968528748,0.4677000045776367,0.47369998693466187,0.46219998598098755,0.4837999939918518,0.4921000003814697,0.4650000035762787,0.4438000023365021,0.4650999903678894,0.4586000144481659,0.4821000099182129,0.47929999232292175,0.48739999532699585,0.48750001192092896,0.4422999918460846,0.45579999685287476,0.5056999921798706,0.4740000069141388,0.4196999967098236,0.45509999990463257,0.48260000348091125,0.5178999900817871,0.489300012588501,0.5116000175476074,0.4968999922275543,0.4580000042915344,0.49399998784065247,0.4925000071525574,0.4462999999523163,0.48489999771118164,0.4966999888420105,0.4747999906539917,0.4830999970436096,0.4846999943256378,0.49900001287460327,0.4375999867916107,0.4900999963283539,0.4406999945640564,0.5238999724388123,0.506600022315979,0.522599995136261,0.46939998865127563,0.46889999508857727,0.4584999978542328,0.5202999711036682,0.5494999885559082,0.45509999990463257,0.4634000062942505,0.48919999599456787,0.44679999351501465,0.4388999938964844,0.4429999887943268,0.4900999963283539,0.43309998512268066,0.48579999804496765,0.4489000141620636,0.4510999917984009,0.5041999816894531,0.4659999907016754,0.4699999988079071,0.4487000107765198,0.5094000101089478,0.43639999628067017,0.478300005197525,0.46050000190734863,0.5022000074386597,0.45879998803138733,0.49619999527931213,0.5374000072479248,0.4521999955177307,0.44999998807907104,0.4927999973297119,0.45210000872612,0.5217000246047974,0.44369998574256897,0.43130001425743103,0.45840001106262207,0.474700003862381,0.4729999899864197,0.4758000075817108,0.475600004196167,0.5196999907493591,0.5206999778747559,0.527899980545044,0.5109999775886536,0.5083000063896179,0.4690000116825104,0.4970000088214874,0.4916999936103821,0.42489999532699585,0.49050000309944153,0.508400022983551,0.541700005531311,0.5184999704360962,0.5013999938964844,0.4912000000476837,0.46219998598098755,0.46959999203681946,0.47290000319480896,0.5181999802589417,0.4702000021934509,0.482699990272522,0.4758000075817108,0.5260999798774719,0.5002999901771545,0.5131000280380249,0.4674000144004822,0.49050000309944153,0.4812999963760376,0.4814999997615814,0.4909000098705292,0.5023000240325928,0.5063999891281128,0.506600022315979,0.49619999527931213,0.47269999980926514,0.5214999914169312,0.48840001225471497,0.48019999265670776,0.49079999327659607,0.4943000078201294,0.5013999938964844,0.49880000948905945,0.519599974155426,0.4706000089645386,0.44679999351501465,0.46700000762939453,0.48089998960494995,0.4925000071525574,0.4733000099658966,0.46239998936653137,0.4438000023365021,0.47200000286102295,0.49970000982284546,0.4474000036716461,0.4239000082015991,0.4115999937057495,0.4410000145435333,0.4578999876976013,0.4959999918937683,0.4884999990463257,0.48010000586509705,0.459199994802475,0.5077999830245972,0.46549999713897705,0.4869999885559082,0.5008999705314636,0.5223000049591064,0.5392000079154968,0.4787999987602234,0.511900007724762,0.542900025844574,0.5038999915122986,0.47929999232292175,0.4959000051021576,0.525600016117096,0.4934999942779541,0.413100004196167,0.4948999881744385,0.48170000314712524,0.453000009059906,0.4424000084400177,0.503600001335144,0.48190000653266907,0.5318999886512756,0.4779999852180481,0.4650000035762787,0.4966000020503998,0.43779999017715454,0.510699987411499,0.4959999918937683,0.5101000070571899,0.5131999850273132,0.4894999861717224,0.5041000247001648,0.4823000133037567,0.4742000102996826,0.506600022315979,0.4104999899864197,0.46619999408721924,0.4880000054836273,0.5034999847412109,0.4726000130176544,0.49939998984336853,0.5196999907493591,0.4964999854564667,0.4982999861240387,0.5063999891281128,0.5394999980926514,0.46230000257492065,0.4683000147342682,0.4372999966144562,0.46540001034736633,0.46630001068115234,0.48179998993873596,0.4575999975204468,0.47859999537467957,0.4805000126361847,0.49050000309944153,0.3944999873638153,0.45210000872612,0.4478999972343445,0.4578999876976013,0.4178999960422516,0.4952999949455261,0.4352000057697296,0.46209999918937683,0.4593000113964081,0.4830000102519989,0.4684000015258789,0.5120000243186951,0.5231999754905701,0.48080000281333923,0.5291000008583069,0.4875999987125397,0.498199999332428,0.5101000070571899,0.47760000824928284,0.476500004529953,0.4560999870300293,0.4693000018596649,0.45969998836517334,0.41530001163482666,0.46869999170303345,0.4959999918937683,0.4593999981880188,0.45100000500679016,0.44999998807907104,0.47029998898506165,0.49219998717308044,0.5091999769210815,0.5170000195503235,0.44920000433921814,0.5148000121116638,0.4722000062465668,0.5491999983787537,0.48100000619888306,0.47519999742507935,0.42179998755455017,0.46790000796318054,0.5095999836921692,0.44510000944137573,0.4708999991416931,0.49459999799728394,0.44589999318122864,0.46950000524520874,0.5120000243186951,0.4885999858379364,0.4708000123500824,0.47620001435279846,0.45100000500679016,0.4562999904155731,0.5239999890327454,0.47099998593330383,0.5163000226020813,0.47769999504089355,0.49889999628067017,0.5097000002861023,0.4742000102996826,0.46230000257492065,0.44859999418258667,0.5141000151634216,0.43149998784065247,0.5238000154495239,0.4426000118255615,0.5239999890327454,0.4722999930381775,0.508899986743927,0.47290000319480896,0.44909998774528503,0.5062999725341797,0.44530001282691956,0.4839000105857849,0.45329999923706055,0.44760000705718994,0.4999000132083893,0.45509999990463257,0.4000000059604645,0.4530999958515167,0.5174000263214111,0.5041000247001648,0.4754999876022339,0.47360000014305115,0.4478999972343445,0.4375999867916107,0.475600004196167,0.4756999909877777,0.4318000078201294,0.4287000000476837,0.48350000381469727,0.4569000005722046,0.49540001153945923,0.46650001406669617,0.5170000195503235,0.4927999973297119,0.4706999957561493,0.4893999993801117,0.4724000096321106,0.41029998660087585,0.49070000648498535,0.4799000024795532,0.4675000011920929,0.4927000105381012,0.43720000982284546,0.4839000105857849,0.5181000232696533,0.4706000089645386,0.4894999861717224,0.4634000062942505,0.4611999988555908,0.5128999948501587,0.5151000022888184,0.5192999839782715,0.4544000029563904,0.4925000071525574,0.4945000112056732,0.4731999933719635,0.49470001459121704,0.5253000259399414,0.5097000002861023,0.4620000123977661,0.4832000136375427,0.4821999967098236,0.4235000014305115,0.45840001106262207,0.4300999939441681,0.5169000029563904,0.4999000132083893,0.4699000120162964,0.5178999900817871,0.46230000257492065,0.46720001101493835,0.4984999895095825,0.421999990940094,0.49720001220703125,0.4618000090122223,0.5026999711990356,0.4763000011444092,0.5059999823570251,0.49239999055862427,0.4108000099658966,0.4634999930858612,0.48559999465942383,0.5455999970436096,0.45829999446868896,0.46630001068115234,0.476500004529953,0.4383000135421753,0.4754999876022339,0.4404999911785126,0.515999972820282,0.5252000093460083,0.4603999853134155,0.46160000562667847,0.46140000224113464,0.47760000824928284,0.5281000137329102,0.43560001254081726,0.5027999877929688,0.5027999877929688,0.43779999017715454
0.46309998631477356,0.1500999927520752,0.1573999971151352,0.16050000488758087,0.15649999678134918,0.15629999339580536,0.15800000727176666,0.15039999783039093,0.15240000188350677,0.15080000460147858,0.1525000035762787,0.15690000355243683,0.1526000052690506,0.1517000049352646,0.14259999990463257,0.14869999885559082,0.15700000524520874,0.15950000286102295,0.15800000727176666,0.15790000557899475,0.14640000462532043,0.1451999992132187,0.14509999752044678,0.14550000429153442,0.14589999616146088,0.14350000023841858,0.14350000023841858,0.1453000009059906,0.14489999413490295,0.1462000012397766,0.15119999647140503,0.15160000324249268,0.13899999856948853,0.14380000531673431,0.15119999647140503,0.14399999380111694,0.1429000049829483,0.1477999985218048,0.15199999511241913,0.1437000036239624,0.14249999821186066,0.13760000467300415,0.1445000022649765,0.15610000491142273,0.14259999990463257,0.15000000596046448,0.14550000429153442,0.15109999477863312,0.14229999482631683,0.14329999685287476,0.14640000462532043,0.1476999968290329,0.14300000667572021,0.1387999951839447,0.1468999981880188,0.1460999995470047,0.1453000009059906,0.14569999277591705,0.1421000063419342,0.14749999344348907,0.14579999446868896,0.14560000598430634,0.14259999990463257,0.14910000562667847,0.14650000631809235,0.1412999927997589,0.14579999446868896,0.14910000562667847,0.1509000062942505,0.14880000054836273,0.14380000531673431,0.1454000025987625,0.14480000734329224,0.1429000049829483,0.14149999618530273,0.14920000731945038,0.14740000665187836,0.14489999413490295,0.15839999914169312,0.14920000731945038,0.15129999816417694,0.14380000531673431,0.14339999854564667,0.15279999375343323,0.14830000698566437,0.1468999981880188,0.15150000154972076,0.15000000596046448,0.1412000060081482,0.1467999964952469,0.14010000228881836,0.15060000121593475,0.14730000495910645,0.1395999938249588,0.1476999968290329,0.14509999752044678,0.14020000398159027,0.1468999981880188,0.15139999985694885,0.14749999344348907,0.14190000295639038,0.1501999944448471,0.14339999854564667,0.15230000019073486,0.1420000046491623,0.14949999749660492,0.14839999377727509,0.1421000063419342,0.1420000046491623,0.14790000021457672,0.1444000005722046,0.14079999923706055,0.14560000598430634,0.14869999885559082,0.14710000157356262,0.13779999315738678,0.15760000050067902,0.1404000073671341,0.14190000295639038,0.14579999446868896,0.1428000032901764,0.14390000700950623,0.1396999955177307,0.1476999968290329,0.14499999582767487,0.14959999918937683,0.14489999413490295,0.14669999480247498,0.14480000734329224,0.147599995136261,0.14159999787807465,0.14190000295639038,0.14139999449253082,0.13729999959468842,0.14990000426769257,0.1462000012397766,0.14830000698566437,0.14390000700950623,0.1460999995470047,0.14090000092983246,0.15150000154972076,0.13979999721050262,0.14800000190734863,0.14839999377727509,0.13950000703334808,0.14219999313354492,0.14800000190734863,0.14970000088214874,0.1436000019311905,0.14810000360012054,0.1420000046491623,0.15039999783039093,0.1500999927520752,0.148499995470047,0.15029999613761902,0.1477999985218048,0.1454000025987625,0.14409999549388885,0.14650000631809235,0.13760000467300415,0.1445000022649765,0.14659999310970306,0.14350000023841858,0.14329999685287476,0.14910000562667847,0.14229999482631683,0.1444000005722046,0.1436000019311905,0.14589999616146088,0.15279999375343323,0.14659999310970306,0.14079999923706055,0.14589999616146088,0.14229999482631683,0.1459999978542328,0.14800000190734863,0.14480000734329224,0.14730000495910645,0.14399999380111694,0.14659999310970306,0.14749999344348907,0.13860000669956207,0.14630000293254852,0.14309999346733093,0.15039999783039093,0.14980000257492065,0.15219999849796295,0.14740000665187836,0.1429000049829483,0.13910000026226044,0.14970000088214874,0.14180000126361847,0.15320000052452087,0.14550000429153442,0.1437000036239624,0.1421000063419342,0.1446000039577484,0.1542000025510788,0.14980000257492065,0.14399999380111694,0.13860000669956207,0.14720000326633453,0.14790000021457672,0.14159999787807465,0.1468999981880188,0.1518000066280365,0.14390000700950623,0.1459999978542328,0.14949999749660492,0.14839999377727509,0.14079999923706055,0.14480000734329224,0.14720000326633453,0.14270000159740448,0.14470000565052032,0.15070000290870667,0.14329999685287476,0.14489999413490295,0.14810000360012054,0.15029999613761902,0.14589999616146088,0.14169999957084656,0.14650000631809235,0.14339999854564667,0.15299999713897705,0.15649999678134918,0.14839999377727509,0.1451999992132187,0.14569999277591705,0.14419999718666077,0.1509999930858612,0.15070000290870667,0.14219999313354492,0.14720000326633453,0.14319999516010284,0.14110000431537628,0.14569999277591705,0.14790000021457672,0.147599995136261,0.14480000734329224,0.14239999651908875,0.1469999998807907,0.14669999480247498,0.13910000026226044,0.14270000159740448,0.1451999992132187,0.15189999341964722,0.148499995470047,0.148499995470047,0.14569999277591705,0.14550000429153442,0.15049999952316284,0.14390000700950623,0.1371999979019165,0.14350000023841858,0.1429000049829483,0.1469999998807907,0.14630000293254852,0.15729999542236328,0.1404000073671341,0.14079999923706055,0.14880000054836273,0.14720000326633453,0.14419999718666077,0.14249999821186066,0.14270000159740448,0.14830000698566437,0.14640000462532043,0.14159999787807465,0.13809999823570251,0.13930000364780426,0.1412000060081482,0.14169999957084656,0.14730000495910645,0.15289999544620514,0.14830000698566437,0.14880000054836273,0.1421000063419342,0.1454000025987625,0.1446000039577484,0.1509999930858612,0.14380000531673431,0.14509999752044678,0.14489999413490295,0.13809999823570251,0.14409999549388885,0.1467999964952469,0.15639999508857727,0.14589999616146088,0.1477999985218048,0.14869999885559082,0.14300000667572021,0.14910000562667847,0.14259999990463257,0.14869999885559082,0.14509999752044678,0.1476999968290329,0.1467999964952469,0.14399999380111694,0.1451999992132187,0.14669999480247498,0.14020000398159027,0.1462000012397766,0.1476999968290329,0.14749999344348907,0.14499999582767487,0.15309999883174896,0.1460999995470047,0.14569999277591705,0.14509999752044678,0.14429999887943268,0.15690000355243683,0.14259999990463257,0.1615999937057495,0.1421000063419342,0.1437000036239624,0.14380000531673431,0.14429999887943268,0.1445000022649765,0.14489999413490295,0.14790000021457672,0.15360000729560852,0.14100000262260437,0.14270000159740448,0.14810000360012054,0.14659999310970306,0.13519999384880066,0.14749999344348907,0.1395999938249588,0.13689999282360077,0.1468999981880188,0.14659999310970306,0.15080000460147858,0.14390000700950623,0.1459999978542328,0.1454000025987625,0.14489999413490295,0.15289999544620514,0.14329999685287476,0.14880000054836273,0.14710000157356262,0.14090000092983246,0.14820000529289246,0.14139999449253082,0.15129999816417694,0.14880000054836273,0.14749999344348907,0.14470000565052032,0.1437000036239624,0.1469999998807907,0.1509999930858612,0.1459999978542328,0.14669999480247498,0.15870000422000885,0.14329999685287476,0.14839999377727509,0.15060000121593475,0.13979999721050262,0.14749999344348907,0.1412999927997589,0.1437000036239624,0.14100000262260437,0.1404000073671341,0.14569999277591705,0.1404999941587448,0.15680000185966492,0.14319999516010284,0.14100000262260437,0.1476999968290329,0.1679999977350235,0.147599995136261,0.15620000660419464,0.14669999480247498,0.14139999449253082,0.14380000531673431,0.14509999752044678,0.13979999721050262,0.15530000627040863,0.1436000019311905,0.1525000035762787,0.15080000460147858,0.16779999434947968,0.17010000348091125,0.14429999887943268,0.16359999775886536,0.14959999918937683,0.14339999854564667,0.1467999964952469,0.14589999616146088,0.14790000021457672,0.156700000166893,0.16859999299049377,0.15710000693798065,0.14740000665187836,0.1688999980688095,0.14949999749660492,0.155799999833107,0.14970000088214874,0.14390000700950623,0.14720000326633453,0.14579999446868896,0.1453000009059906,0.149399995803833,0.15369999408721924,0.16339999437332153,0.1421000063419342,0.14190000295639038,0.15690000355243683,0.14489999413490295,0.14740000665187836,0.1543000042438507,0.14650000631809235,0.14489999413490295,0.14110000431537628,0.13699999451637268,0.1379999965429306,0.14180000126361847,0.15000000596046448,0.1437000036239624,0.1737000048160553,0.13519999384880066,0.14800000190734863,0.15690000355243683,0.14339999854564667,0.15800000727176666,0.1420000046491623,0.13819999992847443,0.16449999809265137,0.14270000159740448,0.14270000159740448,0.14749999344348907,0.13940000534057617,0.14100000262260437,0.14650000631809235,0.1451999992132187,0.13930000364780426,0.1559000015258789,0.15219999849796295,0.14650000631809235,0.14959999918937683,0.1412999927997589,0.13519999384880066,0.14300000667572021,0.1412000060081482,0.1476999968290329,0.14399999380111694,0.14810000360012054,0.1446000039577484,0.14020000398159027,0.14219999313354492,0.14659999310970306,0.14480000734329224,0.1459999978542328,0.13950000703334808,0.13950000703334808,0.14509999752044678,0.14509999752044678,0.1509999930858612,0.1451999992132187,0.16349999606609344,0.15189999341964722,0.14910000562667847,0.15139999985694885,0.14390000700950623,0.1467999964952469,0.1589999943971634,0.14630000293254852,0.14800000190734863,0.14830000698566437,0.1462000012397766,0.1468999981880188,0.14949999749660492,0.1421000063419342,0.13699999451637268,0.14319999516010284,0.1454000025987625,0.1477999985218048,0.16050000488758087,0.1500999927520752,0.14650000631809235,0.16599999368190765,0.14270000159740448,0.14890000224113464,0.14350000023841858,0.14509999752044678,0.1459999978542328,0.1477999985218048,0.148499995470047,0.15049999952316284,0.14579999446868896,0.15850000083446503,0.14800000190734863,0.1436000019311905,0.1446000039577484,0.1436000019311905,0.14839999377727509,0.15649999678134918,0.14800000190734863,0.13940000534057617,0.1445000022649765,0.14499999582767487,0.14740000665187836,0.15629999339580536,0.15639999508857727,0.1477999985218048,0.14820000529289246,0.13979999721050262,0.14270000159740448,0.14970000088214874,0.14970000088214874,0.148499995470047,0.1680999994277954,0.14890000224113464,0.1429000049829483,0.14579999446868896,0.15049999952316284,0.1550000011920929,0.1445000022649765,0.1468999981880188,0.1485999971628189,0.16110000014305115,0.1573999971151352,0.13940000534057617,0.1462000012397766,0.15189999341964722,0.156700000166893,0.1485999971628189,0.16009999811649323,0.14339999854564667,0.1446000039577484,0.1445000022649765,0.1712999939918518,0.14499999582767487,0.14059999585151672,0.1437000036239624,0.14579999446868896,0.14319999516010284,0.1412999927997589,0.1428000032901764,0.1404999941587448,0.16179999709129333,0.14329999685287476,0.16899999976158142,0.14329999685287476,0.14329999685287476,0.1363999992609024,0.1404999941587448,0.14830000698566437,0.1420000046491623,0.14970000088214874,0.1451999992132187,0.1454000025987625,0.14569999277591705,0.15530000627040863,0.14300000667572021,0.14169999957084656,0.14419999718666077,0.14910000562667847,0.1412000060081482,0.1462000012397766,0.1436000019311905,0.15610000491142273,0.14659999310970306,0.14839999377727509,0.1517000049352646,0.14020000398159027,0.13850000500679016,0.15800000727176666,0.15600000321865082,0.16519999504089355,0.14830000698566437,0.1429000049829483,0.148499995470047,0.14429999887943268,0.1404000073671341,0.1445000022649765,0.14030000567436218,0.15129999816417694,0.14470000565052032,0.14569999277591705,0.16359999775886536,0.14219999313354492,0.15459999442100525,0.1421000063419342,0.14329999685287476,0.14190000295639038,0.14180000126361847,0.15369999408721924,0.1378999948501587,0.14800000190734863,0.1451999992132187,0.14489999413490295,0.14090000092983246,0.13899999856948853,0.14749999344348907,0.14569999277591705,0.15119999647140503,0.1949000060558319,0.1451999992132187,0.14720000326633453,0.15760000050067902,0.14390000700950623,0.14880000054836273,0.14990000426769257,0.1451999992132187,0.14749999344348907,0.14169999957084656,0.14259999990463257,0.14830000698566437,0.1428000032901764,0.14749999344348907,0.14229999482631683,0.14800000190734863,0.15150000154972076,0.14249999821186066,0.14650000631809235,0.1501999944448471,0.14480000734329224,0.1518000066280365,0.1436000019311905,0.13860000669956207,0.1599999964237213,0.1396999955177307,0.14579999446868896,0.13860000669956207,0.14550000429153442,0.1420000046491623,0.14800000190734863,0.1467999964952469,0.14259999990463257,0.14890000224113464,0.14429999887943268,0.14480000734329224,0.1444000005722046,0.14560000598430634,0.1388999968767166,0.14499999582767487,0.14509999752044678,0.1444000005722046,0.14659999310970306,0.14740000665187836,0.15780000388622284,0.1446000039577484,0.155799999833107,0.1462000012397766,0.16290000081062317,0.14169999957084656,0.14869999885559082,0.14270000159740448,0.14749999344348907,0.17299999296665192,0.13809999823570251,0.14100000262260437,0.1476999968290329,0.14669999480247498,0.1469999998807907,0.1485999971628189,0.14319999516010284,0.14030000567436218,0.1445000022649765,0.14390000700950623,0.15109999477863312,0.14489999413490295,0.14820000529289246,0.18129999935626984,0.1509999930858612,0.14720000326633453,0.14470000565052032,0.1712999939918518,0.14910000562667847,0.14480000734329224,0.14550000429153442,0.14630000293254852,0.14399999380111694,0.14839999377727509,0.1467999964952469,0.14399999380111694,0.14569999277591705,0.1421000063419342,0.14059999585151672,0.1436000019311905,0.14309999346733093,0.14869999885559082,0.14110000431537628,0.14190000295639038,0.13979999721050262,0.1607999950647354,0.14640000462532043,0.1395999938249588,0.1436000019311905,0.14569999277591705,0.14259999990463257,0.14740000665187836,0.1437000036239624,0.15790000557899475,0.16699999570846558,0.15399999916553497,0.14390000700950623,0.14569999277591705,0.14710000157356262,0.14839999377727509,0.14020000398159027,0.14710000157356262,0.1517000049352646,0.14550000429153442,0.14550000429153442,0.14579999446868896,0.14219999313354492,0.1454000025987625,0.1460999995470047,0.14229999482631683,0.147599995136261,0.14990000426769257,0.14480000734329224,0.14550000429153442,0.14000000059604645,0.1420000046491623,0.1444000005722046,0.1459999978542328,0.1534000039100647,0.14010000228881836,0.1526000052690506,0.14429999887943268,0.18440000712871552,0.14550000429153442,0.1679999977350235,0.14300000667572021,0.14339999854564667,0.14640000462532043,0.14579999446868896,0.15440000593662262,0.1574999988079071,0.14820000529289246,0.14409999549388885,0.1436000019311905,0.14489999413490295,0.1445000022649765,0.15489999949932098,0.14920000731945038,0.1615999937057495,0.1679999977350235,0.1581999957561493,0.1444000005722046,0.1467999964952469,0.14059999585151672,0.15139999985694885,0.16030000150203705,0.1437000036239624,0.14669999480247498,0.14839999377727509,0.13860000669956207,0.1451999992132187,0.1453000009059906,0.14589999616146088,0.1599999964237213,0.1429000049829483,0.14810000360012054,0.1665000021457672,0.1453000009059906,0.1526000052690506,0.14560000598430634,0.1453000009059906,0.14069999754428864,0.14740000665187836,0.1429000049829483,0.14020000398159027,0.15070000290870667,0.14409999549388885,0.14579999446868896,0.14339999854564667,0.14350000023841858,0.15160000324249268,0.1429000049829483,0.14270000159740448,0.14069999754428864,0.1597999930381775,0.14069999754428864,0.16140000522136688,0.14229999482631683,0.14579999446868896,0.148499995470047,0.14839999377727509,0.147599995136261,0.1509000062942505,0.14509999752044678,0.1477999985218048,0.14350000023841858,0.14409999549388885,0.14139999449253082,0.15150000154972076,0.14399999380111694,0.14839999377727509,0.14589999616146088,0.1446000039577484,0.14839999377727509,0.147599995136261,0.15070000290870667,0.14720000326633453,0.14239999651908875,0.1485999971628189,0.1428000032901764,0.14259999990463257,0.14239999651908875,0.14920000731945038,0.14659999310970306,0.14509999752044678,0.149399995803833,0.14650000631809235,0.16910000145435333,0.14920000731945038,0.147599995136261,0.14010000228881836,0.15790000557899475,0.14710000157356262,0.16099999845027924,0.15189999341964722,0.15150000154972076,0.15809999406337738,0.16179999709129333,0.14740000665187836,0.14470000565052032,0.14480000734329224,0.1395999938249588,0.15940000116825104,0.14319999516010284,0.13729999959468842,0.149399995803833,0.14429999887943268,0.1468999981880188,0.14409999549388885,0.148499995470047,0.1436000019311905,0.1469999998807907,0.1363999992609024,0.17309999465942383,0.14630000293254852,0.1468999981880188,0.14110000431537628,0.15360000729560852,0.1445000022649765,0.14550000429153442,0.14749999344348907,0.14409999549388885,0.1485999971628189,0.1590999960899353,0.1453000009059906,0.1468999981880188,0.1535000056028366,0.14010000228881836,0.15559999644756317,0.1462000012397766,0.14139999449253082,0.13750000298023224,0.1467999964952469,0.181099995970726,0.1526000052690506,0.14350000023841858,0.15850000083446503,0.15530000627040863,0.15320000052452087,0.16740000247955322,0.15060000121593475,0.14839999377727509,0.1467999964952469,0.1598999947309494,0.1607999950647354,0.14239999651908875,0.14339999854564667,0.1460999995470047,0.1574999988079071,0.1582999974489212,0.14079999923706055,0.14489999413490295,0.14720000326633453,0.14270000159740448,0.15680000185966492,0.14640000462532043,0.15790000557899475,0.14319999516010284,0.1429000049829483,0.14419999718666077,0.14730000495910645,0.14990000426769257,0.14710000157356262,0.14339999854564667,0.15379999577999115,0.14990000426769257,0.14560000598430634,0.16030000150203705,0.14730000495910645,0.14419999718666077,0.14350000023841858,0.1445000022649765,0.14419999718666077,0.14970000088214874,0.1454000025987625,0.1476999968290329,0.14319999516010284,0.1444000005722046,0.147599995136261,0.16060000658035278,0.149399995803833,0.1582999974489212,0.15610000491142273,0.15620000660419464,0.15369999408721924,0.1704999953508377,0.15569999814033508,0.16850000619888306,0.14550000429153442,0.14030000567436218,0.16740000247955322,0.16670000553131104,0.16859999299049377,0.149399995803833,0.1518000066280365,0.14710000157356262,0.15760000050067902,0.15839999914169312,0.17110000550746918,0.15649999678134918,0.14800000190734863,0.1459999978542328,0.15880000591278076,0.13580000400543213,0.14480000734329224,0.15880000591278076,0.1412000060081482,0.14169999957084656,0.14669999480247498,0.16060000658035278,0.14820000529289246,0.14309999346733093,0.14309999346733093,0.15209999680519104,0.14059999585151672,0.14429999887943268,0.1454000025987625,0.1454000025987625,0.14390000700950623,0.1462000012397766,0.14390000700950623,0.1444000005722046,0.1454000025987625,0.15060000121593475,0.14630000293254852,0.14190000295639038,0.14169999957084656,0.15289999544620514,0.14869999885559082,0.14270000159740448,0.15119999647140503,0.14159999787807465,0.16060000658035278,0.14409999549388885,0.14390000700950623,0.1453000009059906,0.14139999449253082,0.14339999854564667,0.147599995136261,0.18389999866485596,0.14380000531673431,0.14579999446868896,0.15860000252723694,0.15129999816417694,0.14560000598430634,0.14640000462532043,0.14589999616146088,0.14630000293254852,0.15139999985694885,0.14650000631809235,0.14560000598430634,0.14830000698566437,0.1436000019311905,0.14219999313354492,0.1469999998807907,0.14470000565052032,0.1607999950647354,0.14550000429153442,0.1680999994277954,0.14059999585151672,0.14900000393390656,0.14470000565052032,0.14090000092983246,0.15289999544620514,0.15299999713897705,0.14409999549388885,0.1462000012397766,0.14390000700950623,0.14589999616146088,0.1467999964952469,0.14820000529289246,0.1420000046491623,0.14319999516010284,0.14659999310970306,0.14710000157356262,0.1467999964952469,0.14419999718666077,0.14380000531673431,0.14839999377727509,0.14259999990463257,0.14650000631809235,0.14959999918937683,0.13920000195503235,0.14749999344348907,0.1476999968290329,0.14399999380111694,0.14669999480247498,0.14970000088214874,0.15649999678134918,0.1468999981880188,0.14470000565052032,0.14550000429153442,0.14589999616146088,0.15449999272823334,0.1451999992132187,0.14380000531673431,0.13979999721050262,0.14429999887943268,0.14339999854564667,0.14499999582767487,0.1453000009059906,0.13840000331401825,0.14249999821186066,0.14339999854564667,0.1445000022649765,0.1459999978542328,0.15070000290870667,0.15119999647140503,0.14169999957084656,0.14740000665187836,0.14640000462532043,0.1412000060081482,0.14749999344348907,0.1459999978542328,0.14499999582767487,0.14499999582767487,0.14579999446868896,0.1460999995470047,0.1476999968290329,0.1453000009059906,0.1485999971628189,0.14390000700950623,0.14820000529289246,0.15410000085830688,0.15080000460147858,0.148499995470047,0.14560000598430634,0.14399999380111694,0.14640000462532043,0.14300000667572021,0.14820000529289246,0.1551000028848648,0.14100000262260437,0.14259999990463257,0.14489999413490295,0.1437000036239624,0.14820000529289246,0.14390000700950623,0.14509999752044678,0.1444000005722046,0.14949999749660492,0.1412999927997589,0.15459999442100525,0.14820000529289246,0.14300000667572021,0.14409999549388885,0.14499999582767487,0.1476999968290329,0.14990000426769257,0.14270000159740448,0.14020000398159027,0.14010000228881836,0.14710000157356262,0.14489999413490295,0.14730000495910645,0.14229999482631683,0.16060000658035278,0.1451999992132187,0.15459999442100525,0.15070000290870667,0.14740000665187836,0.1534000039100647,0.14970000088214874,0.1451999992132187,0.14630000293254852,0.1454000025987625,0.15060000121593475,0.14489999413490295,0.15360000729560852,0.1574999988079071,0.1421000063419342,0.14740000665187836,0.14869999885559082,0.14669999480247498,0.14149999618530273,0.1420000046491623,0.14810000360012054,0.1437000036239624,0.14499999582767487,0.1468999981880188,0.15060000121593475,0.14990000426769257,0.14959999918937683,0.14259999990463257,0.1388999968767166,0.14740000665187836,0.14309999346733093,0.13850000500679016,0.13830000162124634,0.1509999930858612,0.14550000429153442,0.14339999854564667,0.14509999752044678,0.1509000062942505,0.14550000429153442,0.14920000731945038,0.14830000698566437,0.14300000667572021,0.14949999749660492,0.14959999918937683,0.14730000495910645,0.13940000534057617,0.14640000462532043,0.14749999344348907,0.14710000157356262,0.1550000011920929,0.14339999854564667,0.1446000039577484,0.1485999971628189,0.14669999480247498,0.14380000531673431,0.14409999549388885,0.1462000012397766,0.1412999927997589,0.13950000703334808,0.14869999885559082,0.14169999957084656,0.1428000032901764,0.13860000669956207,0.1437000036239624,0.14730000495910645,0.14650000631809235,0.14810000360012054,0.1550000011920929,0.14839999377727509,0.14309999346733093,0.1454000025987625,0.14650000631809235,0.15279999375343323,0.1396999955177307,0.14920000731945038,0.14470000565052032,0.1467999964952469,0.14159999787807465,0.14259999990463257,0.14790000021457672,0.148499995470047,0.14720000326633453,0.14720000326633453,0.14970000088214874,0.14800000190734863,0.15279999375343323,0.14339999854564667,0.15109999477863312,0.14329999685287476,0.14090000092983246,0.14659999310970306,0.1459999978542328,0.1437000036239624,0.1543000042438507,0.14429999887943268,0.1429000049829483,0.15219999849796295,0.1500999927520752,0.14880000054836273,0.15469999611377716,0.14869999885559082,0.1451999992132187,0.14159999787807465,0.14319999516010284,0.14020000398159027,0.14990000426769257,0.1500999927520752,0.14169999957084656,0.1551000028848648,0.14480000734329224,0.14489999413490295,0.14710000157356262,0.14499999582767487,0.14319999516010284,0.1525000035762787,0.14329999685287476,0.15150000154972076,0.15039999783039093,0.14669999480247498,0.1477999985218048,0.15119999647140503,0.13770000636577606,0.14710000157356262,0.14219999313354492,0.14820000529289246,0.14470000565052032,0.14480000734329224,0.1477999985218048,0.1444000005722046,0.14300000667572021,0.14259999990463257,0.13920000195503235,0.14669999480247498,0.14640000462532043,0.1518000066280365,0.1436000019311905,0.1428000032901764,0.148499995470047,0.1421000063419342,0.14390000700950623,0.14669999480247498,0.14569999277591705,0.14959999918937683,0.1527000069618225,0.14489999413490295,0.14820000529289246,0.1485999971628189,0.14839999377727509,0.13809999823570251,0.14069999754428864,0.15440000593662262,0.14409999549388885,0.1412999927997589,0.1501999944448471,0.1525000035762787,0.14429999887943268,0.14149999618530273,0.14560000598430634,0.14489999413490295,0.14869999885559082,0.1462000012397766,0.14419999718666077,0.14309999346733093,0.14419999718666077,0.14329999685287476,0.1468999981880188,0.14480000734329224,0.14730000495910645,0.14890000224113464,0.14790000021457672,0.14890000224113464,0.15379999577999115,0.13989999890327454,0.1436000019311905,0.14920000731945038,0.14219999313354492,0.1469999998807907,0.1429000049829483,0.14749999344348907,0.14740000665187836,0.13680000603199005,0.14470000565052032,0.15070000290870667,0.15119999647140503,0.14589999616146088,0.14820000529289246,0.14730000495910645,0.14300000667572021,0.15710000693798065,0.14669999480247498,0.14630000293254852,0.1459999978542328,0.14419999718666077,0.1444000005722046,0.14640000462532043,0.14419999718666077,0.1468999981880188,0.14509999752044678,0.14419999718666077,0.1453000009059906,0.14350000023841858,0.14149999618530273,0.14669999480247498,0.14399999380111694,0.1404000073671341,0.14560000598430634,0.1404999941587448,0.1386999934911728,0.14659999310970306,0.1468999981880188,0.14990000426769257,0.14319999516010284,0.1500999927520752,0.14409999549388885,0.14110000431537628,0.13989999890327454,0.14869999885559082,0.13979999721050262,0.14329999685287476,0.1501999944448471,0.1451999992132187,0.1445000022649765,0.13989999890327454,0.14249999821186066,0.14869999885559082,0.1446000039577484,0.14100000262260437,0.14880000054836273,0.14480000734329224,0.14480000734329224,0.15000000596046448,0.14399999380111694,0.1467999964952469,0.1454000025987625,0.15199999511241913,0.1518000066280365,0.1453000009059906,0.14419999718666077,0.13819999992847443,0.15309999883174896,0.14470000565052032,0.148499995470047,0.14270000159740448,0.1446000039577484,0.14339999854564667,0.1467999964952469,0.15279999375343323,0.1429000049829483,0.14710000157356262,0.14790000021457672,0.1429000049829483,0.1477999985218048,0.14059999585151672,0.1428000032901764,0.1420000046491623,0.14589999616146088,0.14069999754428864,0.14229999482631683,0.14339999854564667,0.13989999890327454,0.14509999752044678,0.14980000257492065,0.14079999923706055,0.149399995803833,0.14509999752044678,0.14669999480247498,0.1421000063419342,0.14470000565052032,0.1420000046491623,0.1454000025987625,0.14589999616146088,0.1445000022649765,0.14409999549388885,0.1454000025987625,0.15139999985694885,0.14219999313354492,0.1428000032901764,0.1462000012397766,0.14030000567436218,0.14800000190734863,0.14470000565052032,0.1444000005722046,0.14810000360012054,0.15029999613761902,0.1459999978542328,0.1509999930858612,0.1429000049829483,0.14589999616146088,0.14749999344348907,0.14509999752044678,0.1469999998807907,0.1460999995470047,0.14429999887943268,0.14560000598430634,0.13760000467300415,0.15080000460147858,0.1436000019311905,0.1467999964952469,0.14059999585151672,0.1428000032901764,0.1460999995470047,0.14710000157356262,0.14409999549388885,0.1459999978542328,0.14550000429153442,0.149399995803833,0.14159999787807465,0.14959999918937683,0.1421000063419342,0.14169999957084656,0.1444000005722046,0.148499995470047,0.14419999718666077,0.148499995470047,0.14589999616146088,0.14589999616146088,0.1476999968290329,0.14499999582767487,0.14429999887943268,0.1421000063419342,0.1469999998807907,0.14499999582767487,0.14720000326633453,0.14560000598430634,0.14560000598430634,0.14579999446868896,0.14309999346733093,0.15129999816417694,0.1453000009059906,0.1428000032901764,0.14800000190734863,0.15029999613761902,0.15199999511241913,0.14159999787807465,0.1460999995470047,0.14380000531673431,0.14489999413490295,0.14309999346733093,0.15049999952316284,0.14569999277591705,0.14830000698566437,0.15029999613761902,0.14579999446868896,0.1453000009059906,0.14350000023841858,0.14579999446868896,0.1420000046491623,0.14390000700950623,0.1446000039577484,0.1437000036239624,0.14329999685287476,0.14229999482631683,0.15049999952316284,0.1501999944448471,0.1462000012397766,0.1476999968290329,0.1454000025987625,0.1485999971628189,0.14229999482631683,0.14499999582767487,0.1454000025987625,0.13910000026226044,0.14470000565052032,0.147599995136261,0.1454000025987625,0.1476999968290329,0.1477999985218048,0.14550000429153442,0.14710000157356262,0.1492999941110611,0.1501999944448471,0.1467999964952469,0.14350000023841858,0.14059999585151672,0.1468999981880188,0.14010000228881836,0.15039999783039093,0.15080000460147858,0.14409999549388885,0.1469999998807907,0.14869999885559082,0.1477999985218048,0.14339999854564667,0.1436000019311905,0.14749999344348907,0.14710000157356262,0.14159999787807465,0.14730000495910645,0.14090000092983246,0.1412999927997589,0.14579999446868896,0.14509999752044678,0.14990000426769257,0.14839999377727509,0.14509999752044678,0.14659999310970306,0.14489999413490295,0.14810000360012054,0.14489999413490295,0.14980000257492065,0.14810000360012054,0.1454000025987625,0.1420000046491623,0.14730000495910645,0.14669999480247498,0.1445000022649765,0.14720000326633453,0.14180000126361847,0.1437000036239624,0.1453000009059906,0.1444000005722046,0.14650000631809235,0.14409999549388885,0.1451999992132187,0.14020000398159027,0.14480000734329224,0.14339999854564667,0.1518000066280365,0.14880000054836273,0.14249999821186066,0.14329999685287476,0.14659999310970306,0.14249999821186066,0.14740000665187836,0.1437000036239624,0.1421000063419342,0.1477999985218048,0.14419999718666077,0.14429999887943268,0.1509999930858612,0.14659999310970306,0.1501999944448471,0.14499999582767487,0.14480000734329224,0.14100000262260437,0.14409999549388885,0.15049999952316284,0.14949999749660492,0.1446000039577484,0.14810000360012054,0.15139999985694885,0.1476999968290329,0.14489999413490295,0.14350000023841858,0.14550000429153442,0.14429999887943268,0.1437000036239624,0.14249999821186066,0.149399995803833,0.13689999282360077,0.1421000063419342,0.15150000154972076,0.14990000426769257,0.14229999482631683,0.15440000593662262,0.1444000005722046,0.14569999277591705,0.14980000257492065,0.14589999616146088,0.1459999978542328,0.14059999585151672,0.15160000324249268,0.14069999754428864,0.14730000495910645,0.15000000596046448,0.14219999313354492,0.1412999927997589,0.14300000667572021,0.1444000005722046,0.14390000700950623,0.1467999964952469,0.1446000039577484,0.14630000293254852,0.14550000429153442,0.13989999890327454,0.15060000121593475,0.1469999998807907,0.14020000398159027,0.1527000069618225,0.14800000190734863,0.14470000565052032,0.14470000565052032,0.14839999377727509,0.1453000009059906,0.14509999752044678,0.14380000531673431,0.14890000224113464,0.14579999446868896,0.1477999985218048,0.14470000565052032,0.13989999890327454,0.1428000032901764,0.1445000022649765,0.1412000060081482,0.1559000015258789,0.14100000262260437,0.15530000627040863,0.1462000012397766,0.1459999978542328,0.14090000092983246,0.148499995470047,0.14339999854564667,0.14499999582767487,0.14259999990463257,0.1451999992132187,0.1404000073671341,0.14229999482631683,0.14790000021457672,0.13979999721050262,0.14229999482631683,0.1509000062942505,0.14429999887943268,0.14589999616146088,0.14710000157356262,0.15029999613761902,0.1454000025987625,0.14990000426769257,0.14749999344348907,0.14319999516010284,0.14509999752044678,0.14429999887943268,0.147599995136261,0.14419999718666077,0.1446000039577484,0.14720000326633453,0.1437000036239624,0.14589999616146088,0.14390000700950623,0.1420000046491623,0.14159999787807465,0.14560000598430634,0.14579999446868896,0.14869999885559082,0.15109999477863312,0.14640000462532043,0.14730000495910645,0.14319999516010284,0.14100000262260437,0.14399999380111694,0.14309999346733093,0.15479999780654907,0.1542000025510788,0.14749999344348907,0.14470000565052032,0.1446000039577484,0.14669999480247498,0.14300000667572021,0.1454000025987625,0.14740000665187836,0.14820000529289246,0.14139999449253082,0.1437000036239624,0.14669999480247498,0.1436000019311905,0.14569999277591705,0.14509999752044678,0.14259999990463257,0.1437000036239624,0.1453000009059906,0.1446000039577484,0.14239999651908875,0.14560000598430634,0.1451999992132187,0.14110000431537628,0.14110000431537628,0.14630000293254852,0.14270000159740448,0.14790000021457672,0.1477999985218048,0.14830000698566437,0.1454000025987625,0.1509000062942505,0.15060000121593475,0.1477999985218048,0.14329999685287476,0.14319999516010284,0.14419999718666077,0.13809999823570251,0.14010000228881836,0.14820000529289246,0.14740000665187836,0.14419999718666077,0.14550000429153442,0.14890000224113464,0.15139999985694885,0.1551000028848648,0.14839999377727509,0.14239999651908875,0.14419999718666077,0.1451999992132187,0.14990000426769257,0.14139999449253082,0.14579999446868896,0.15049999952316284,0.14219999313354492,0.14959999918937683,0.14579999446868896,0.14380000531673431,0.14339999854564667,0.147599995136261,0.1509000062942505,0.14669999480247498,0.1492999941110611,0.1534000039100647,0.14180000126361847,0.14630000293254852,0.14480000734329224,0.14399999380111694,0.14720000326633453,0.14790000021457672,0.1459999978542328,0.1500999927520752,0.13940000534057617,0.1459999978542328,0.14910000562667847,0.14259999990463257,0.15129999816417694,0.14650000631809235,0.14020000398159027,0.14830000698566437,0.14869999885559082,0.14589999616146088,0.15129999816417694,0.14169999957084656,0.14409999549388885,0.14710000157356262,0.1437000036239624,0.14480000734329224,0.14480000734329224,0.14920000731945038,0.14569999277591705,0.1535000056028366,0.14149999618530273,0.14350000023841858,0.14669999480247498,0.14550000429153442,0.1420000046491623,0.14550000429153442,0.14350000023841858,0.14920000731945038,0.15209999680519104,0.14730000495910645,0.14229999482631683,0.1412000060081482,0.1420000046491623,0.1468999981880188,0.14509999752044678,0.1518000066280365,0.1429000049829483,0.1500999927520752,0.14399999380111694,0.1460999995470047,0.14339999854564667,0.14959999918937683,0.14350000023841858,0.14399999380111694,0.1469999998807907,0.14069999754428864,0.15379999577999115,0.14329999685287476,0.15199999511241913,0.14839999377727509,0.1492999941110611,0.1404000073671341,0.1462000012397766,0.14229999482631683,0.14720000326633453,0.14399999380111694,0.15080000460147858,0.14970000088214874,0.1462000012397766,0.14190000295639038,0.14720000326633453,0.14480000734329224,0.1446000039577484,0.1477999985218048,0.14980000257492065,0.15119999647140503,0.1412999927997589,0.14790000021457672,0.1429000049829483,0.14569999277591705,0.14239999651908875,0.1454000025987625,0.1525000035762787,0.14669999480247498,0.14800000190734863,0.1477999985218048,0.1386999934911728,0.14740000665187836,0.14959999918937683,0.14749999344348907,0.14139999449253082,0.14730000495910645,0.14820000529289246,0.1469999998807907,0.14910000562667847,0.13750000298023224,0.14010000228881836,0.1462000012397766,0.14579999446868896,0.14890000224113464,0.14480000734329224,0.13689999282360077,0.1467999964952469,0.1559000015258789,0.1446000039577484,0.14499999582767487,0.1477999985218048,0.14550000429153442,0.14480000734329224,0.14710000157356262,0.1462000012397766,0.15330000221729279,0.14180000126361847,0.14720000326633453,0.14740000665187836,0.15119999647140503,0.15109999477863312,0.14309999346733093,0.15080000460147858,0.14180000126361847,0.14010000228881836,0.1501999944448471,0.14669999480247498,0.14390000700950623,0.1509000062942505,0.14579999446868896,0.1436000019311905,0.14100000262260437,0.14550000429153442,0.147599995136261,0.1460999995470047,0.14949999749660492,0.15279999375343323,0.14219999313354492,0.1501999944448471,0.14560000598430634,0.14409999549388885,0.1421000063419342,0.14980000257492065,0.15080000460147858,0.15150000154972076,0.1459999978542328,0.14169999957084656,0.14820000529289246,0.15569999814033508,0.1476999968290329,0.14970000088214874,0.1429000049829483,0.14079999923706055,0.1462000012397766,0.14249999821186066,0.14749999344348907,0.14720000326633453,0.1485999971628189,0.15399999916553497,0.1454000025987625,0.148499995470047,0.14020000398159027,0.1518000066280365,0.14300000667572021,0.1446000039577484,0.14270000159740448,0.14139999449253082,0.14640000462532043,0.14669999480247498,0.1462000012397766,0.14329999685287476,0.14980000257492065,0.14970000088214874,0.14239999651908875,0.14229999482631683,0.15209999680519104,0.1476999968290329,0.1468999981880188,0.1445000022649765,0.1459999978542328,0.14589999616146088,0.14399999380111694,0.1446000039577484,0.14579999446868896,0.1501999944448471,0.14139999449253082,0.1492999941110611,0.14569999277591705,0.14869999885559082,0.15070000290870667,0.14740000665187836,0.14740000665187836,0.14959999918937683,0.14429999887943268,0.1485999971628189,0.15000000596046448,0.1451999992132187,0.14399999380111694,0.1451999992132187,0.14100000262260437,0.14139999449253082,0.14159999787807465,0.1421000063419342,0.14810000360012054,0.14079999923706055,0.14820000529289246,0.14219999313354492,0.14300000667572021,0.1485999971628189,0.14910000562667847,0.1436000019311905,0.1476999968290329,0.14190000295639038,0.1469999998807907,0.1477999985218048,0.1444000005722046,0.1485999971628189,0.1396999955177307,0.1436000019311905,0.1467999964952469,0.1509000062942505,0.14229999482631683,0.14339999854564667,0.14219999313354492,0.14300000667572021,0.15029999613761902,0.14910000562667847,0.1404999941587448,0.14180000126361847,0.1542000025510788,0.14740000665187836,0.1420000046491623,0.15320000052452087,0.14229999482631683,0.15240000188350677,0.14030000567436218,0.14350000023841858,0.1476999968290329,0.14339999854564667,0.14159999787807465,0.14740000665187836,0.1436000019311905,0.1501999944448471,0.14740000665187836,0.14419999718666077,0.14390000700950623,0.14589999616146088,0.14579999446868896,0.148499995470047,0.14489999413490295,0.14190000295639038,0.14900000393390656,0.14499999582767487,0.13979999721050262,0.14669999480247498,0.14630000293254852,0.15109999477863312,0.14319999516010284,0.15680000185966492,0.1469999998807907,0.14959999918937683,0.14270000159740448,0.1436000019311905,0.14869999885559082,0.13860000669956207,0.14920000731945038,0.14229999482631683,0.1446000039577484,0.14100000262260437,0.14149999618530273,0.14669999480247498,0.14659999310970306,0.14149999618530273,0.14669999480247498,0.14650000631809235,0.15070000290870667,0.1428000032901764,0.14579999446868896,0.14100000262260437,0.1444000005722046,0.14910000562667847,0.14579999446868896,0.147599995136261,0.14560000598430634,0.14800000190734863,0.14300000667572021,0.14419999718666077,0.14270000159740448,0.14059999585151672,0.14990000426769257,0.147599995136261,0.14650000631809235,0.1446000039577484,0.14749999344348907,0.1485999971628189,0.14390000700950623,0.14820000529289246,0.14970000088214874,0.15299999713897705,0.14550000429153442,0.1453000009059906,0.14579999446868896,0.14380000531673431,0.1462000012397766,0.14720000326633453,0.14589999616146088,0.1460999995470047,0.14749999344348907,0.1436000019311905,0.14869999885559082,0.14020000398159027,0.1404999941587448,0.1459999978542328,0.13760000467300415,0.14259999990463257,0.14830000698566437,0.14399999380111694,0.14229999482631683,0.15129999816417694,0.1421000063419342,0.14059999585151672,0.14579999446868896,0.14319999516010284,0.1454000025987625,0.1395999938249588
0.4399999976158142,0.32019999623298645,0.2558000087738037,0.2606000006198883,0.2646999955177307,0.2572999894618988,0.2605000138282776,0.26109999418258667,0.24699999392032623,0.25429999828338623,0.26019999384880066,0.2547000050544739,0.25920000672340393,0.26019999384880066,0.26080000400543213,0.26429998874664307,0.2630999982357025,0.2524999976158142,0.25940001010894775,0.2628999948501587,0.2524999976158142,0.2596000134944916,0.2628999948501587,0.26260000467300415,0.2547999918460846,0.2574000060558319,0.25099998712539673,0.26179999113082886,0.25940001010894775,0.262800008058548,0.2623000144958496,0.2614000141620636,0.2493000030517578,0.26750001311302185,0.2646999955177307,0.2549000084400177,0.24690000712871552,0.24279999732971191,0.26840001344680786,0.25459998846054077,0.25609999895095825,0.24330000579357147,0.26190000772476196,0.2565000057220459,0.25360000133514404,0.2540000081062317,0.24459999799728394,0.25119999051094055,0.24609999358654022,0.2535000145435333,0.24529999494552612,0.2556999921798706,0.2540999948978424,0.2517000138759613,0.25850000977516174,0.25209999084472656,0.24469999969005585,0.2515000104904175,0.25940001010894775,0.2451999932527542,0.24250000715255737,0.24799999594688416,0.24660000205039978,0.2538999915122986,0.24729999899864197,0.24500000476837158,0.24940000474452972,0.2459000051021576,0.2549000084400177,0.2567000091075897,0.2572000026702881,0.24809999763965607,0.2551000118255615,0.260699987411499,0.25870001316070557,0.24899999797344208,0.26109999418258667,0.25850000977516174,0.26420000195503235,0.25870001316070557,0.25029999017715454,0.2538999915122986,0.24889999628067017,0.249099999666214,0.25440001487731934,0.2621999979019165,0.2606000006198883,0.24529999494552612,0.2606000006198883,0.257999986410141,0.2508000135421753,0.24300000071525574,0.26089999079704285,0.25040000677108765,0.26109999418258667,0.251800000667572,0.24889999628067017,0.2551000118255615,0.2597000002861023,0.24289999902248383,0.2606000006198883,0.2451999932527542,0.2590999901294708,0.2623000144958496,0.24120000004768372,0.26600000262260437,0.25929999351501465,0.26030001044273376,0.25099998712539673,0.24959999322891235,0.24459999799728394,0.26330000162124634,0.26350000500679016,0.24500000476837158,0.2572999894618988,0.24869999289512634,0.2644999921321869,0.2612000107765198,0.2572999894618988,0.2502000033855438,0.2492000013589859,0.24729999899864197,0.2599000036716461,0.2574000060558319,0.26190000772476196,0.25870001316070557,0.2678000032901764,0.258899986743927,0.258899986743927,0.25360000133514404,0.257999986410141,0.25380000472068787,0.24050000309944153,0.25540000200271606,0.26669999957084656,0.2574999928474426,0.2671000063419342,0.2484000027179718,0.2614000141620636,0.257099986076355,0.26499998569488525,0.2556999921798706,0.25859999656677246,0.26440000534057617,0.25839999318122864,0.2599000036716461,0.24950000643730164,0.24300000071525574,0.26440000534057617,0.257099986076355,0.25130000710487366,0.24979999661445618,0.26420000195503235,0.26170000433921814,0.26100000739097595,0.25540000200271606,0.2467000037431717,0.2590999901294708,0.25459998846054077,0.2500999867916107,0.26269999146461487,0.24560000002384186,0.26339998841285706,0.2418999969959259,0.260699987411499,0.24320000410079956,0.25,0.2409999966621399,0.2590999901294708,0.2556999921798706,0.2524000108242035,0.2612999975681305,0.2590000033378601,0.2651999890804291,0.26100000739097595,0.2637999951839447,0.2517000138759613,0.251800000667572,0.24809999763965607,0.24269999563694,0.25200000405311584,0.26170000433921814,0.2535000145435333,0.2603999972343445,0.251800000667572,0.2689000070095062,0.26350000500679016,0.2653999924659729,0.24819999933242798,0.24609999358654022,0.2653000056743622,0.26260000467300415,0.26809999346733093,0.2612999975681305,0.26339998841285706,0.25699999928474426,0.25619998574256897,0.25699999928474426,0.26669999957084656,0.26159998774528503,0.24979999661445618,0.250900000333786,0.2630999982357025,0.24240000545978546,0.25760000944137573,0.25839999318122864,0.2500999867916107,0.2498999983072281,0.2549999952316284,0.26080000400543213,0.265500009059906,0.2467000037431717,0.24779999256134033,0.2524000108242035,0.26019999384880066,0.25060001015663147,0.2590000033378601,0.25110000371932983,0.26179999113082886,0.2554999887943268,0.2467000037431717,0.2578999996185303,0.26089999079704285,0.25699999928474426,0.2590000033378601,0.25850000977516174,0.26669999957084656,0.25699999928474426,0.2581999897956848,0.26269999146461487,0.27000001072883606,0.24740000069141388,0.26510000228881836,0.26019999384880066,0.2401999980211258,0.2558000087738037,0.2574999928474426,0.26170000433921814,0.2574999928474426,0.24740000069141388,0.2547999918460846,0.26969999074935913,0.25220000743865967,0.24330000579357147,0.2563000023365021,0.24420000612735748,0.2678999900817871,0.27070000767707825,0.2651999890804291,0.24539999663829803,0.2524999976158142,0.26019999384880066,0.25519999861717224,0.24940000474452972,0.2493000030517578,0.24899999797344208,0.25279998779296875,0.2542000114917755,0.25290000438690186,0.29330000281333923,0.2736999988555908,0.25920000672340393,0.2515999972820282,0.249099999666214,0.25,0.2718999981880188,0.2815000116825104,0.27900001406669617,0.2930999994277954,0.2678000032901764,0.30149999260902405,0.2651999890804291,0.2973000109195709,0.28110000491142273,0.2711000144481659,0.28439998626708984,0.27219998836517334,0.2578999996185303,0.2718999981880188,0.2476000040769577,0.2797999978065491,0.27549999952316284,0.2752000093460083,0.2538999915122986,0.2721000015735626,0.30300000309944153,0.27649998664855957,0.266400009393692,0.30550000071525574,0.30070000886917114,0.2800999879837036,0.2572000026702881,0.27469998598098755,0.29179999232292175,0.26249998807907104,0.2556999921798706,0.2782000005245209,0.24490000307559967,0.28459998965263367,0.2955999970436096,0.27459999918937683,0.3043999969959259,0.27459999918937683,0.29249998927116394,0.2799000144004822,0.2881999909877777,0.2985999882221222,0.28600001335144043,0.27379998564720154,0.2955999970436096,0.29170000553131104,0.2809000015258789,0.2840999960899353,0.262800008058548,0.29330000281333923,0.28200000524520874,0.2685999870300293,0.25429999828338623,0.2833000123500824,0.32589998841285706,0.2506999969482422,0.29829999804496765,0.23829999566078186,0.2680000066757202,0.29580000042915344,0.3276999890804291,0.28049999475479126,0.27070000767707825,0.30550000071525574,0.289900004863739,0.328900009393692,0.2937999963760376,0.2994999885559082,0.3280999958515167,0.32109999656677246,0.30790001153945923,0.3140999972820282,0.35109999775886536,0.32739999890327454,0.25290000438690186,0.27889999747276306,0.30070000886917114,0.3294000029563904,0.31139999628067017,0.3456000089645386,0.3199000060558319,0.33009999990463257,0.3133000135421753,0.3046000003814697,0.3246999979019165,0.3140999972820282,0.32260000705718994,0.30230000615119934,0.2644999921321869,0.34279999136924744,0.35510000586509705,0.34040001034736633,0.29120001196861267,0.28380000591278076,0.3025999963283539,0.3075999915599823,0.26440000534057617,0.3188999891281128,0.3506999909877777,0.26429998874664307,0.337799996137619,0.3188999891281128,0.3427000045776367,0.3375000059604645,0.3328000009059906,0.3370000123977661,0.3458999991416931,0.3528999984264374,0.2904999852180481,0.3382999897003174,0.3118000030517578,0.30410000681877136,0.34790000319480896,0.3483000099658966,0.3407000005245209,0.34060001373291016,0.3287999927997589,0.31369999051094055,0.3151000142097473,0.31520000100135803,0.3400999903678894,0.3264999985694885,0.33820000290870667,0.3125,0.33320000767707825,0.313400000333786,0.32100000977516174,0.3384999930858612,0.31529998779296875,0.31940001249313354,0.34360000491142273,0.3463999927043915,0.334199994802475,0.3540000021457672,0.3327000141143799,0.3361000120639801,0.3359000086784363,0.3310000002384186,0.31380000710487366,0.34549999237060547,0.3176000118255615,0.3005000054836273,0.33880001306533813,0.35040000081062317,0.3411000072956085,0.31459999084472656,0.34529998898506165,0.3483999967575073,0.3172000050544739,0.3248000144958496,0.33410000801086426,0.34610000252723694,0.3294999897480011,0.33320000767707825,0.3440000116825104,0.335999995470047,0.3089999854564667,0.3176000118255615,0.352400004863739,0.3068999946117401,0.3416000008583069,0.3301999866962433,0.33889999985694885,0.34279999136924744,0.33559998869895935,0.3370000123977661,0.34299999475479126,0.32440000772476196,0.334199994802475,0.32100000977516174,0.3321000039577484,0.32670000195503235,0.33480000495910645,0.3249000012874603,0.31929999589920044,0.31610000133514404,0.3398999869823456,0.3391000032424927,0.3384999930858612,0.3156000077724457,0.33489999175071716,0.3456999957561493,0.3497999906539917,0.3109999895095825,0.33489999175071716,0.2937000095844269,0.33550000190734863,0.3165999948978424,0.3458999991416931,0.3131999969482422,0.3370000123977661,0.3361999988555908,0.33180001378059387,0.3314000070095062,0.3181999921798706,0.34119999408721924,0.3147999942302704,0.3504999876022339,0.3411000072956085,0.3447999954223633,0.3504999876022339,0.314300000667572,0.34139999747276306,0.3391000032424927,0.33230000734329224,0.34310001134872437,0.3343000113964081,0.3328000009059906,0.335099995136261,0.33640000224113464,0.30880001187324524,0.33899998664855957,0.3174999952316284,0.3375000059604645,0.34439998865127563,0.3513000011444092,0.3481000065803528,0.33809998631477356,0.33809998631477356,0.35100001096725464,0.33550000190734863,0.35260000824928284,0.3377000093460083,0.31139999628067017,0.3100000023841858,0.30309998989105225,0.33660000562667847,0.32429999113082886,0.335099995136261,0.33970001339912415,0.33320000767707825,0.34700000286102295,0.3278000056743622,0.3411000072956085,0.313400000333786,0.3443000018596649,0.319599986076355,0.31380000710487366,0.323199987411499,0.34439998865127563,0.3124000132083893,0.3192000091075897,0.3292999863624573,0.3230000138282776,0.3411000072956085,0.3314000070095062,0.31779998540878296,0.3190000057220459,0.3391999900341034,0.3102000057697296,0.3370000123977661,0.35019999742507935,0.33090001344680786,0.32100000977516174,0.31060001254081726,0.3102000057697296,0.33009999990463257,0.3434000015258789,0.3506999909877777,0.3377000093460083,0.3070000112056732,0.349700003862381,0.3077000081539154,0.3402999937534332,0.33649998903274536,0.34389999508857727,0.32199999690055847,0.3409000039100647,0.34619998931884766,0.3327000141143799,0.33570000529289246,0.3046000003814697,0.2996000051498413,0.31540000438690186,0.3294999897480011,0.30300000309944153,0.31349998712539673,0.34369999170303345,0.34529998898506165,0.3476000130176544,0.337799996137619,0.33320000767707825,0.34060001373291016,0.28349998593330383,0.34060001373291016,0.335099995136261,0.34220001101493835,0.3443000018596649,0.2985000014305115,0.30239999294281006,0.3370000123977661,0.3400000035762787,0.33489999175071716,0.31630000472068787,0.36250001192092896,0.33230000734329224,0.3222000002861023,0.35440000891685486,0.3228999972343445,0.34860000014305115,0.3257000148296356,0.32519999146461487,0.3560999929904938,0.31139999628067017,0.3441999852657318,0.3634999990463257,0.37610000371932983,0.34279999136924744,0.35850000381469727,0.37369999289512634,0.34950000047683716,0.37470000982284546,0.37450000643730164,0.3521000146865845,0.3091000020503998,0.30320000648498535,0.3391000032424927,0.35089999437332153,0.3580999970436096,0.3626999855041504,0.37040001153945923,0.3264999985694885,0.3368000090122223,0.3517000079154968,0.3449999988079071,0.36800000071525574,0.36169999837875366,0.3693000078201294,0.3264000117778778,0.366100013256073,0.38670000433921814,0.37610000371932983,0.3723999857902527,0.34700000286102295,0.3043000102043152,0.33329999446868896,0.37310001254081726,0.3716999888420105,0.36329999566078186,0.3774000108242035,0.3122999966144562,0.33880001306533813,0.36469998955726624,0.36340001225471497,0.36820000410079956,0.3736000061035156,0.3589000105857849,0.3582000136375427,0.3580000102519989,0.3513000011444092,0.3747999966144562,0.3799000084400177,0.3481000065803528,0.35569998621940613,0.35190001130104065,0.37439998984336853,0.3393999934196472,0.3531999886035919,0.3743000030517578,0.34130001068115234,0.3698999881744385,0.3450999855995178,0.35370001196861267,0.3596999943256378,0.3822000026702881,0.37049999833106995,0.32910001277923584,0.375,0.36629998683929443,0.32710000872612,0.34929999709129333,0.3433000147342682,0.35740000009536743,0.3544999957084656,0.36570000648498535,0.3564999997615814,0.3610999882221222,0.35989999771118164,0.3564000129699707,0.3668999969959259,0.36719998717308044,0.3653999865055084,0.3790000081062317,0.36559998989105225,0.38499999046325684,0.3718000054359436,0.3732999861240387,0.3578000068664551,0.3677000105381012,0.36010000109672546,0.3718999922275543,0.3562000095844269,0.3675999939441681,0.35600000619888306,0.3499999940395355,0.3824000060558319,0.34290000796318054,0.3562000095844269,0.35100001096725464,0.3504999876022339,0.37279999256134033,0.37880000472068787,0.3587999939918518,0.36010000109672546,0.367900013923645,0.3425999879837036,0.3792000114917755,0.3431999981403351,0.359499990940094,0.36970001459121704,0.3158999979496002,0.37070000171661377,0.35249999165534973,0.36160001158714294,0.3822999894618988,0.36239999532699585,0.3686999976634979,0.34360000491142273,0.3528999984264374,0.35179999470710754,0.36899998784065247,0.3474000096321106,0.3578000068664551,0.35199999809265137,0.34689998626708984,0.29330000281333923,0.3691999912261963,0.3716999888420105,0.3799999952316284,0.3718000054359436,0.3531000018119812,0.3686999976634979,0.36489999294281006,0.3792000114917755,0.3528999984264374,0.3352000117301941,0.3637999892234802,0.3650999963283539,0.36800000071525574,0.35530000925064087,0.3472000062465668,0.33809998631477356,0.33629998564720154,0.3662000000476837,0.3474000096321106,0.3314000070095062,0.3691999912261963,0.3537999987602234,0.34380000829696655,0.365200012922287,0.35530000925064087,0.36320000886917114,0.3456000089645386,0.37619999051094055,0.3677999973297119,0.37689998745918274,0.3465999960899353,0.3643999993801117,0.35100001096725464,0.37599998712539673,0.3749000132083893,0.3497999906539917,0.3776000142097473,0.3203999996185303,0.375900000333786,0.32109999656677246,0.3573000133037567,0.34610000252723694,0.3614000082015991,0.3779999911785126,0.35530000925064087,0.3659999966621399,0.3499999940395355,0.3522000014781952,0.34119999408721924,0.3668999969959259,0.3555999994277954,0.36489999294281006,0.36629998683929443,0.3666999936103821,0.36730000376701355,0.35670000314712524,0.3808000087738037,0.34599998593330383,0.3424000144004822,0.35830000042915344,0.32280001044273376,0.35839998722076416,0.36250001192092896,0.3643999993801117,0.3596999943256378,0.36970001459121704,0.3508000075817108,0.36649999022483826,0.35749998688697815,0.36480000615119934,0.3725999891757965,0.3449000120162964,0.3488999903202057,0.3709999918937683,0.3797000050544739,0.3763999938964844,0.37389999628067017,0.38109999895095825,0.35850000381469727,0.36010000109672546,0.3684999942779541,0.3686000108718872,0.361299991607666,0.37790000438690186,0.36410000920295715,0.3425000011920929,0.37790000438690186,0.3587000072002411,0.357699990272522,0.30709999799728394,0.3790000081062317,0.35670000314712524,0.3230000138282776,0.35899999737739563,0.34459999203681946,0.38749998807907104,0.37709999084472656,0.37860000133514404,0.3903000056743622,0.3425999879837036,0.376800000667572,0.34439998865127563,0.3504999876022339,0.36419999599456787,0.37389999628067017,0.3490999937057495,0.36340001225471497,0.3271999955177307,0.3628999888896942,0.3828999996185303,0.36800000071525574,0.3668000102043152,0.3416999876499176,0.38179999589920044,0.3560999929904938,0.38609999418258667,0.36559998989105225,0.375,0.3625999987125397,0.3596000075340271,0.3587999939918518,0.34060001373291016,0.367000013589859,0.3571999967098236,0.3192000091075897,0.37610000371932983,0.397599995136261,0.400299996137619,0.3824999928474426,0.3659999966621399,0.3522999882698059,0.35850000381469727,0.3580000102519989,0.36880001425743103,0.3792000114917755,0.35690000653266907,0.39070001244544983,0.37279999256134033,0.3644999861717224,0.37209999561309814,0.3328999876976013,0.3427000045776367,0.39910000562667847,0.3952000141143799,0.39500001072883606,0.37790000438690186,0.36419999599456787,0.3952000141143799,0.3910999894142151,0.3815000057220459,0.37689998745918274,0.40950000286102295,0.3779999911785126,0.3646000027656555,0.38100001215934753,0.3409000039100647,0.3824999928474426,0.3950999975204468,0.3626999855041504,0.383899986743927,0.3950999975204468,0.3767000138759613,0.3765000104904175,0.3977000117301941,0.383899986743927,0.35100001096725464,0.42590001225471497,0.38019999861717224,0.35760000348091125,0.40610000491142273,0.38830000162124634,0.420199990272522,0.387800008058548,0.40070000290870667,0.3919000029563904,0.33180001378059387,0.40059998631477356,0.4068000018596649,0.35089999437332153,0.3970000147819519,0.36980000138282776,0.38370001316070557,0.39169999957084656,0.3993000090122223,0.38850000500679016,0.3544999957084656,0.3896999955177307,0.3801000118255615,0.4041000008583069,0.35280001163482666,0.3483999967575073,0.3813999891281128,0.3346000015735626,0.413100004196167,0.4083999991416931,0.3840999901294708,0.35519999265670776,0.4097000062465668,0.4074999988079071,0.3765999972820282,0.3817000091075897,0.38499999046325684,0.38659998774528503,0.37450000643730164,0.3905999958515167,0.39329999685287476,0.3587000072002411,0.39730000495910645,0.38850000500679016,0.375,0.412200003862381,0.3968000113964081,0.3799000084400177,0.3758000135421753,0.387800008058548,0.4009999930858612,0.38839998841285706,0.37929999828338623,0.3878999948501587,0.4027999937534332,0.3790000081062317,0.3849000036716461,0.3441999852657318,0.38029998540878296,0.3910999894142151,0.44040000438690186,0.3905999958515167,0.3865000009536743,0.3785000145435333,0.38040000200271606,0.3869999945163727,0.42289999127388,0.35339999198913574,0.39640000462532043,0.3903000056743622,0.38989999890327454,0.3846000134944916,0.3763999938964844,0.3783999979496002,0.3871000111103058,0.3939000070095062,0.4388999938964844,0.4004000127315521,0.38659998774528503,0.4162999987602234,0.3799999952316284,0.44020000100135803,0.4154999852180481,0.4212000072002411,0.4032999873161316,0.36039999127388,0.3905999958515167,0.37290000915527344,0.4237000048160553,0.382099986076355,0.43470001220703125,0.4431000053882599,0.3882000148296356,0.44909998774528503,0.40529999136924744,0.4147000014781952,0.38499999046325684,0.3982999920845032,0.37610000371932983,0.4104999899864197,0.42399999499320984,0.3971000015735626,0.3691999912261963,0.4377000033855438,0.39590001106262207,0.44690001010894775,0.3833000063896179,0.4293000102043152,0.41440001130104065,0.3885999917984009,0.4018999934196472,0.4129999876022339,0.42289999127388,0.3928000032901764,0.383899986743927,0.4309000074863434,0.39100000262260437,0.4375,0.413100004196167,0.44369998574256897,0.4113999903202057,0.4156999886035919,0.4320000112056732,0.41429999470710754,0.44359999895095825,0.4323999881744385,0.38029998540878296,0.4185999929904938,0.38100001215934753,0.3910999894142151,0.42500001192092896,0.4016999900341034,0.39739999175071716,0.42179998755455017,0.43369999527931213,0.37380000948905945,0.4666000008583069,0.4230000078678131,0.4413999915122986,0.361299991607666,0.4577000141143799,0.42100000381469727,0.48559999465942383,0.44940000772476196,0.4650000035762787,0.4408000111579895,0.4187000095844269,0.4715000092983246,0.4221000075340271,0.4090999960899353,0.4142000079154968,0.4564000070095062,0.4413999915122986,0.4284999966621399,0.45899999141693115,0.47519999742507935,0.45669999718666077,0.445499986410141,0.42899999022483826,0.4431999921798706,0.41679999232292175,0.46369999647140503,0.4381999969482422,0.4226999878883362,0.41920000314712524,0.41830000281333923,0.46160000562667847,0.42419999837875366,0.46369999647140503,0.46889999508857727,0.42329999804496765,0.46779999136924744,0.42480000853538513,0.42559999227523804,0.43630000948905945,0.43369999527931213,0.40540000796318054,0.4627000093460083,0.5303000211715698,0.4569000005722046,0.45660001039505005,0.4765999913215637,0.4823000133037567,0.46630001068115234,0.45500001311302185,0.45410001277923584,0.47859999537467957,0.4099000096321106,0.46299999952316284,0.4404999911785126,0.4648999869823456,0.4805999994277954,0.3977000117301941,0.4399999976158142,0.4641000032424927,0.5069000124931335,0.460999995470047,0.4738999903202057,0.4115999937057495,0.4187000095844269,0.41530001163482666,0.4593999981880188,0.45010000467300415,0.4602000117301941,0.48969998955726624,0.5004000067710876,0.4763999879360199,0.43619999289512634,0.48420000076293945,0.44290000200271606,0.46959999203681946,0.46299999952316284,0.4194999933242798,0.4595000147819519,0.5083000063896179,0.4187999963760376,0.5078999996185303,0.40149998664855957,0.477400004863739,0.45820000767707825,0.3763999938964844,0.45329999923706055,0.486299991607666,0.4668999910354614,0.48510000109672546,0.5008999705314636,0.4499000012874603,0.46700000762939453,0.5048999786376953,0.4706000089645386,0.4999000132083893,0.4666000008583069,0.4943000078201294,0.5292999744415283,0.5210999846458435,0.46790000796318054,0.499099999666214,0.46160000562667847,0.49570000171661377,0.4697999954223633,0.482699990272522,0.42890000343322754,0.42570000886917114,0.5246000289916992,0.4684999883174896,0.43860000371932983,0.5351999998092651,0.41519999504089355,0.5134000182151794,0.44780001044273376,0.49559998512268066,0.47380000352859497,0.4945000112056732,0.4564000070095062,0.48019999265670776,0.45179998874664307,0.5029000043869019,0.5077000260353088,0.48030000925064087,0.4823000133037567,0.48539999127388,0.45320001244544983,0.45669999718666077,0.4702000021934509,0.492000013589859,0.47540000081062317,0.49079999327659607,0.4320000112056732,0.5331000089645386,0.47530001401901245,0.4537999927997589,0.48539999127388,0.5091999769210815,0.5274999737739563,0.47029998898506165,0.478300005197525,0.507099986076355,0.5012999773025513,0.4916999936103821,0.4948999881744385,0.517300009727478,0.5328999757766724,0.47850000858306885,0.4837000072002411,0.49000000953674316,0.49779999256134033,0.4636000096797943,0.5098999738693237,0.5180000066757202,0.4975999891757965,0.49889999628067017,0.5453000068664551,0.5133000016212463,0.4553999900817871,0.5187000036239624,0.48649999499320984,0.46129998564720154,0.5019000172615051,0.5303999781608582,0.5135999917984009,0.5162000060081482,0.47780001163482666,0.5198000073432922,0.4934000074863434,0.5022000074386597,0.5019999742507935,0.5349000096321106,0.4781000018119812,0.4677000045776367,0.5307000279426575,0.45899999141693115,0.5350000262260437,0.5062000155448914,0.5148000121116638,0.48100000619888306,0.49070000648498535,0.5098999738693237,0.4828000068664551,0.4625000059604645,0.47609999775886536,0.5249000191688538,0.5205000042915344,0.5092999935150146,0.47609999775886536,0.5029000043869019,0.48840001225471497,0.44699999690055847,0.52920001745224,0.5486999750137329,0.5443000197410583,0.508400022983551,0.52920001745224,0.503000020980835,0.46889999508857727,0.45489999651908875,0.48100000619888306,0.43540000915527344,0.47769999504089355,0.47859999537467957,0.5583000183105469,0.5284000039100647,0.6085000038146973,0.5239999890327454,0.5307000279426575,0.49540001153945923,0.5045999884605408,0.49540001153945923,0.477400004863739,0.4982999861240387,0.5493999719619751,0.4684999883174896,0.5184000134468079,0.49230000376701355,0.4447999894618988,0.45750001072883606,0.4666000008583069,0.5281999707221985,0.47519999742507935,0.4643999934196472,0.5540000200271606,0.4674000144004822,0.5245000123977661,0.49309998750686646,0.4993000030517578,0.5031999945640564,0.5097000002861023,0.5109999775886536,0.49070000648498535,0.4973999857902527,0.52920001745224,0.5127000212669373,0.5092999935150146,0.4779999852180481,0.4984000027179718,0.4731000065803528,0.4823000133037567,0.5126000046730042,0.4771000146865845,0.4699000120162964,0.5001999735832214,0.4603999853134155,0.4659999907016754,0.4957999885082245,0.5437999963760376,0.5311999917030334,0.4239000082015991,0.4586000144481659,0.43720000982284546,0.5189999938011169,0.5321000218391418,0.46939998865127563,0.5095999836921692,0.5361999869346619,0.5370000004768372,0.5051000118255615,0.474700003862381,0.4851999878883362,0.5306000113487244,0.5102999806404114,0.476500004529953,0.4684999883174896,0.5027999877929688,0.5479999780654907,0.4361000061035156,0.4846000075340271,0.49709999561309814,0.5196999907493591,0.44839999079704285,0.5558000206947327,0.4966999888420105,0.5231999754905701,0.5126000046730042,0.4668000042438507,0.5418000221252441,0.5206999778747559,0.5313000082969666,0.49779999256134033,0.489300012588501,0.5630999803543091,0.5012999773025513,0.5357999801635742,0.5174999833106995,0.4851999878883362,0.48539999127388,0.46939998865127563,0.4932999908924103,0.5156000256538391,0.5367000102996826,0.508899986743927,0.517799973487854,0.5236999988555908,0.49939998984336853,0.4945000112056732,0.49320000410079956,0.5242999792098999,0.5443000197410583,0.517799973487854,0.4925999939441681,0.4706999957561493,0.48919999599456787,0.5012000203132629,0.49129998683929443,0.5051000118255615,0.5062999725341797,0.5286999940872192,0.4489000141620636,0.512499988079071,0.5175999999046326,0.44530001282691956,0.4641000032424927,0.5123000144958496,0.47530001401901245,0.49540001153945923,0.4787999987602234,0.5234000086784363,0.4706000089645386,0.48820000886917114,0.4848000109195709,0.48089998960494995,0.4717999994754791,0.5246000289916992,0.43860000371932983,0.4650000035762787,0.45570001006126404,0.4984000027179718,0.503600001335144,0.4959999918937683,0.4968000054359436,0.5177000164985657,0.4731999933719635,0.4803999960422516,0.48669999837875366,0.5149999856948853,0.4431999921798706,0.47999998927116394,0.5370000004768372,0.4934999942779541,0.5044000148773193,0.4943999946117401,0.476500004529953,0.4607999920845032,0.5649999976158142,0.504800021648407,0.5282999873161316,0.4431000053882599,0.4986000061035156,0.4691999852657318,0.46880000829696655,0.5338000059127808,0.49380001425743103,0.5289999842643738,0.47290000319480896,0.46219998598098755,0.4733999967575073,0.4650000035762787,0.4810999929904938,0.46309998631477356,0.4975999891757965,0.5271000266075134,0.4853000044822693,0.49140000343322754,0.45579999685287476,0.4690999984741211,0.5498999953269958,0.5174999833106995,0.5285000205039978,0.4943000078201294,0.4943000078201294,0.4562000036239624,0.4767000079154968,0.4526999890804291,0.4805000126361847,0.459199994802475,0.46630001068115234,0.5515999794006348,0.5174999833106995,0.478300005197525,0.5080999732017517,0.4699999988079071,0.4771000146865845,0.4875999987125397,0.5532000064849854,0.5437999963760376,0.5332000255584717,0.49570000171661377,0.4706000089645386,0.503000020980835,0.5439000129699707,0.5203999876976013,0.5045999884605408,0.5223000049591064,0.47839999198913574,0.45210000872612,0.46209999918937683,0.49079999327659607,0.5008000135421753,0.49540001153945923,0.4706000089645386,0.5135999917984009,0.49720001220703125,0.5307999849319458,0.46459999680519104,0.521399974822998,0.5184000134468079,0.5074999928474426,0.4999000132083893,0.4268999993801117,0.5476999878883362,0.503600001335144,0.5090000033378601,0.4968000054359436,0.5188999772071838,0.4959999918937683,0.5113999843597412,0.5299999713897705,0.4641999900341034,0.5393000245094299,0.49630001187324524,0.4740999937057495,0.4426000118255615,0.5364999771118164,0.5328999757766724,0.5099999904632568,0.4878000020980835,0.5069000124931335,0.4700999855995178,0.4496999979019165,0.5045999884605408,0.5062999725341797,0.504800021648407,0.5015000104904175,0.4885999858379364,0.4950999915599823,0.47909998893737793,0.5199999809265137,0.47279998660087585,0.48260000348091125,0.5293999910354614,0.5019000172615051,0.49320000410079956,0.46549999713897705,0.47749999165534973,0.504800021648407,0.4399000108242035,0.5336999893188477,0.5070000290870667,0.5241000056266785,0.4945000112056732,0.48739999532699585,0.5072000026702881,0.48019999265670776,0.48809999227523804,0.5235999822616577,0.5637000203132629,0.48069998621940613,0.5342000126838684,0.4790000021457672,0.536899983882904,0.5078999996185303,0.4293000102043152,0.5480999946594238,0.5231999754905701,0.4528000056743622,0.4860999882221222,0.48649999499320984,0.5281999707221985,0.5254999995231628,0.5450000166893005,0.45500001311302185,0.5174999833106995,0.5041000247001648,0.4851999878883362,0.5370000004768372,0.5047000050544739,0.574999988079071,0.5475000143051147,0.4672999978065491,0.5630000233650208,0.454800009727478,0.5317000150680542,0.5249999761581421,0.49939998984336853,0.4797999858856201,0.5019000172615051,0.5026000142097473,0.5091000199317932,0.5116000175476074,0.5115000009536743,0.5364999771118164,0.4772999882698059,0.49239999055862427,0.5414999723434448,0.5051000118255615,0.5378999710083008,0.557200014591217,0.5659999847412109,0.5770000219345093,0.534500002861023,0.4519999921321869,0.48019999265670776,0.4747999906539917,0.48919999599456787,0.5374000072479248,0.4869000017642975,0.5658000111579895,0.5573999881744385,0.4844000041484833,0.5249000191688538,0.49300000071525574,0.48489999771118164,0.4259999990463257,0.4812999963760376,0.5131000280380249,0.49390000104904175,0.5511000156402588,0.5285000205039978,0.5425999760627747,0.5213000178337097,0.558899998664856,0.5285000205039978,0.5188999772071838,0.4717999994754791,0.4909000098705292,0.4880000054836273,0.5146999955177307,0.5004000067710876,0.538100004196167,0.435699999332428,0.5144000053405762,0.48330000042915344,0.5055000185966492,0.5473999977111816,0.4805999994277954,0.48260000348091125,0.48649999499320984,0.4790000021457672,0.5083000063896179,0.513700008392334,0.5425999760627747,0.5013999938964844,0.5218999981880188,0.5253999829292297,0.4781999886035919,0.47859999537467957,0.4936000108718872,0.4814000129699707,0.45419999957084656,0.5105000138282776,0.5105999708175659,0.4952999949455261,0.5116999745368958,0.5095999836921692,0.503000020980835,0.5005999803543091,0.4975999891757965,0.4970000088214874,0.5034000277519226,0.4684999883174896,0.4562999904155731,0.4713999927043915,0.47209998965263367,0.4851999878883362,0.49129998683929443,0.5113999843597412,0.5339999794960022,0.5059999823570251,0.47850000858306885,0.4855000078678131,0.5547999739646912,0.4934999942779541,0.5149000287055969,0.5504999756813049,0.48500001430511475,0.5081999897956848,0.5268999934196472,0.5056999921798706,0.4657000005245209,0.5248000025749207,0.4343999922275543,0.486299991607666,0.5002999901771545,0.47029998898506165,0.5575000047683716,0.5145999789237976,0.5029000043869019,0.4575999975204468,0.49570000171661377,0.5245000123977661,0.49939998984336853,0.4724999964237213,0.4855000078678131,0.5216000080108643,0.5357000231742859,0.5091000199317932,0.5245000123977661,0.5378999710083008,0.42800000309944153,0.46720001101493835,0.5401999950408936,0.49630001187324524,0.5178999900817871,0.4982999861240387,0.47589999437332153,0.46619999408721924,0.4927999973297119,0.492900013923645,0.5252000093460083,0.5073999762535095,0.5231000185012817,0.4722999930381775,0.5182999968528748,0.5213000178337097,0.4717000126838684,0.5192999839782715,0.5449000000953674,0.48170000314712524,0.47519999742507935,0.4900999963283539,0.5184999704360962,0.487199991941452,0.45210000872612,0.4740000069141388,0.48249998688697815,0.5310999751091003,0.5715000033378601,0.43700000643730164,0.5378999710083008,0.5123999714851379,0.5131000280380249,0.5067999958992004,0.5076000094413757,0.4984999895095825,0.5472000241279602,0.5217000246047974,0.4893999993801117,0.5532000064849854,0.49950000643730164,0.48649999499320984,0.5185999870300293,0.49939998984336853,0.5095000267028809,0.535099983215332,0.579800009727478,0.5684999823570251,0.5056999921798706,0.5600000023841858,0.39329999685287476,0.5151000022888184,0.553600013256073,0.4885999858379364,0.5059000253677368,0.4672999978065491,0.49779999256134033,0.5220000147819519,0.5493999719619751,0.508400022983551,0.5372999906539917,0.5396999716758728,0.5293999910354614,0.5181000232696533,0.5170999765396118,0.5001000165939331,0.5098000168800354,0.5472999811172485,0.5224999785423279,0.5128999948501587,0.4674000144004822,0.5429999828338623,0.48159998655319214,0.5224000215530396,0.5360999703407288,0.48190000653266907,0.5128999948501587,0.4788999855518341,0.4860000014305115,0.4544999897480011,0.5205000042915344,0.5414000153541565,0.48410001397132874,0.46939998865127563,0.5134999752044678,0.5677000284194946,0.5019000172615051,0.5146999955177307,0.5489000082015991,0.4991999864578247,0.5156000256538391,0.5098000168800354,0.5080000162124634,0.4921000003814697,0.5625,0.49470001459121704,0.5220000147819519,0.5598999857902527,0.538100004196167,0.5916000008583069,0.519599974155426,0.5196999907493591,0.5120000243186951,0.47519999742507935,0.5407999753952026,0.4681999981403351,0.5135999917984009,0.5462999939918518,0.492000013589859,0.531000018119812,0.49470001459121704,0.5547000169754028,0.4731000065803528,0.5410000085830688,0.48500001430511475,0.5338000059127808,0.4499000012874603,0.46860000491142273,0.5515000224113464,0.48980000615119934,0.5892000198364258,0.5372999906539917,0.4575999975204468,0.4878999888896942,0.46939998865127563,0.5160999894142151,0.4957999885082245,0.48590001463890076,0.4993000030517578,0.49810001254081726,0.4966000020503998,0.542900025844574,0.5564000010490417,0.5748999714851379,0.507099986076355,0.538100004196167,0.4950000047683716,0.5325999855995178,0.5824000239372253,0.5097000002861023,0.525600016117096,0.5321000218391418,0.5426999926567078,0.4794999957084656,0.5060999989509583,0.519599974155426,0.5224999785423279,0.5188999772071838,0.5340999960899353,0.5123999714851379,0.5561000108718872,0.5216000080108643,0.5200999975204468,0.508899986743927,0.5067999958992004,0.5056999921798706,0.4921000003814697,0.4700999855995178,0.4690999984741211,0.5109999775886536,0.5123999714851379,0.5480999946594238,0.5421000123023987,0.5131999850273132,0.5169000029563904,0.5196999907493591,0.5026999711990356,0.508400022983551,0.525600016117096,0.5246999859809875,0.5123999714851379,0.48840001225471497,0.5152999758720398,0.5379999876022339,0.5418000221252441,0.4948999881744385,0.5468999743461609,0.5296000242233276,0.49970000982284546,0.5138000249862671,0.5220000147819519,0.44020000100135803,0.5184000134468079,0.4900999963283539,0.4860000014305115,0.5044000148773193,0.5157999992370605,0.5267999768257141,0.554099977016449,0.5214999914169312,0.5121999979019165,0.5537999868392944,0.5080999732017517,0.5364000201225281,0.5153999924659729,0.5877000093460083,0.5442000031471252,0.5356000065803528,0.52920001745224,0.5189999938011169,0.48829999566078186,0.5199999809265137,0.5027999877929688,0.5353999733924866,0.5074999928474426,0.5307999849319458,0.5468999743461609,0.47290000319480896,0.526199996471405,0.5123999714851379,0.4984999895095825,0.4932999908924103,0.5253999829292297,0.4984000027179718,0.46129998564720154,0.49540001153945923,0.4578999876976013,0.5468999743461609,0.49300000071525574,0.5177000164985657,0.4961000084877014,0.5088000297546387,0.5375999808311462,0.5013999938964844,0.5335999727249146,0.4490000009536743,0.49309998750686646,0.5454999804496765,0.5289000272750854,0.5198000073432922,0.5799000263214111,0.49470001459121704,0.5361999869346619,0.48570001125335693,0.47360000014305115,0.5440000295639038,0.447299987077713,0.49079999327659607,0.5246999859809875,0.44909998774528503,0.476500004529953,0.5128999948501587,0.46779999136924744,0.510200023651123,0.5461999773979187,0.4771000146865845,0.4657000005245209,0.5231999754905701,0.4805999994277954,0.5044000148773193,0.5378999710083008,0.5115000009536743,0.4715999960899353,0.4575999975204468,0.4984999895095825,0.5586000084877014,0.4740000069141388,0.4293000102043152,0.4618000090122223,0.5029000043869019,0.5327000021934509,0.5590999722480774,0.5121999979019165,0.4724999964237213,0.4390999972820282,0.504800021648407,0.5156999826431274,0.47690001130104065,0.5164999961853027,0.5299999713897705,0.5024999976158142,0.5472999811172485,0.4855000078678131,0.5357000231742859,0.4936000108718872,0.4596000015735626,0.5464000105857849,0.5913000106811523,0.5443999767303467,0.5060999989509583,0.5422000288963318,0.5156000256538391,0.5591999888420105,0.559499979019165,0.5436999797821045,0.557200014591217,0.5370000004768372,0.48669999837875366,0.4961000084877014,0.5385000109672546,0.5493999719619751,0.5465999841690063,0.5539000034332275,0.5572999715805054,0.5062999725341797,0.550000011920929,0.5338000059127808,0.5636000037193298,0.5170999765396118,0.5552999973297119,0.491100013256073,0.5248000025749207,0.5884000062942505,0.5418999791145325,0.5015000104904175,0.49900001287460327,0.48820000886917114,0.54339998960495,0.5277000069618225,0.4896000027656555,0.5884000062942505,0.5365999937057495,0.5626000165939331,0.5296000242233276,0.5572999715805054,0.5385000109672546,0.532800018787384,0.576200008392334,0.5142999887466431,0.5126000046730042,0.503000020980835,0.510699987411499,0.5264999866485596,0.5415999889373779,0.5325999855995178,0.5023999810218811,0.5550000071525574,0.5295000076293945,0.5389000177383423,0.5523999929428101,0.49000000953674316,0.4934999942779541,0.5234000086784363,0.5414999723434448,0.5406000018119812,0.5116999745368958,0.5216000080108643,0.475600004196167,0.5016000270843506,0.4925999939441681,0.5084999799728394,0.4699000120162964,0.4950999915599823,0.4586000144481659,0.486299991607666,0.522599995136261,0.5386999845504761,0.5026999711990356,0.5443999767303467,0.49889999628067017,0.49320000410079956,0.5756000280380249,0.4871000051498413,0.49480000138282776,0.4697999954223633,0.45669999718666077,0.5489000082015991,0.4740999937057495,0.46230000257492065,0.5346999764442444,0.4945000112056732,0.5126000046730042,0.5564000010490417,0.5199000239372253,0.49950000643730164,0.5735999941825867,0.539900004863739,0.5389999747276306,0.5583000183105469,0.5756000280380249,0.4699000120162964,0.5115000009536743,0.508400022983551,0.5295000076293945,0.5252000093460083,0.4677000045776367,0.5206000208854675,0.5401999950408936,0.5852000117301941,0.5239999890327454,0.4982999861240387,0.546999990940094,0.5246999859809875,0.5157999992370605,0.5442000031471252,0.508400022983551,0.5056999921798706,0.453900009393692,0.5080999732017517,0.5856000185012817,0.5094000101089478,0.5242999792098999,0.5162000060081482,0.5062000155448914,0.49720001220703125,0.49900001287460327,0.4936000108718872,0.4959999918937683,0.5175999999046326,0.5084999799728394,0.5418000221252441,0.5512999892234802,0.5116000175476074,0.5235999822616577,0.48510000109672546,0.47769999504089355,0.5324000120162964,0.5109999775886536
0.4650000035762787,0.14810000360012054,0.15119999647140503,0.16050000488758087,0.16009999811649323,0.1550000011920929,0.16050000488758087,0.15119999647140503,0.14869999885559082,0.15649999678134918,0.15690000355243683,0.15919999778270721,0.15230000019073486,0.1573999971151352,0.14350000023841858,0.15790000557899475,0.15839999914169312,0.15389999747276306,0.1599999964237213,0.15639999508857727,0.1590999960899353,0.15790000557899475,0.15919999778270721,0.14839999377727509,0.15320000052452087,0.1476999968290329,0.13979999721050262,0.14090000092983246,0.14790000021457672,0.14659999310970306,0.14390000700950623,0.15360000729560852,0.13359999656677246,0.14920000731945038,0.16689999401569366,0.14499999582767487,0.14550000429153442,0.1446000039577484,0.15080000460147858,0.13950000703334808,0.14069999754428864,0.14190000295639038,0.1462000012397766,0.15520000457763672,0.1428000032901764,0.15049999952316284,0.14309999346733093,0.1476999968290329,0.14640000462532043,0.1436000019311905,0.1436000019311905,0.14180000126361847,0.13989999890327454,0.1436000019311905,0.14669999480247498,0.14239999651908875,0.14800000190734863,0.1462000012397766,0.15000000596046448,0.14390000700950623,0.14579999446868896,0.14890000224113464,0.14339999854564667,0.14820000529289246,0.147599995136261,0.14390000700950623,0.14589999616146088,0.14300000667572021,0.14640000462532043,0.1477999985218048,0.14470000565052032,0.14650000631809235,0.14920000731945038,0.1469999998807907,0.1420000046491623,0.1462000012397766,0.1534000039100647,0.14830000698566437,0.1597999930381775,0.1476999968290329,0.15449999272823334,0.1518000066280365,0.14329999685287476,0.14869999885559082,0.14669999480247498,0.14550000429153442,0.15109999477863312,0.14219999313354492,0.14830000698566437,0.1451999992132187,0.1446000039577484,0.14139999449253082,0.1412000060081482,0.14489999413490295,0.1462000012397766,0.148499995470047,0.1485999971628189,0.14830000698566437,0.1437000036239624,0.15070000290870667,0.14640000462532043,0.14399999380111694,0.1445000022649765,0.15289999544620514,0.14079999923706055,0.14470000565052032,0.14730000495910645,0.14810000360012054,0.14409999549388885,0.14180000126361847,0.14550000429153442,0.14300000667572021,0.14740000665187836,0.14820000529289246,0.14390000700950623,0.14239999651908875,0.16019999980926514,0.14480000734329224,0.15160000324249268,0.14839999377727509,0.14229999482631683,0.14339999854564667,0.13600000739097595,0.1404000073671341,0.15469999611377716,0.14300000667572021,0.15139999985694885,0.1453000009059906,0.1468999981880188,0.1454000025987625,0.14249999821186066,0.13989999890327454,0.1460999995470047,0.14229999482631683,0.14980000257492065,0.1437000036239624,0.14959999918937683,0.14329999685287476,0.14560000598430634,0.1420000046491623,0.14910000562667847,0.13910000026226044,0.14980000257492065,0.148499995470047,0.14010000228881836,0.1437000036239624,0.14429999887943268,0.1421000063419342,0.14509999752044678,0.14239999651908875,0.14169999957084656,0.149399995803833,0.1467999964952469,0.14390000700950623,0.14169999957084656,0.13910000026226044,0.14380000531673431,0.1469999998807907,0.1459999978542328,0.14309999346733093,0.1476999968290329,0.1460999995470047,0.14749999344348907,0.13950000703334808,0.14380000531673431,0.14300000667572021,0.1412000060081482,0.1421000063419342,0.1451999992132187,0.1421000063419342,0.1467999964952469,0.14560000598430634,0.1444000005722046,0.15039999783039093,0.15610000491142273,0.1444000005722046,0.14569999277591705,0.14000000059604645,0.14720000326633453,0.14480000734329224,0.14839999377727509,0.14100000262260437,0.14300000667572021,0.1444000005722046,0.1445000022649765,0.1518000066280365,0.14869999885559082,0.1445000022649765,0.14509999752044678,0.14509999752044678,0.14980000257492065,0.14259999990463257,0.14900000393390656,0.14790000021457672,0.15039999783039093,0.1412999927997589,0.1444000005722046,0.15289999544620514,0.14710000157356262,0.1421000063419342,0.14190000295639038,0.1500999927520752,0.14740000665187836,0.14090000092983246,0.14480000734329224,0.1460999995470047,0.13910000026226044,0.14710000157356262,0.14560000598430634,0.14550000429153442,0.14669999480247498,0.14249999821186066,0.1468999981880188,0.14730000495910645,0.14730000495910645,0.15039999783039093,0.1467999964952469,0.14959999918937683,0.1468999981880188,0.14820000529289246,0.14640000462532043,0.14419999718666077,0.14110000431537628,0.14000000059604645,0.15240000188350677,0.1476999968290329,0.14169999957084656,0.14499999582767487,0.13940000534057617,0.14110000431537628,0.1459999978542328,0.14920000731945038,0.14409999549388885,0.15070000290870667,0.1459999978542328,0.14300000667572021,0.14550000429153442,0.14309999346733093,0.14630000293254852,0.14300000667572021,0.14509999752044678,0.1429000049829483,0.14800000190734863,0.14730000495910645,0.14499999582767487,0.14350000023841858,0.1421000063419342,0.14920000731945038,0.14900000393390656,0.14190000295639038,0.15360000729560852,0.14730000495910645,0.15569999814033508,0.14300000667572021,0.14020000398159027,0.14659999310970306,0.1500999927520752,0.1476999968290329,0.1518000066280365,0.14429999887943268,0.13840000331401825,0.14159999787807465,0.14920000731945038,0.14910000562667847,0.1453000009059906,0.1388999968767166,0.14380000531673431,0.14640000462532043,0.14139999449253082,0.14180000126361847,0.1467999964952469,0.14239999651908875,0.1421000063419342,0.14380000531673431,0.14980000257492065,0.14839999377727509,0.14839999377727509,0.1412999927997589,0.14880000054836273,0.13989999890327454,0.14990000426769257,0.1396999955177307,0.1437000036239624,0.14399999380111694,0.1404000073671341,0.14669999480247498,0.1437000036239624,0.14390000700950623,0.1476999968290329,0.14380000531673431,0.14229999482631683,0.1454000025987625,0.14640000462532043,0.1485999971628189,0.14020000398159027,0.1476999968290329,0.15919999778270721,0.14669999480247498,0.14669999480247498,0.14900000393390656,0.14560000598430634,0.14249999821186066,0.14489999413490295,0.1509000062942505,0.14740000665187836,0.14720000326633453,0.15809999406337738,0.14429999887943268,0.14990000426769257,0.14910000562667847,0.1444000005722046,0.1534000039100647,0.14139999449253082,0.1589999943971634,0.14489999413490295,0.14300000667572021,0.1412000060081482,0.1476999968290329,0.14169999957084656,0.1509000062942505,0.15039999783039093,0.1451999992132187,0.13779999315738678,0.14569999277591705,0.14710000157356262,0.14509999752044678,0.13930000364780426,0.14399999380111694,0.1404999941587448,0.1396999955177307,0.14509999752044678,0.14659999310970306,0.1551000028848648,0.14190000295639038,0.14470000565052032,0.1467999964952469,0.14569999277591705,0.15049999952316284,0.15039999783039093,0.14650000631809235,0.13989999890327454,0.13750000298023224,0.1526000052690506,0.1412000060081482,0.1501999944448471,0.1500999927520752,0.1518000066280365,0.14890000224113464,0.14470000565052032,0.14090000092983246,0.14749999344348907,0.14980000257492065,0.149399995803833,0.1543000042438507,0.14480000734329224,0.14630000293254852,0.1468999981880188,0.14509999752044678,0.1462000012397766,0.14550000429153442,0.14669999480247498,0.1404999941587448,0.1444000005722046,0.1485999971628189,0.14499999582767487,0.15539999306201935,0.14869999885559082,0.1696999967098236,0.1485999971628189,0.1881999969482422,0.14640000462532043,0.16089999675750732,0.1444000005722046,0.18230000138282776,0.14419999718666077,0.1467999964952469,0.1451999992132187,0.15410000085830688,0.14309999346733093,0.1517000049352646,0.15080000460147858,0.16920000314712524,0.17419999837875366,0.14920000731945038,0.14920000731945038,0.14990000426769257,0.1444000005722046,0.1581999957561493,0.14270000159740448,0.14669999480247498,0.14000000059604645,0.19539999961853027,0.1590999960899353,0.14319999516010284,0.1728000044822693,0.15279999375343323,0.18029999732971191,0.1468999981880188,0.15070000290870667,0.149399995803833,0.14579999446868896,0.14959999918937683,0.14980000257492065,0.15119999647140503,0.1696999967098236,0.14730000495910645,0.1421000063419342,0.14409999549388885,0.14749999344348907,0.2011999934911728,0.15279999375343323,0.16329999268054962,0.15440000593662262,0.1477999985218048,0.14100000262260437,0.13819999992847443,0.1607999950647354,0.15160000324249268,0.14480000734329224,0.15369999408721924,0.1404000073671341,0.1446000039577484,0.15279999375343323,0.14219999313354492,0.1606999933719635,0.14409999549388885,0.1468999981880188,0.19259999692440033,0.14630000293254852,0.15039999783039093,0.15000000596046448,0.1467999964952469,0.14429999887943268,0.14319999516010284,0.14090000092983246,0.14229999482631683,0.14319999516010284,0.1460999995470047,0.14319999516010284,0.14569999277591705,0.1378999948501587,0.1696999967098236,0.14399999380111694,0.14589999616146088,0.149399995803833,0.15729999542236328,0.15160000324249268,0.15029999613761902,0.13940000534057617,0.14339999854564667,0.14550000429153442,0.1485999971628189,0.14720000326633453,0.15729999542236328,0.14409999549388885,0.1460999995470047,0.1559000015258789,0.14309999346733093,0.14480000734329224,0.19130000472068787,0.1517000049352646,0.14839999377727509,0.1746000051498413,0.14409999549388885,0.14820000529289246,0.14390000700950623,0.15629999339580536,0.14339999854564667,0.15330000221729279,0.14480000734329224,0.14659999310970306,0.16060000658035278,0.1485999971628189,0.14169999957084656,0.1454000025987625,0.1517000049352646,0.1517000049352646,0.14720000326633453,0.14720000326633453,0.15770000219345093,0.17399999499320984,0.17100000381469727,0.16949999332427979,0.1378999948501587,0.14569999277591705,0.1500999927520752,0.14900000393390656,0.14190000295639038,0.14790000021457672,0.14390000700950623,0.14249999821186066,0.17679999768733978,0.14659999310970306,0.14790000021457672,0.15729999542236328,0.14509999752044678,0.1517000049352646,0.1429000049829483,0.14790000021457672,0.14249999821186066,0.14869999885559082,0.14499999582767487,0.1647000014781952,0.17010000348091125,0.14900000393390656,0.14880000054836273,0.13840000331401825,0.16599999368190765,0.14569999277591705,0.1728000044822693,0.15279999375343323,0.14749999344348907,0.1420000046491623,0.14589999616146088,0.1445000022649765,0.15129999816417694,0.1477999985218048,0.14630000293254852,0.15060000121593475,0.14959999918937683,0.14569999277591705,0.16660000383853912,0.1468999981880188,0.14270000159740448,0.1518000066280365,0.1492999941110611,0.14710000157356262,0.15760000050067902,0.14830000698566437,0.14249999821186066,0.14249999821186066,0.1429000049829483,0.1453000009059906,0.15330000221729279,0.1453000009059906,0.14740000665187836,0.13850000500679016,0.14079999923706055,0.14030000567436218,0.14669999480247498,0.1437000036239624,0.14010000228881836,0.14790000021457672,0.1437000036239624,0.15199999511241913,0.1354999989271164,0.1436000019311905,0.1859000027179718,0.14589999616146088,0.14480000734329224,0.15940000116825104,0.193900004029274,0.18119999766349792,0.1462000012397766,0.14309999346733093,0.14630000293254852,0.14560000598430634,0.14640000462532043,0.147599995136261,0.14749999344348907,0.14079999923706055,0.15189999341964722,0.1412000060081482,0.14339999854564667,0.14429999887943268,0.15760000050067902,0.18070000410079956,0.14910000562667847,0.15209999680519104,0.15639999508857727,0.15219999849796295,0.15129999816417694,0.14229999482631683,0.1696999967098236,0.15299999713897705,0.15440000593662262,0.15489999949932098,0.1736000031232834,0.15690000355243683,0.1527000069618225,0.14249999821186066,0.14669999480247498,0.1550000011920929,0.15569999814033508,0.147599995136261,0.148499995470047,0.15940000116825104,0.14100000262260437,0.1573999971151352,0.14550000429153442,0.14509999752044678,0.14910000562667847,0.15760000050067902,0.13609999418258667,0.1459999978542328,0.1468999981880188,0.15049999952316284,0.19619999825954437,0.1453000009059906,0.156700000166893,0.17090000212192535,0.15129999816417694,0.14640000462532043,0.14710000157356262,0.14219999313354492,0.15109999477863312,0.14409999549388885,0.14339999854564667,0.14740000665187836,0.18029999732971191,0.14560000598430634,0.19189999997615814,0.14749999344348907,0.14270000159740448,0.15549999475479126,0.14219999313354492,0.14579999446868896,0.1445000022649765,0.14980000257492065,0.1477999985218048,0.16689999401569366,0.19220000505447388,0.1459999978542328,0.15199999511241913,0.16949999332427979,0.14419999718666077,0.16500000655651093,0.16859999299049377,0.17020000517368317,0.14749999344348907,0.15919999778270721,0.14470000565052032,0.18619999289512634,0.1412000060081482,0.1454000025987625,0.14560000598430634,0.14100000262260437,0.1428000032901764,0.14350000023841858,0.14090000092983246,0.15309999883174896,0.15539999306201935,0.14419999718666077,0.1784999966621399,0.15710000693798065,0.1673000007867813,0.15369999408721924,0.15620000660419464,0.19449999928474426,0.17239999771118164,0.16449999809265137,0.15719999372959137,0.1420000046491623,0.1607999950647354,0.15049999952316284,0.14489999413490295,0.14190000295639038,0.1395999938249588,0.14030000567436218,0.1446000039577484,0.14669999480247498,0.1534000039100647,0.14159999787807465,0.15080000460147858,0.19670000672340393,0.14820000529289246,0.14480000734329224,0.14970000088214874,0.1454000025987625,0.14740000665187836,0.15770000219345093,0.14550000429153442,0.164900004863739,0.14409999549388885,0.1597999930381775,0.14429999887943268,0.16359999775886536,0.14419999718666077,0.14470000565052032,0.14259999990463257,0.1492999941110611,0.14990000426769257,0.14740000665187836,0.14020000398159027,0.15629999339580536,0.16769999265670776,0.1673000007867813,0.16940000653266907,0.14020000398159027,0.14090000092983246,0.1476999968290329,0.14300000667572021,0.1501999944448471,0.14139999449253082,0.16830000281333923,0.15520000457763672,0.14090000092983246,0.1437000036239624,0.15719999372959137,0.16369999945163727,0.14900000393390656,0.15479999780654907,0.14470000565052032,0.1462000012397766,0.14069999754428864,0.14139999449253082,0.14720000326633453,0.14010000228881836,0.14900000393390656,0.14470000565052032,0.14229999482631683,0.14869999885559082,0.15139999985694885,0.13840000331401825,0.15080000460147858,0.14300000667572021,0.16179999709129333,0.14390000700950623,0.14190000295639038,0.1581999957561493,0.16949999332427979,0.14630000293254852,0.14100000262260437,0.16300000250339508,0.14139999449253082,0.14669999480247498,0.1525000035762787,0.14589999616146088,0.14720000326633453,0.1460999995470047,0.1453000009059906,0.1469999998807907,0.14810000360012054,0.14110000431537628,0.1459999978542328,0.13729999959468842,0.16599999368190765,0.18690000474452972,0.16689999401569366,0.1453000009059906,0.14350000023841858,0.15279999375343323,0.1543000042438507,0.14740000665187836,0.1492999941110611,0.16040000319480896,0.17319999635219574,0.14560000598430634,0.14640000462532043,0.15479999780654907,0.14499999582767487,0.14830000698566437,0.1469999998807907,0.14949999749660492,0.1526000052690506,0.14489999413490295,0.16920000314712524,0.17880000174045563,0.14560000598430634,0.15710000693798065,0.1453000009059906,0.14219999313354492,0.13650000095367432,0.14910000562667847,0.14190000295639038,0.13689999282360077,0.14810000360012054,0.15850000083446503,0.15700000524520874,0.1437000036239624,0.14720000326633453,0.14319999516010284,0.1492999941110611,0.1453000009059906,0.148499995470047,0.1453000009059906,0.1437000036239624,0.1445000022649765,0.1370999962091446,0.14830000698566437,0.14270000159740448,0.14380000531673431,0.1501999944448471,0.14720000326633453,0.1615000069141388,0.14820000529289246,0.17249999940395355,0.1565999984741211,0.14489999413490295,0.18559999763965607,0.14579999446868896,0.14499999582767487,0.1477999985218048,0.14100000262260437,0.14730000495910645,0.1467999964952469,0.14499999582767487,0.14169999957084656,0.14470000565052032,0.14470000565052032,0.15129999816417694,0.14499999582767487,0.14329999685287476,0.1420000046491623,0.1476999968290329,0.14560000598430634,0.1469999998807907,0.14399999380111694,0.14839999377727509,0.1565999984741211,0.14300000667572021,0.1453000009059906,0.14820000529289246,0.14489999413490295,0.1453000009059906,0.1444000005722046,0.14990000426769257,0.14820000529289246,0.14730000495910645,0.14239999651908875,0.14669999480247498,0.1437000036239624,0.1428000032901764,0.14830000698566437,0.17659999430179596,0.14069999754428864,0.14880000054836273,0.1476999968290329,0.1453000009059906,0.14489999413490295,0.14010000228881836,0.14569999277591705,0.14569999277591705,0.1429000049829483,0.14800000190734863,0.15129999816417694,0.1421000063419342,0.13989999890327454,0.14259999990463257,0.14480000734329224,0.14640000462532043,0.15240000188350677,0.1590999960899353,0.14810000360012054,0.1429000049829483,0.14550000429153442,0.14190000295639038,0.14640000462532043,0.14339999854564667,0.14499999582767487,0.15860000252723694,0.15289999544620514,0.1543000042438507,0.1565999984741211,0.14489999413490295,0.14959999918937683,0.147599995136261,0.14350000023841858,0.15889999270439148,0.15070000290870667,0.14790000021457672,0.1785999983549118,0.147599995136261,0.1437000036239624,0.14730000495910645,0.14149999618530273,0.14489999413490295,0.14380000531673431,0.14419999718666077,0.15189999341964722,0.16519999504089355,0.14339999854564667,0.1542000025510788,0.147599995136261,0.1754000037908554,0.14669999480247498,0.1460999995470047,0.16050000488758087,0.1469999998807907,0.14309999346733093,0.14470000565052032,0.15049999952316284,0.15000000596046448,0.14790000021457672,0.14180000126361847,0.14550000429153442,0.1696999967098236,0.14470000565052032,0.147599995136261,0.14800000190734863,0.14239999651908875,0.1469999998807907,0.14350000023841858,0.14589999616146088,0.14470000565052032,0.14669999480247498,0.14830000698566437,0.14710000157356262,0.15850000083446503,0.14429999887943268,0.14740000665187836,0.14720000326633453,0.14640000462532043,0.14480000734329224,0.14239999651908875,0.14309999346733093,0.1459999978542328,0.14970000088214874,0.14380000531673431,0.14820000529289246,0.1404000073671341,0.14890000224113464,0.14139999449253082,0.15719999372959137,0.14959999918937683,0.15029999613761902,0.14270000159740448,0.14959999918937683,0.14749999344348907,0.1526000052690506,0.13750000298023224,0.14910000562667847,0.14390000700950623,0.1469999998807907,0.1428000032901764,0.1582999974489212,0.15080000460147858,0.14890000224113464,0.14000000059604645,0.15049999952316284,0.14579999446868896,0.14190000295639038,0.1467999964952469,0.16120000183582306,0.147599995136261,0.14810000360012054,0.1404000073671341,0.14640000462532043,0.14169999957084656,0.14509999752044678,0.1517000049352646,0.15360000729560852,0.1428000032901764,0.147599995136261,0.14790000021457672,0.14480000734329224,0.14550000429153442,0.14990000426769257,0.1762000024318695,0.15080000460147858,0.14159999787807465,0.15119999647140503,0.1429000049829483,0.14470000565052032,0.14339999854564667,0.14149999618530273,0.14219999313354492,0.14509999752044678,0.15080000460147858,0.15060000121593475,0.14720000326633453,0.149399995803833,0.14259999990463257,0.1550000011920929,0.14569999277591705,0.1396999955177307,0.1574999988079071,0.14159999787807465,0.1467999964952469,0.13529999554157257,0.14489999413490295,0.15629999339580536,0.15960000455379486,0.14079999923706055,0.14059999585151672,0.1736000031232834,0.14249999821186066,0.17790000140666962,0.14640000462532043,0.15839999914169312,0.15160000324249268,0.1476999968290329,0.14399999380111694,0.1662999987602234,0.147599995136261,0.15970000624656677,0.149399995803833,0.14249999821186066,0.14229999482631683,0.17309999465942383,0.15070000290870667,0.14339999854564667,0.14509999752044678,0.1404999941587448,0.14159999787807465,0.15049999952316284,0.14569999277591705,0.1476999968290329,0.1664000004529953,0.14339999854564667,0.1501999944448471,0.14419999718666077,0.1476999968290329,0.13729999959468842,0.14319999516010284,0.15000000596046448,0.14059999585151672,0.1420000046491623,0.1624000072479248,0.14720000326633453,0.14419999718666077,0.1420000046491623,0.14980000257492065,0.1396999955177307,0.14509999752044678,0.1454000025987625,0.1429000049829483,0.1429000049829483,0.15060000121593475,0.14030000567436218,0.14550000429153442,0.1444000005722046,0.14659999310970306,0.14390000700950623,0.14030000567436218,0.1404000073671341,0.14839999377727509,0.1445000022649765,0.149399995803833,0.14329999685287476,0.1446000039577484,0.1476999968290329,0.1517000049352646,0.1647000014781952,0.14740000665187836,0.1623000055551529,0.1459999978542328,0.14300000667572021,0.14480000734329224,0.14659999310970306,0.13930000364780426,0.14399999380111694,0.1451999992132187,0.14300000667572021,0.1509000062942505,0.1462000012397766,0.14640000462532043,0.1420000046491623,0.1467999964952469,0.1453000009059906,0.1420000046491623,0.1428000032901764,0.1542000025510788,0.14390000700950623,0.14190000295639038,0.14010000228881836,0.1428000032901764,0.1453000009059906,0.1469999998807907,0.148499995470047,0.14800000190734863,0.1477999985218048,0.14159999787807465,0.14710000157356262,0.14550000429153442,0.14409999549388885,0.14630000293254852,0.1460999995470047,0.1469999998807907,0.15000000596046448,0.1459999978542328,0.14569999277591705,0.14560000598430634,0.1420000046491623,0.14409999549388885,0.14589999616146088,0.14180000126361847,0.14090000092983246,0.1462000012397766,0.1624000072479248,0.1445000022649765,0.1543000042438507,0.14830000698566437,0.14560000598430634,0.13979999721050262,0.15780000388622284,0.14229999482631683,0.15000000596046448,0.1476999968290329,0.14550000429153442,0.15330000221729279,0.1477999985218048,0.15150000154972076,0.16019999980926514,0.1467999964952469,0.14419999718666077,0.14720000326633453,0.14139999449253082,0.14630000293254852,0.14499999582767487,0.14839999377727509,0.14569999277591705,0.15520000457763672,0.14249999821186066,0.1468999981880188,0.14380000531673431,0.14970000088214874,0.13760000467300415,0.1565999984741211,0.14300000667572021,0.1460999995470047,0.14970000088214874,0.1436000019311905,0.1396999955177307,0.1606999933719635,0.14259999990463257,0.14249999821186066,0.16439999639987946,0.14169999957084656,0.1477999985218048,0.14300000667572021,0.14730000495910645,0.14229999482631683,0.14229999482631683,0.1468999981880188,0.16040000319480896,0.14249999821186066,0.14839999377727509,0.14800000190734863,0.17790000140666962,0.1615000069141388,0.1453000009059906,0.14740000665187836,0.1589999943971634,0.14270000159740448,0.1388999968767166,0.15070000290870667,0.14090000092983246,0.14560000598430634,0.13930000364780426,0.15800000727176666,0.14239999651908875,0.14710000157356262,0.1454000025987625,0.17239999771118164,0.1607999950647354,0.15620000660419464,0.14399999380111694,0.1460999995470047,0.15240000188350677,0.14100000262260437,0.1446000039577484,0.14489999413490295,0.14589999616146088,0.14059999585151672,0.14589999616146088,0.14880000054836273,0.14630000293254852,0.1436000019311905,0.14830000698566437,0.14839999377727509,0.14499999582767487,0.14920000731945038,0.14380000531673431,0.1453000009059906,0.14820000529289246,0.14569999277591705,0.14429999887943268,0.14159999787807465,0.14550000429153442,0.14949999749660492,0.1453000009059906,0.15160000324249268,0.147599995136261,0.14390000700950623,0.1445000022649765,0.13899999856948853,0.15299999713897705,0.14710000157356262,0.14399999380111694,0.14380000531673431,0.13910000026226044,0.14949999749660492,0.14900000393390656,0.14399999380111694,0.14579999446868896,0.14429999887943268,0.1437000036239624,0.14409999549388885,0.1468999981880188,0.1436000019311905,0.1412999927997589,0.1421000063419342,0.14710000157356262,0.14959999918937683,0.1492999941110611,0.14390000700950623,0.1501999944448471,0.17560000717639923,0.14659999310970306,0.14069999754428864,0.14219999313354492,0.14419999718666077,0.1459999978542328,0.14990000426769257,0.14329999685287476,0.14489999413490295,0.13840000331401825,0.13860000669956207,0.14730000495910645,0.14589999616146088,0.14949999749660492,0.14239999651908875,0.1462000012397766,0.1476999968290329,0.14900000393390656,0.14139999449253082,0.149399995803833,0.14270000159740448,0.15369999408721924,0.1501999944448471,0.14489999413490295,0.1404999941587448,0.1535000056028366,0.14219999313354492,0.13840000331401825,0.1436000019311905,0.14980000257492065,0.14579999446868896,0.14229999482631683,0.14419999718666077,0.14910000562667847,0.16619999706745148,0.156700000166893,0.1467999964952469,0.1388999968767166,0.1454000025987625,0.14730000495910645,0.1647000014781952,0.14470000565052032,0.14710000157356262,0.14190000295639038,0.15000000596046448,0.14249999821186066,0.147599995136261,0.149399995803833,0.14350000023841858,0.14910000562667847,0.14339999854564667,0.14309999346733093,0.1444000005722046,0.15520000457763672,0.1429000049829483,0.1509000062942505,0.1469999998807907,0.14569999277591705,0.14419999718666077,0.14229999482631683,0.14579999446868896,0.14489999413490295,0.1462000012397766,0.14319999516010284,0.14990000426769257,0.14880000054836273,0.13910000026226044,0.147599995136261,0.148499995470047,0.14100000262260437,0.14270000159740448,0.14390000700950623,0.14329999685287476,0.14910000562667847,0.1429000049829483,0.149399995803833,0.14710000157356262,0.14749999344348907,0.14399999380111694,0.13940000534057617,0.14630000293254852,0.14180000126361847,0.1429000049829483,0.1459999978542328,0.14550000429153442,0.14079999923706055,0.1370999962091446,0.15080000460147858,0.14069999754428864,0.14730000495910645,0.1467999964952469,0.1453000009059906,0.14949999749660492,0.14650000631809235,0.147599995136261,0.15189999341964722,0.14079999923706055,0.14090000092983246,0.15039999783039093,0.14419999718666077,0.1485999971628189,0.14920000731945038,0.1459999978542328,0.1451999992132187,0.14249999821186066,0.1459999978542328,0.14659999310970306,0.1460999995470047,0.1451999992132187,0.14560000598430634,0.1468999981880188,0.14429999887943268,0.1460999995470047,0.1469999998807907,0.14480000734329224,0.14159999787807465,0.15649999678134918,0.1454000025987625,0.15129999816417694,0.1500999927520752,0.1446000039577484,0.14229999482631683,0.1459999978542328,0.15770000219345093,0.14800000190734863,0.1500999927520752,0.14560000598430634,0.149399995803833,0.14910000562667847,0.148499995470047,0.14980000257492065,0.14090000092983246,0.14390000700950623,0.1467999964952469,0.15410000085830688,0.14239999651908875,0.14640000462532043,0.14110000431537628,0.14309999346733093,0.1444000005722046,0.14180000126361847,0.14419999718666077,0.14489999413490295,0.14830000698566437,0.14380000531673431,0.1412000060081482,0.14650000631809235,0.1404000073671341,0.14259999990463257,0.14550000429153442,0.1468999981880188,0.14509999752044678,0.14720000326633453,0.14749999344348907,0.1445000022649765,0.1371999979019165,0.1509000062942505,0.14429999887943268,0.16140000522136688,0.14300000667572021,0.14390000700950623,0.14579999446868896,0.15070000290870667,0.14640000462532043,0.1460999995470047,0.14190000295639038,0.1460999995470047,0.1453000009059906,0.14390000700950623,0.1445000022649765,0.1551000028848648,0.14390000700950623,0.14079999923706055,0.14319999516010284,0.147599995136261,0.14259999990463257,0.14139999449253082,0.14329999685287476,0.1437000036239624,0.14710000157356262,0.14399999380111694,0.14880000054836273,0.14159999787807465,0.14920000731945038,0.1428000032901764,0.14949999749660492,0.1444000005722046,0.14429999887943268,0.1467999964952469,0.1467999964952469,0.1446000039577484,0.14740000665187836,0.1492999941110611,0.14579999446868896,0.1485999971628189,0.14659999310970306,0.1445000022649765,0.1451999992132187,0.14319999516010284,0.14910000562667847,0.14730000495910645,0.1509000062942505,0.14429999887943268,0.14489999413490295,0.1467999964952469,0.1509000062942505,0.14740000665187836,0.14399999380111694,0.14219999313354492,0.15109999477863312,0.149399995803833,0.15649999678134918,0.1429000049829483,0.1492999941110611,0.1445000022649765,0.14339999854564667,0.1429000049829483,0.1429000049829483,0.14669999480247498,0.1606999933719635,0.14959999918937683,0.15029999613761902,0.14399999380111694,0.14300000667572021,0.1459999978542328,0.14589999616146088,0.14749999344348907,0.14419999718666077,0.14990000426769257,0.14399999380111694,0.1437000036239624,0.1445000022649765,0.15029999613761902,0.14669999480247498,0.14090000092983246,0.14810000360012054,0.14630000293254852,0.14560000598430634,0.14790000021457672,0.14169999957084656,0.13910000026226044,0.14869999885559082,0.14839999377727509,0.1420000046491623,0.1437000036239624,0.1476999968290329,0.14589999616146088,0.14800000190734863,0.1468999981880188,0.16830000281333923,0.1492999941110611,0.14560000598430634,0.14079999923706055,0.1459999978542328,0.1459999978542328,0.14480000734329224,0.15080000460147858,0.1396999955177307,0.15399999916553497,0.1446000039577484,0.15600000321865082,0.15330000221729279,0.1460999995470047,0.15199999511241913,0.14589999616146088,0.1421000063419342,0.14749999344348907,0.16680000722408295,0.14470000565052032,0.14800000190734863,0.1428000032901764,0.14329999685287476,0.14489999413490295,0.14339999854564667,0.1453000009059906,0.15970000624656677,0.1500999927520752,0.14949999749660492,0.15330000221729279,0.15049999952316284,0.1420000046491623,0.14309999346733093,0.14579999446868896,0.14309999346733093,0.14839999377727509,0.1492999941110611,0.1404999941587448,0.14339999854564667,0.1468999981880188,0.14409999549388885,0.14339999854564667,0.14350000023841858,0.1453000009059906,0.14589999616146088,0.14180000126361847,0.14069999754428864,0.14880000054836273,0.149399995803833,0.14020000398159027,0.14169999957084656,0.14730000495910645,0.14300000667572021,0.14980000257492065,0.14259999990463257,0.14030000567436218,0.148499995470047,0.14630000293254852,0.14249999821186066,0.1535000056028366,0.14470000565052032,0.14659999310970306,0.149399995803833,0.14380000531673431,0.14249999821186066,0.14419999718666077,0.1500999927520752,0.14650000631809235,0.1485999971628189,0.1421000063419342,0.14910000562667847,0.1460999995470047,0.1421000063419342,0.15970000624656677,0.14300000667572021,0.14149999618530273,0.1396999955177307,0.14839999377727509,0.14429999887943268,0.148499995470047,0.14309999346733093,0.14740000665187836,0.149399995803833,0.14650000631809235,0.15150000154972076,0.14429999887943268,0.1428000032901764,0.15160000324249268,0.1467999964952469,0.1623000055551529,0.15880000591278076,0.15320000052452087,0.14329999685287476,0.1477999985218048,0.15129999816417694,0.1437000036239624,0.14000000059604645,0.1462000012397766,0.14659999310970306,0.1460999995470047,0.14980000257492065,0.1420000046491623,0.1467999964952469,0.14640000462532043,0.14480000734329224,0.14579999446868896,0.14790000021457672,0.13750000298023224,0.1459999978542328,0.14740000665187836,0.1500999927520752,0.1459999978542328,0.1492999941110611,0.15309999883174896,0.14970000088214874,0.14259999990463257,0.1428000032901764,0.14669999480247498,0.14429999887943268,0.14309999346733093,0.14190000295639038,0.1412999927997589,0.14399999380111694,0.1518000066280365,0.1469999998807907,0.14820000529289246,0.15320000052452087,0.14219999313354492,0.14890000224113464,0.13940000534057617,0.15940000116825104,0.15039999783039093,0.14830000698566437,0.13760000467300415,0.15690000355243683,0.1453000009059906,0.14380000531673431,0.15199999511241913,0.1462000012397766,0.14659999310970306,0.1509999930858612,0.14749999344348907,0.15520000457763672,0.14219999313354492,0.14710000157356262,0.13979999721050262,0.1462000012397766,0.15060000121593475,0.14579999446868896,0.14259999990463257,0.14350000023841858,0.15080000460147858,0.14100000262260437,0.14659999310970306,0.14730000495910645,0.14970000088214874,0.1437000036239624,0.1451999992132187,0.14810000360012054,0.14300000667572021,0.1453000009059906,0.14249999821186066,0.15309999883174896,0.14730000495910645,0.14589999616146088,0.14239999651908875,0.14139999449253082,0.1460999995470047,0.14470000565052032,0.13819999992847443,0.15440000593662262,0.14630000293254852,0.1454000025987625,0.13779999315738678,0.1437000036239624,0.14810000360012054,0.1476999968290329,0.14259999990463257,0.1477999985218048,0.14790000021457672,0.1460999995470047,0.1460999995470047,0.1509999930858612,0.1467999964952469,0.14399999380111694,0.14249999821186066,0.14329999685287476,0.14419999718666077,0.14730000495910645,0.14180000126361847,0.15680000185966492,0.14229999482631683,0.14589999616146088,0.14390000700950623,0.14990000426769257,0.1476999968290329,0.147599995136261,0.1527000069618225,0.1476999968290329,0.14339999854564667,0.14339999854564667,0.14409999549388885,0.14489999413490295,0.14579999446868896,0.14869999885559082,0.1460999995470047,0.1467999964952469,0.14480000734329224,0.13420000672340393,0.14069999754428864,0.14350000023841858,0.1429000049829483,0.14650000631809235,0.14569999277591705,0.14429999887943268,0.15039999783039093,0.14970000088214874,0.1469999998807907,0.14390000700950623,0.14659999310970306,0.15279999375343323,0.1421000063419342,0.14419999718666077,0.14300000667572021,0.1446000039577484,0.1459999978542328,0.14139999449253082,0.14390000700950623,0.1428000032901764,0.14669999480247498,0.1462000012397766,0.1453000009059906,0.14640000462532043,0.14749999344348907,0.14339999854564667,0.14800000190734863,0.14630000293254852,0.14839999377727509,0.14509999752044678,0.14820000529289246,0.14740000665187836,0.14409999549388885,0.14319999516010284,0.1454000025987625,0.1445000022649765,0.1454000025987625,0.15039999783039093,0.1445000022649765,0.14249999821186066,0.147599995136261,0.14980000257492065,0.1404000073671341,0.15289999544620514,0.13689999282360077,0.15469999611377716,0.15000000596046448,0.14339999854564667,0.1421000063419342,0.14820000529289246,0.1429000049829483,0.1421000063419342,0.14419999718666077,0.13840000331401825,0.14710000157356262,0.14550000429153442,0.149399995803833,0.14380000531673431,0.14659999310970306,0.14259999990463257,0.14350000023841858,0.1500999927520752,0.14409999549388885,0.14560000598430634,0.14429999887943268,0.14219999313354492,0.1509999930858612,0.14139999449253082,0.1485999971628189,0.1404999941587448,0.14339999854564667,0.13840000331401825,0.14079999923706055,0.14329999685287476,0.1451999992132187,0.1615000069141388,0.14730000495910645,0.1412999927997589,0.1467999964952469,0.14550000429153442,0.14730000495910645,0.14820000529289246,0.14219999313354492,0.14010000228881836,0.1453000009059906,0.15919999778270721,0.14249999821186066,0.1436000019311905,0.1543000042438507,0.15070000290870667,0.14920000731945038,0.1468999981880188,0.14509999752044678,0.14399999380111694,0.14579999446868896,0.1467999964952469,0.14249999821186066,0.1509000062942505,0.15129999816417694,0.1404999941587448,0.15440000593662262,0.14980000257492065,0.14640000462532043,0.14749999344348907,0.1565999984741211,0.14949999749660492,0.1467999964952469,0.14429999887943268,0.1453000009059906,0.13899999856948853,0.14569999277591705,0.14509999752044678,0.15039999783039093,0.1386999934911728,0.15000000596046448,0.15189999341964722,0.14470000565052032,0.147599995136261,0.14339999854564667,0.13930000364780426,0.15000000596046448,0.14350000023841858,0.14720000326633453,0.14329999685287476,0.14569999277591705,0.14820000529289246,0.1388999968767166,0.1453000009059906,0.13920000195503235,0.14869999885559082,0.14659999310970306,0.14720000326633453,0.14830000698566437,0.14409999549388885,0.1624000072479248,0.14339999854564667,0.1420000046491623,0.15129999816417694,0.16329999268054962,0.14790000021457672,0.14810000360012054,0.14900000393390656,0.1453000009059906,0.14409999549388885,0.15109999477863312,0.1421000063419342,0.1429000049829483,0.147599995136261,0.1477999985218048,0.147599995136261,0.1396999955177307,0.14239999651908875,0.15289999544620514,0.14270000159740448,0.14659999310970306,0.15109999477863312,0.1485999971628189,0.14810000360012054,0.14219999313354492,0.14740000665187836,0.1468999981880188,0.14669999480247498,0.15710000693798065,0.14579999446868896,0.14990000426769257,0.149399995803833,0.14249999821186066,0.15049999952316284,0.14319999516010284,0.14810000360012054,0.14030000567436218,0.14169999957084656,0.1501999944448471,0.14110000431537628,0.14800000190734863,0.14910000562667847,0.14589999616146088,0.1509000062942505,0.14110000431537628,0.14749999344348907,0.14329999685287476,0.1492999941110611,0.1429000049829483,0.14579999446868896,0.14630000293254852,0.1500999927520752,0.1446000039577484,0.1445000022649765,0.14560000598430634,0.149399995803833,0.14329999685287476,0.14650000631809235,0.1412999927997589,0.14079999923706055,0.14560000598430634,0.14000000059604645,0.14159999787807465,0.14790000021457672,0.16619999706745148,0.14499999582767487,0.14890000224113464,0.15929999947547913,0.1421000063419342,0.1428000032901764,0.14110000431537628,0.14090000092983246,0.14249999821186066,0.1468999981880188,0.14669999480247498,0.15070000290870667,0.1469999998807907,0.14589999616146088,0.14159999787807465,0.14380000531673431,0.15119999647140503,0.1446000039577484,0.14499999582767487,0.13819999992847443,0.14569999277591705,0.14409999549388885,0.14589999616146088,0.1454000025987625,0.15330000221729279,0.13619999587535858,0.14480000734329224,0.14509999752044678,0.14560000598430634,0.14149999618530273,0.1459999978542328,0.14259999990463257,0.1527000069618225,0.1436000019311905,0.14560000598430634,0.1412999927997589,0.14589999616146088,0.1445000022649765,0.1477999985218048,0.1446000039577484,0.1437000036239624,0.14399999380111694,0.15029999613761902,0.14319999516010284,0.14489999413490295,0.14830000698566437,0.1437000036239624,0.14980000257492065,0.1454000025987625,0.14630000293254852,0.14980000257492065,0.1460999995470047,0.1387999951839447,0.1445000022649765,0.13950000703334808,0.1467999964952469,0.14229999482631683,0.14219999313354492,0.14000000059604645,0.14790000021457672,0.14380000531673431,0.14350000023841858,0.15029999613761902,0.14390000700950623,0.14350000023841858,0.15150000154972076,0.1428000032901764,0.13930000364780426,0.14429999887943268,0.14499999582767487,0.14589999616146088,0.14489999413490295,0.1467999964952469,0.1526000052690506,0.13940000534057617,0.14820000529289246,0.14550000429153442,0.1454000025987625,0.1429000049829483,0.14270000159740448,0.14509999752044678,0.14730000495910645,0.14239999651908875,0.14329999685287476,0.16189999878406525,0.14630000293254852,0.14579999446868896,0.15680000185966492,0.148499995470047,0.14249999821186066,0.13740000128746033,0.1454000025987625,0.14219999313354492,0.14090000092983246,0.14630000293254852,0.14270000159740448,0.15189999341964722,0.14319999516010284,0.15320000052452087,0.14579999446868896,0.1451999992132187,0.15209999680519104,0.15289999544620514,0.15060000121593475,0.14720000326633453,0.14869999885559082,0.14429999887943268,0.1462000012397766,0.14710000157356262,0.14139999449253082,0.14630000293254852,0.1476999968290329,0.14399999380111694,0.14640000462532043,0.14640000462532043,0.14499999582767487,0.14550000429153442,0.14180000126361847,0.1517000049352646,0.1445000022649765,0.14169999957084656,0.1525000035762787,0.1500999927520752,0.13950000703334808,0.14820000529289246,0.14419999718666077,0.14730000495910645,0.14980000257492065,0.15080000460147858,0.1379999965429306,0.14300000667572021,0.14169999957084656,0.14630000293254852,0.1509000062942505,0.14409999549388885,0.1445000022649765,0.14229999482631683,0.14190000295639038,0.14480000734329224,0.15150000154972076,0.14640000462532043,0.1436000019311905,0.14499999582767487,0.14710000157356262,0.14499999582767487,0.13729999959468842
0.45899999141693115,0.14749999344348907,0.14920000731945038,0.1429000049829483,0.1445000022649765,0.14399999380111694,0.14429999887943268,0.14499999582767487,0.1429000049829483,0.1396999955177307,0.14419999718666077,0.1404999941587448,0.1468999981880188,0.1454000025987625,0.1467999964952469,0.14839999377727509,0.1527000069618225,0.14560000598430634,0.14810000360012054,0.16140000522136688,0.14229999482631683,0.1404999941587448,0.14730000495910645,0.1453000009059906,0.14229999482631683,0.1429000049829483,0.14380000531673431,0.14790000021457672,0.1454000025987625,0.14589999616146088,0.14730000495910645,0.14900000393390656,0.13840000331401825,0.149399995803833,0.1500999927520752,0.1485999971628189,0.14669999480247498,0.1404000073671341,0.149399995803833,0.14219999313354492,0.1421000063419342,0.14100000262260437,0.15049999952316284,0.15780000388622284,0.1451999992132187,0.1476999968290329,0.14169999957084656,0.14880000054836273,0.1477999985218048,0.14910000562667847,0.1454000025987625,0.14239999651908875,0.1363999992609024,0.14329999685287476,0.14880000054836273,0.14569999277591705,0.14390000700950623,0.14470000565052032,0.1421000063419342,0.14350000023841858,0.1453000009059906,0.14669999480247498,0.14270000159740448,0.15189999341964722,0.14429999887943268,0.14169999957084656,0.14790000021457672,0.14560000598430634,0.14869999885559082,0.15139999985694885,0.15369999408721924,0.13910000026226044,0.14569999277591705,0.14419999718666077,0.14659999310970306,0.14720000326633453,0.14749999344348907,0.14749999344348907,0.15209999680519104,0.14830000698566437,0.1453000009059906,0.1460999995470047,0.14730000495910645,0.1517000049352646,0.14990000426769257,0.14650000631809235,0.148499995470047,0.14419999718666077,0.14239999651908875,0.147599995136261,0.14640000462532043,0.1492999941110611,0.14640000462532043,0.14499999582767487,0.14959999918937683,0.14740000665187836,0.14159999787807465,0.149399995803833,0.14720000326633453,0.14219999313354492,0.14659999310970306,0.14800000190734863,0.1396999955177307,0.14959999918937683,0.14110000431537628,0.1476999968290329,0.14429999887943268,0.14249999821186066,0.1362999975681305,0.14319999516010284,0.14239999651908875,0.1453000009059906,0.14079999923706055,0.14470000565052032,0.14640000462532043,0.14489999413490295,0.1518000066280365,0.14219999313354492,0.14550000429153442,0.1509000062942505,0.14309999346733093,0.14149999618530273,0.13979999721050262,0.1446000039577484,0.1477999985218048,0.14990000426769257,0.15129999816417694,0.14650000631809235,0.1436000019311905,0.14270000159740448,0.14489999413490295,0.14499999582767487,0.13830000162124634,0.14079999923706055,0.14959999918937683,0.14010000228881836,0.15379999577999115,0.15150000154972076,0.15049999952316284,0.14139999449253082,0.14650000631809235,0.1436000019311905,0.15070000290870667,0.147599995136261,0.14169999957084656,0.14020000398159027,0.14489999413490295,0.1492999941110611,0.14669999480247498,0.14560000598430634,0.13740000128746033,0.15080000460147858,0.14949999749660492,0.15299999713897705,0.1460999995470047,0.14169999957084656,0.15129999816417694,0.14569999277591705,0.14100000262260437,0.14589999616146088,0.1518000066280365,0.14499999582767487,0.14239999651908875,0.14190000295639038,0.14669999480247498,0.14030000567436218,0.14959999918937683,0.14079999923706055,0.15039999783039093,0.14839999377727509,0.14489999413490295,0.14589999616146088,0.14079999923706055,0.14820000529289246,0.14970000088214874,0.14900000393390656,0.14059999585151672,0.1446000039577484,0.14110000431537628,0.13950000703334808,0.14920000731945038,0.14139999449253082,0.1370999962091446,0.14869999885559082,0.14249999821186066,0.15649999678134918,0.14839999377727509,0.14949999749660492,0.13989999890327454,0.14720000326633453,0.14749999344348907,0.14830000698566437,0.15070000290870667,0.14800000190734863,0.14399999380111694,0.1421000063419342,0.14319999516010284,0.1534000039100647,0.14990000426769257,0.14259999990463257,0.1386999934911728,0.14970000088214874,0.14650000631809235,0.14079999923706055,0.14270000159740448,0.1445000022649765,0.14399999380111694,0.14970000088214874,0.14730000495910645,0.1460999995470047,0.149399995803833,0.14839999377727509,0.14399999380111694,0.1462000012397766,0.147599995136261,0.147599995136261,0.14300000667572021,0.1485999971628189,0.14399999380111694,0.1459999978542328,0.1429000049829483,0.14630000293254852,0.14409999549388885,0.14429999887943268,0.14880000054836273,0.1437000036239624,0.14710000157356262,0.1468999981880188,0.1412000060081482,0.14790000021457672,0.15109999477863312,0.1459999978542328,0.14980000257492065,0.1501999944448471,0.14000000059604645,0.14249999821186066,0.14409999549388885,0.1460999995470047,0.14489999413490295,0.14390000700950623,0.147599995136261,0.14399999380111694,0.14339999854564667,0.13950000703334808,0.14270000159740448,0.14409999549388885,0.1437000036239624,0.14399999380111694,0.14429999887943268,0.14309999346733093,0.14239999651908875,0.14470000565052032,0.14229999482631683,0.14380000531673431,0.14020000398159027,0.14000000059604645,0.15119999647140503,0.14990000426769257,0.15150000154972076,0.15049999952316284,0.1459999978542328,0.14790000021457672,0.1469999998807907,0.14329999685287476,0.1467999964952469,0.1467999964952469,0.14579999446868896,0.14550000429153442,0.14710000157356262,0.14550000429153442,0.1429000049829483,0.14350000023841858,0.1446000039577484,0.14309999346733093,0.15360000729560852,0.14350000023841858,0.14839999377727509,0.13689999282360077,0.14270000159740448,0.1444000005722046,0.1459999978542328,0.14249999821186066,0.1460999995470047,0.1379999965429306,0.14159999787807465,0.14329999685287476,0.14470000565052032,0.14669999480247498,0.14470000565052032,0.14409999549388885,0.1460999995470047,0.14569999277591705,0.1476999968290329,0.1477999985218048,0.1492999941110611,0.1477999985218048,0.147599995136261,0.1444000005722046,0.14900000393390656,0.15039999783039093,0.1429000049829483,0.13850000500679016,0.14830000698566437,0.1462000012397766,0.14579999446868896,0.1454000025987625,0.1574999988079071,0.14309999346733093,0.14429999887943268,0.1428000032901764,0.1420000046491623,0.15950000286102295,0.14499999582767487,0.1581999957561493,0.14810000360012054,0.1387999951839447,0.14669999480247498,0.1460999995470047,0.14249999821186066,0.14949999749660492,0.14890000224113464,0.15000000596046448,0.14489999413490295,0.14630000293254852,0.14509999752044678,0.148499995470047,0.13809999823570251,0.1453000009059906,0.13940000534057617,0.13689999282360077,0.1462000012397766,0.14309999346733093,0.149399995803833,0.14820000529289246,0.14249999821186066,0.15060000121593475,0.1460999995470047,0.1437000036239624,0.1437000036239624,0.15060000121593475,0.14489999413490295,0.13840000331401825,0.1468999981880188,0.13950000703334808,0.1518000066280365,0.14059999585151672,0.14920000731945038,0.1421000063419342,0.14669999480247498,0.14800000190734863,0.1485999971628189,0.14810000360012054,0.1460999995470047,0.15639999508857727,0.13920000195503235,0.14980000257492065,0.15479999780654907,0.14100000262260437,0.1527000069618225,0.14890000224113464,0.14589999616146088,0.1363999992609024,0.14509999752044678,0.1451999992132187,0.14219999313354492,0.1597999930381775,0.1412000060081482,0.16869999468326569,0.1451999992132187,0.19110000133514404,0.1859000027179718,0.1809999942779541,0.1453000009059906,0.14380000531673431,0.17339999973773956,0.14499999582767487,0.14650000631809235,0.1851000040769577,0.15649999678134918,0.14740000665187836,0.17990000545978546,0.16949999332427979,0.21220000088214874,0.14890000224113464,0.14710000157356262,0.1446000039577484,0.14079999923706055,0.17139999568462372,0.14249999821186066,0.1777999997138977,0.2168000042438507,0.15060000121593475,0.14730000495910645,0.13910000026226044,0.16869999468326569,0.14000000059604645,0.2003999948501587,0.14030000567436218,0.1476999968290329,0.149399995803833,0.1460999995470047,0.147599995136261,0.14720000326633453,0.15469999611377716,0.16910000145435333,0.1445000022649765,0.14159999787807465,0.13850000500679016,0.14139999449253082,0.18880000710487366,0.1704999953508377,0.16220000386238098,0.18860000371932983,0.1736000031232834,0.16830000281333923,0.13680000603199005,0.14300000667572021,0.14880000054836273,0.14730000495910645,0.1695999950170517,0.14259999990463257,0.14509999752044678,0.15119999647140503,0.1429000049829483,0.1590999960899353,0.14480000734329224,0.14830000698566437,0.19949999451637268,0.1492999941110611,0.1695999950170517,0.14710000157356262,0.15029999613761902,0.14489999413490295,0.14390000700950623,0.14390000700950623,0.14000000059604645,0.14329999685287476,0.1543000042438507,0.149399995803833,0.147599995136261,0.14219999313354492,0.15489999949932098,0.14319999516010284,0.1428000032901764,0.15039999783039093,0.15440000593662262,0.15209999680519104,0.14790000021457672,0.13840000331401825,0.14300000667572021,0.14100000262260437,0.14319999516010284,0.14419999718666077,0.15770000219345093,0.14820000529289246,0.16699999570846558,0.1492999941110611,0.1598999947309494,0.16580000519752502,0.17149999737739563,0.14730000495910645,0.15049999952316284,0.16269999742507935,0.13689999282360077,0.1468999981880188,0.15760000050067902,0.17059999704360962,0.14339999854564667,0.15000000596046448,0.1451999992132187,0.14489999413490295,0.148499995470047,0.14110000431537628,0.14300000667572021,0.14910000562667847,0.14749999344348907,0.14270000159740448,0.14550000429153442,0.1746000051498413,0.1468999981880188,0.16940000653266907,0.14659999310970306,0.14659999310970306,0.14000000059604645,0.14669999480247498,0.14880000054836273,0.14429999887943268,0.1421000063419342,0.1469999998807907,0.1420000046491623,0.1412999927997589,0.16940000653266907,0.14659999310970306,0.1477999985218048,0.1736000031232834,0.15729999542236328,0.14869999885559082,0.14229999482631683,0.14419999718666077,0.1451999992132187,0.1453000009059906,0.1395999938249588,0.1476999968290329,0.14560000598430634,0.15970000624656677,0.14730000495910645,0.13660000264644623,0.1469999998807907,0.14869999885559082,0.14309999346733093,0.14030000567436218,0.1396999955177307,0.1420000046491623,0.1436000019311905,0.1459999978542328,0.14550000429153442,0.16899999976158142,0.1574999988079071,0.14509999752044678,0.14659999310970306,0.1492999941110611,0.14380000531673431,0.14839999377727509,0.14329999685287476,0.148499995470047,0.14219999313354492,0.17249999940395355,0.14920000731945038,0.1436000019311905,0.1421000063419342,0.14910000562667847,0.14149999618530273,0.13590000569820404,0.1453000009059906,0.14059999585151672,0.1454000025987625,0.14380000531673431,0.14499999582767487,0.14429999887943268,0.14309999346733093,0.14419999718666077,0.13830000162124634,0.14509999752044678,0.16689999401569366,0.14790000021457672,0.14319999516010284,0.14380000531673431,0.1615000069141388,0.1453000009059906,0.15209999680519104,0.1500999927520752,0.14390000700950623,0.1574999988079071,0.14640000462532043,0.14710000157356262,0.1421000063419342,0.14949999749660492,0.14569999277591705,0.13950000703334808,0.14300000667572021,0.14100000262260437,0.1460999995470047,0.14329999685287476,0.1467999964952469,0.14890000224113464,0.16840000450611115,0.14339999854564667,0.14910000562667847,0.15230000019073486,0.1728000044822693,0.14900000393390656,0.17139999568462372,0.16060000658035278,0.19210000336170197,0.14350000023841858,0.15600000321865082,0.15649999678134918,0.1485999971628189,0.15070000290870667,0.14890000224113464,0.1476999968290329,0.15000000596046448,0.15369999408721924,0.14219999313354492,0.1468999981880188,0.1453000009059906,0.15629999339580536,0.13989999890327454,0.14880000054836273,0.14820000529289246,0.14069999754428864,0.1868000030517578,0.1673000007867813,0.13830000162124634,0.14509999752044678,0.149399995803833,0.1737000048160553,0.1768999993801117,0.14810000360012054,0.15559999644756317,0.15309999883174896,0.14730000495910645,0.14800000190734863,0.14560000598430634,0.14270000159740448,0.1451999992132187,0.14139999449253082,0.14270000159740448,0.15240000188350677,0.14180000126361847,0.14079999923706055,0.18279999494552612,0.1680999994277954,0.14020000398159027,0.17509999871253967,0.1445000022649765,0.14409999549388885,0.14190000295639038,0.1445000022649765,0.14810000360012054,0.15729999542236328,0.16750000417232513,0.147599995136261,0.147599995136261,0.14390000700950623,0.1501999944448471,0.14100000262260437,0.15839999914169312,0.15940000116825104,0.1468999981880188,0.149399995803833,0.14030000567436218,0.19679999351501465,0.14990000426769257,0.1429000049829483,0.1420000046491623,0.14090000092983246,0.14749999344348907,0.14630000293254852,0.14589999616146088,0.14339999854564667,0.15569999814033508,0.14740000665187836,0.16949999332427979,0.16300000250339508,0.16380000114440918,0.15919999778270721,0.1468999981880188,0.13920000195503235,0.16359999775886536,0.16689999401569366,0.1527000069618225,0.14480000734329224,0.16169999539852142,0.14659999310970306,0.14419999718666077,0.14640000462532043,0.1421000063419342,0.14180000126361847,0.1462000012397766,0.14259999990463257,0.15379999577999115,0.14350000023841858,0.14810000360012054,0.1873999983072281,0.1517000049352646,0.14869999885559082,0.14249999821186066,0.1462000012397766,0.15150000154972076,0.15449999272823334,0.1387999951839447,0.1550000011920929,0.14030000567436218,0.1412000060081482,0.1444000005722046,0.14959999918937683,0.13830000162124634,0.14219999313354492,0.14249999821186066,0.15129999816417694,0.14329999685287476,0.1459999978542328,0.14339999854564667,0.1454000025987625,0.1460999995470047,0.17219999432563782,0.1444000005722046,0.13750000298023224,0.14710000157356262,0.14890000224113464,0.14970000088214874,0.14910000562667847,0.14380000531673431,0.14730000495910645,0.1396999955177307,0.14339999854564667,0.14219999313354492,0.15559999644756317,0.1462000012397766,0.13779999315738678,0.14710000157356262,0.14409999549388885,0.149399995803833,0.14159999787807465,0.1468999981880188,0.14669999480247498,0.15880000591278076,0.1460999995470047,0.1518000066280365,0.14800000190734863,0.14839999377727509,0.14669999480247498,0.14149999618530273,0.1363999992609024,0.1453000009059906,0.1437000036239624,0.14509999752044678,0.14820000529289246,0.15240000188350677,0.17260000109672546,0.1492999941110611,0.14139999449253082,0.17759999632835388,0.14560000598430634,0.16840000450611115,0.1386999934911728,0.14910000562667847,0.1451999992132187,0.14820000529289246,0.14329999685287476,0.1500999927520752,0.15000000596046448,0.1462000012397766,0.14399999380111694,0.14589999616146088,0.16179999709129333,0.17159999907016754,0.14380000531673431,0.14810000360012054,0.1454000025987625,0.14309999346733093,0.14399999380111694,0.14509999752044678,0.14300000667572021,0.14910000562667847,0.17509999871253967,0.1444000005722046,0.14910000562667847,0.1500999927520752,0.13910000026226044,0.14710000157356262,0.14470000565052032,0.14569999277591705,0.14470000565052032,0.1436000019311905,0.14409999549388885,0.14990000426769257,0.14820000529289246,0.16949999332427979,0.1404999941587448,0.14229999482631683,0.14030000567436218,0.1462000012397766,0.13459999859333038,0.14249999821186066,0.14900000393390656,0.1542000025510788,0.14980000257492065,0.1469999998807907,0.14399999380111694,0.14640000462532043,0.1412999927997589,0.14169999957084656,0.1386999934911728,0.1412999927997589,0.1429000049829483,0.14669999480247498,0.1404000073671341,0.14159999787807465,0.14640000462532043,0.14329999685287476,0.14949999749660492,0.14419999718666077,0.1559000015258789,0.15000000596046448,0.15569999814033508,0.14319999516010284,0.1446000039577484,0.1745000034570694,0.15620000660419464,0.14380000531673431,0.14419999718666077,0.14219999313354492,0.14880000054836273,0.1445000022649765,0.1517000049352646,0.1388999968767166,0.14810000360012054,0.14489999413490295,0.14110000431537628,0.1420000046491623,0.1404999941587448,0.14110000431537628,0.14839999377727509,0.14339999854564667,0.14560000598430634,0.14830000698566437,0.1492999941110611,0.14309999346733093,0.1436000019311905,0.1459999978542328,0.1459999978542328,0.14720000326633453,0.14190000295639038,0.14169999957084656,0.14409999549388885,0.14489999413490295,0.14630000293254852,0.14569999277591705,0.14350000023841858,0.1526000052690506,0.13899999856948853,0.14730000495910645,0.15549999475479126,0.13689999282360077,0.1453000009059906,0.14640000462532043,0.1485999971628189,0.14350000023841858,0.1421000063419342,0.14720000326633453,0.14630000293254852,0.1459999978542328,0.14949999749660492,0.14790000021457672,0.1477999985218048,0.13699999451637268,0.13580000400543213,0.14900000393390656,0.14390000700950623,0.14429999887943268,0.14390000700950623,0.14499999582767487,0.14059999585151672,0.1445000022649765,0.13910000026226044,0.14489999413490295,0.1370999962091446,0.14090000092983246,0.1412999927997589,0.15520000457763672,0.15549999475479126,0.16169999539852142,0.14270000159740448,0.14409999549388885,0.14079999923706055,0.14720000326633453,0.17470000684261322,0.15219999849796295,0.14579999446868896,0.14839999377727509,0.14579999446868896,0.14820000529289246,0.14180000126361847,0.14399999380111694,0.14219999313354492,0.14650000631809235,0.14380000531673431,0.14409999549388885,0.14720000326633453,0.1420000046491623,0.15889999270439148,0.14399999380111694,0.1543000042438507,0.1454000025987625,0.14720000326633453,0.14810000360012054,0.1459999978542328,0.14920000731945038,0.1446000039577484,0.14650000631809235,0.1500999927520752,0.14810000360012054,0.1462000012397766,0.14429999887943268,0.14489999413490295,0.14399999380111694,0.14959999918937683,0.14910000562667847,0.1445000022649765,0.14970000088214874,0.14579999446868896,0.1444000005722046,0.1436000019311905,0.1451999992132187,0.14920000731945038,0.1462000012397766,0.14020000398159027,0.14650000631809235,0.1509999930858612,0.14720000326633453,0.1428000032901764,0.14249999821186066,0.14139999449253082,0.14190000295639038,0.14720000326633453,0.14560000598430634,0.14030000567436218,0.14059999585151672,0.1428000032901764,0.14669999480247498,0.14239999651908875,0.13899999856948853,0.14839999377727509,0.14300000667572021,0.1462000012397766,0.1451999992132187,0.14920000731945038,0.164000004529953,0.14309999346733093,0.1468999981880188,0.14390000700950623,0.1444000005722046,0.14669999480247498,0.1428000032901764,0.15160000324249268,0.1468999981880188,0.14059999585151672,0.14409999549388885,0.14470000565052032,0.14079999923706055,0.14959999918937683,0.14790000021457672,0.14499999582767487,0.1459999978542328,0.14190000295639038,0.14249999821186066,0.14110000431537628,0.15080000460147858,0.1534000039100647,0.14720000326633453,0.1437000036239624,0.14569999277591705,0.14820000529289246,0.1428000032901764,0.14790000021457672,0.14959999918937683,0.14730000495910645,0.15039999783039093,0.14169999957084656,0.15080000460147858,0.14380000531673431,0.14059999585151672,0.13740000128746033,0.14399999380111694,0.14149999618530273,0.1436000019311905,0.14339999854564667,0.14560000598430634,0.14720000326633453,0.14270000159740448,0.1404000073671341,0.14730000495910645,0.15049999952316284,0.14219999313354492,0.15139999985694885,0.1429000049829483,0.14730000495910645,0.13189999759197235,0.14669999480247498,0.14790000021457672,0.1421000063419342,0.14149999618530273,0.13609999418258667,0.15690000355243683,0.14820000529289246,0.1468999981880188,0.14800000190734863,0.14509999752044678,0.1467999964952469,0.147599995136261,0.14579999446868896,0.14800000190734863,0.14790000021457672,0.1429000049829483,0.16120000183582306,0.1469999998807907,0.14489999413490295,0.14509999752044678,0.148499995470047,0.14640000462532043,0.14169999957084656,0.14139999449253082,0.14259999990463257,0.1460999995470047,0.14630000293254852,0.14669999480247498,0.1379999965429306,0.1446000039577484,0.15489999949932098,0.1428000032901764,0.14669999480247498,0.147599995136261,0.14810000360012054,0.14839999377727509,0.14579999446868896,0.14429999887943268,0.1446000039577484,0.14640000462532043,0.14319999516010284,0.14489999413490295,0.14900000393390656,0.14300000667572021,0.14229999482631683,0.14399999380111694,0.14249999821186066,0.14249999821186066,0.15080000460147858,0.14309999346733093,0.1467999964952469,0.1469999998807907,0.14390000700950623,0.14429999887943268,0.14669999480247498,0.14509999752044678,0.14900000393390656,0.148499995470047,0.1469999998807907,0.14589999616146088,0.1428000032901764,0.14659999310970306,0.14900000393390656,0.15839999914169312,0.14579999446868896,0.16660000383853912,0.1551000028848648,0.1492999941110611,0.1476999968290329,0.14910000562667847,0.14169999957084656,0.14790000021457672,0.14229999482631683,0.14409999549388885,0.15189999341964722,0.14270000159740448,0.1460999995470047,0.1469999998807907,0.13809999823570251,0.1445000022649765,0.147599995136261,0.14740000665187836,0.14079999923706055,0.1468999981880188,0.14390000700950623,0.1446000039577484,0.14309999346733093,0.1468999981880188,0.1429000049829483,0.1469999998807907,0.14390000700950623,0.1459999978542328,0.14419999718666077,0.1467999964952469,0.1460999995470047,0.1459999978542328,0.14830000698566437,0.14640000462532043,0.14669999480247498,0.14740000665187836,0.14560000598430634,0.14350000023841858,0.1451999992132187,0.1460999995470047,0.14499999582767487,0.1459999978542328,0.14270000159740448,0.15489999949932098,0.14499999582767487,0.1551000028848648,0.15639999508857727,0.1404000073671341,0.14810000360012054,0.14640000462532043,0.1437000036239624,0.14730000495910645,0.1371999979019165,0.1436000019311905,0.1468999981880188,0.14380000531673431,0.15240000188350677,0.14640000462532043,0.14350000023841858,0.1459999978542328,0.14730000495910645,0.14110000431537628,0.1386999934911728,0.1485999971628189,0.1459999978542328,0.14489999413490295,0.14339999854564667,0.1436000019311905,0.15029999613761902,0.14579999446868896,0.14550000429153442,0.14229999482631683,0.14869999885559082,0.16769999265670776,0.1459999978542328,0.1378999948501587,0.14390000700950623,0.15000000596046448,0.14499999582767487,0.14640000462532043,0.17409999668598175,0.14229999482631683,0.14560000598430634,0.15729999542236328,0.1396999955177307,0.1420000046491623,0.1476999968290329,0.1460999995470047,0.14079999923706055,0.1462000012397766,0.14920000731945038,0.14229999482631683,0.1485999971628189,0.14650000631809235,0.14429999887943268,0.14810000360012054,0.14910000562667847,0.14499999582767487,0.1451999992132187,0.14740000665187836,0.14730000495910645,0.14030000567436218,0.1485999971628189,0.1451999992132187,0.14659999310970306,0.14190000295639038,0.14869999885559082,0.14350000023841858,0.14869999885559082,0.14710000157356262,0.15790000557899475,0.14730000495910645,0.15690000355243683,0.14659999310970306,0.14180000126361847,0.15289999544620514,0.15780000388622284,0.15049999952316284,0.14569999277591705,0.14730000495910645,0.14300000667572021,0.1527000069618225,0.1404000073671341,0.14720000326633453,0.14839999377727509,0.15029999613761902,0.14640000462532043,0.1460999995470047,0.148499995470047,0.14339999854564667,0.14920000731945038,0.14149999618530273,0.14720000326633453,0.1451999992132187,0.14659999310970306,0.14480000734329224,0.1526000052690506,0.14399999380111694,0.14079999923706055,0.1469999998807907,0.14560000598430634,0.1386999934911728,0.15389999747276306,0.15479999780654907,0.14010000228881836,0.14470000565052032,0.14059999585151672,0.14730000495910645,0.14669999480247498,0.1460999995470047,0.14169999957084656,0.14990000426769257,0.14300000667572021,0.14589999616146088,0.1534000039100647,0.1446000039577484,0.15060000121593475,0.14409999549388885,0.14339999854564667,0.14219999313354492,0.1518000066280365,0.14630000293254852,0.1446000039577484,0.15449999272823334,0.13689999282360077,0.14399999380111694,0.1459999978542328,0.14419999718666077,0.14429999887943268,0.14800000190734863,0.14910000562667847,0.14730000495910645,0.14429999887943268,0.14659999310970306,0.1395999938249588,0.1404000073671341,0.1451999992132187,0.14830000698566437,0.13899999856948853,0.15000000596046448,0.14980000257492065,0.15119999647140503,0.14569999277591705,0.14509999752044678,0.14149999618530273,0.149399995803833,0.1451999992132187,0.14350000023841858,0.14300000667572021,0.14470000565052032,0.14059999585151672,0.14180000126361847,0.14309999346733093,0.14579999446868896,0.14010000228881836,0.14149999618530273,0.14900000393390656,0.14959999918937683,0.1454000025987625,0.1444000005722046,0.13910000026226044,0.14560000598430634,0.13910000026226044,0.14740000665187836,0.14579999446868896,0.14589999616146088,0.14839999377727509,0.1445000022649765,0.14640000462532043,0.14380000531673431,0.14470000565052032,0.14990000426769257,0.14970000088214874,0.15320000052452087,0.14309999346733093,0.14239999651908875,0.14239999651908875,0.14740000665187836,0.1388999968767166,0.1492999941110611,0.1451999992132187,0.15199999511241913,0.14640000462532043,0.14499999582767487,0.1460999995470047,0.14880000054836273,0.1446000039577484,0.14409999549388885,0.14300000667572021,0.15240000188350677,0.14270000159740448,0.15139999985694885,0.14139999449253082,0.1370999962091446,0.14669999480247498,0.14419999718666077,0.1437000036239624,0.1445000022649765,0.14329999685287476,0.14880000054836273,0.1420000046491623,0.1469999998807907,0.14509999752044678,0.1436000019311905,0.14550000429153442,0.1454000025987625,0.14499999582767487,0.14810000360012054,0.14399999380111694,0.14010000228881836,0.14159999787807465,0.15029999613761902,0.14710000157356262,0.15150000154972076,0.14259999990463257,0.14159999787807465,0.1460999995470047,0.14149999618530273,0.14399999380111694,0.14749999344348907,0.13950000703334808,0.14409999549388885,0.14910000562667847,0.13570000231266022,0.14229999482631683,0.14409999549388885,0.14720000326633453,0.14820000529289246,0.1492999941110611,0.14560000598430634,0.14740000665187836,0.14350000023841858,0.16019999980926514,0.14830000698566437,0.1517000049352646,0.14980000257492065,0.14419999718666077,0.14839999377727509,0.1526000052690506,0.14219999313354492,0.1469999998807907,0.1467999964952469,0.14640000462532043,0.14509999752044678,0.14390000700950623,0.14399999380111694,0.14949999749660492,0.15569999814033508,0.1509999930858612,0.1517000049352646,0.14509999752044678,0.1459999978542328,0.16500000655651093,0.14489999413490295,0.14730000495910645,0.14169999957084656,0.14810000360012054,0.14339999854564667,0.14380000531673431,0.14499999582767487,0.15049999952316284,0.14390000700950623,0.14489999413490295,0.14800000190734863,0.14810000360012054,0.14550000429153442,0.14880000054836273,0.1467999964952469,0.14110000431537628,0.1454000025987625,0.1428000032901764,0.14390000700950623,0.14239999651908875,0.14489999413490295,0.163100004196167,0.14720000326633453,0.14350000023841858,0.1500999927520752,0.14169999957084656,0.14399999380111694,0.14319999516010284,0.14110000431537628,0.14880000054836273,0.1428000032901764,0.1485999971628189,0.14190000295639038,0.14869999885559082,0.14839999377727509,0.14970000088214874,0.1445000022649765,0.14839999377727509,0.1445000022649765,0.1445000022649765,0.14499999582767487,0.1526000052690506,0.14480000734329224,0.14659999310970306,0.13910000026226044,0.14949999749660492,0.1485999971628189,0.14900000393390656,0.13899999856948853,0.14319999516010284,0.14560000598430634,0.14990000426769257,0.14219999313354492,0.14659999310970306,0.14429999887943268,0.1445000022649765,0.1453000009059906,0.14480000734329224,0.14630000293254852,0.14710000157356262,0.1535000056028366,0.148499995470047,0.1421000063419342,0.14650000631809235,0.14560000598430634,0.14589999616146088,0.14910000562667847,0.14339999854564667,0.14470000565052032,0.1451999992132187,0.14470000565052032,0.14740000665187836,0.14659999310970306,0.1469999998807907,0.14270000159740448,0.14489999413490295,0.14489999413490295,0.14749999344348907,0.1469999998807907,0.13910000026226044,0.14350000023841858,0.14980000257492065,0.14959999918937683,0.14180000126361847,0.147599995136261,0.14380000531673431,0.14740000665187836,0.15070000290870667,0.1445000022649765,0.147599995136261,0.149399995803833,0.14139999449253082,0.15000000596046448,0.1454000025987625,0.1454000025987625,0.14920000731945038,0.14319999516010284,0.14190000295639038,0.1379999965429306,0.1468999981880188,0.14059999585151672,0.14470000565052032,0.14830000698566437,0.14890000224113464,0.14190000295639038,0.14219999313354492,0.14380000531673431,0.14409999549388885,0.14790000021457672,0.14720000326633453,0.14830000698566437,0.14880000054836273,0.1469999998807907,0.14740000665187836,0.1451999992132187,0.14710000157356262,0.14419999718666077,0.14499999582767487,0.1469999998807907,0.14790000021457672,0.14900000393390656,0.14409999549388885,0.149399995803833,0.13989999890327454,0.14139999449253082,0.1467999964952469,0.14959999918937683,0.15049999952316284,0.1428000032901764,0.1467999964952469,0.1606999933719635,0.14509999752044678,0.14249999821186066,0.1421000063419342,0.14790000021457672,0.13779999315738678,0.1451999992132187,0.14710000157356262,0.1421000063419342,0.1387999951839447,0.15610000491142273,0.14740000665187836,0.1492999941110611,0.1501999944448471,0.14429999887943268,0.14339999854564667,0.14730000495910645,0.15160000324249268,0.1421000063419342,0.148499995470047,0.14810000360012054,0.14229999482631683,0.147599995136261,0.14380000531673431,0.14270000159740448,0.1467999964952469,0.14949999749660492,0.14249999821186066,0.14550000429153442,0.1429000049829483,0.1370999962091446,0.14249999821186066,0.1412999927997589,0.148499995470047,0.1429000049829483,0.14020000398159027,0.14350000023841858,0.14900000393390656,0.14489999413490295,0.14910000562667847,0.1459999978542328,0.14489999413490295,0.14630000293254852,0.14499999582767487,0.148499995470047,0.14249999821186066,0.14429999887943268,0.14300000667572021,0.14079999923706055,0.14270000159740448,0.1501999944448471,0.14669999480247498,0.1477999985218048,0.14380000531673431,0.14259999990463257,0.15960000455379486,0.14499999582767487,0.14569999277591705,0.1404999941587448,0.1387999951839447,0.1460999995470047,0.1476999968290329,0.14319999516010284,0.14110000431537628,0.14419999718666077,0.14550000429153442,0.14219999313354492,0.14169999957084656,0.14419999718666077,0.14219999313354492,0.1451999992132187,0.14920000731945038,0.1445000022649765,0.14740000665187836,0.15559999644756317,0.16040000319480896,0.1428000032901764,0.14880000054836273,0.15060000121593475,0.1615999937057495,0.15850000083446503,0.14820000529289246,0.14239999651908875,0.14640000462532043,0.1500999927520752,0.14069999754428864,0.1412999927997589,0.14270000159740448,0.149399995803833,0.1485999971628189,0.1477999985218048,0.14470000565052032,0.14550000429153442,0.14419999718666077,0.1467999964952469,0.14149999618530273,0.14949999749660492,0.1404000073671341,0.1444000005722046,0.14830000698566437,0.1477999985218048,0.1412000060081482,0.1517000049352646,0.1462000012397766,0.14219999313354492,0.14139999449253082,0.14069999754428864,0.14149999618530273,0.14990000426769257,0.14740000665187836,0.14190000295639038,0.14579999446868896,0.14270000159740448,0.14110000431537628,0.14910000562667847,0.1412000060081482,0.15039999783039093,0.14300000667572021,0.1445000022649765,0.14000000059604645,0.16300000250339508,0.1477999985218048,0.14079999923706055,0.14380000531673431,0.15719999372959137,0.13899999856948853,0.14480000734329224,0.1485999971628189,0.14579999446868896,0.14390000700950623,0.14630000293254852,0.1453000009059906,0.1590999960899353,0.14640000462532043,0.14380000531673431,0.14569999277591705,0.14900000393390656,0.15080000460147858,0.13570000231266022,0.14710000157356262,0.1453000009059906,0.1469999998807907,0.1436000019311905,0.14830000698566437,0.14630000293254852,0.15800000727176666,0.1459999978542328,0.14409999549388885,0.1453000009059906,0.14800000190734863,0.14669999480247498,0.14550000429153442,0.14800000190734863,0.14499999582767487,0.14300000667572021,0.14720000326633453,0.1371999979019165,0.14980000257492065,0.1468999981880188,0.14030000567436218,0.15299999713897705,0.14990000426769257,0.14329999685287476,0.14190000295639038,0.1451999992132187,0.14300000667572021,0.14239999651908875,0.1467999964952469,0.14319999516010284,0.14830000698566437,0.14350000023841858,0.1477999985218048,0.14560000598430634,0.14800000190734863,0.14180000126361847,0.1459999978542328,0.14749999344348907,0.1468999981880188,0.14419999718666077,0.13920000195503235,0.15489999949932098,0.14740000665187836,0.15029999613761902,0.14319999516010284,0.14480000734329224,0.14869999885559082,0.14800000190734863,0.147599995136261,0.15039999783039093,0.1446000039577484,0.1476999968290329,0.14159999787807465,0.1476999968290329,0.14259999990463257,0.1445000022649765,0.14810000360012054,0.1404000073671341,0.14300000667572021,0.14589999616146088,0.14390000700950623,0.1436000019311905,0.14030000567436218,0.1451999992132187,0.1525000035762787,0.14090000092983246,0.149399995803833,0.16200000047683716,0.1459999978542328,0.14429999887943268,0.14229999482631683,0.14990000426769257,0.14749999344348907,0.14659999310970306,0.14820000529289246,0.14180000126361847,0.14669999480247498,0.1469999998807907,0.14869999885559082,0.14350000023841858,0.1517000049352646,0.15039999783039093,0.14900000393390656,0.15029999613761902,0.15459999442100525,0.15129999816417694,0.14740000665187836,0.14949999749660492,0.14710000157356262,0.1509999930858612,0.14730000495910645,0.1459999978542328,0.14429999887943268,0.14259999990463257,0.1412000060081482,0.1453000009059906,0.14329999685287476,0.14339999854564667,0.14589999616146088,0.14239999651908875,0.1421000063419342,0.14800000190734863,0.14329999685287476,0.14839999377727509,0.13860000669956207,0.14839999377727509,0.1437000036239624,0.14669999480247498,0.14300000667572021,0.1451999992132187,0.1429000049829483,0.14589999616146088,0.14579999446868896,0.14190000295639038,0.13910000026226044,0.14800000190734863,0.1437000036239624,0.14399999380111694,0.149399995803833,0.14839999377727509,0.14480000734329224,0.15299999713897705,0.1485999971628189,0.1396999955177307,0.1459999978542328,0.14100000262260437,0.15320000052452087,0.1445000022649765,0.15109999477863312,0.14300000667572021,0.14640000462532043,0.1420000046491623,0.14180000126361847,0.14650000631809235,0.14229999482631683,0.1598999947309494,0.1453000009059906,0.1436000019311905,0.14249999821186066,0.1477999985218048,0.1485999971628189,0.1468999981880188,0.14569999277591705,0.1429000049829483,0.14300000667572021,0.1469999998807907,0.1446000039577484,0.14319999516010284,0.14630000293254852,0.15139999985694885,0.14749999344348907,0.14489999413490295,0.14390000700950623,0.15080000460147858,0.13950000703334808,0.15399999916553497,0.1445000022649765,0.14980000257492065,0.1485999971628189,0.14509999752044678,0.1476999968290329,0.1509000062942505,0.14659999310970306,0.14429999887943268,0.13899999856948853,0.1525000035762787,0.14589999616146088,0.1467999964952469,0.14730000495910645,0.13819999992847443,0.1451999992132187,0.14740000665187836,0.1462000012397766,0.14159999787807465,0.1429000049829483,0.1509000062942505,0.14419999718666077,0.14869999885559082,0.13689999282360077,0.14159999787807465,0.14869999885559082,0.14390000700950623,0.14800000190734863,0.147599995136261,0.1446000039577484,0.1445000022649765,0.15289999544620514,0.14259999990463257,0.14569999277591705,0.1445000022649765,0.14720000326633453,0.15279999375343323,0.1446000039577484,0.15150000154972076,0.149399995803833,0.1565999984741211,0.14149999618530273,0.1468999981880188,0.16419999301433563,0.1454000025987625,0.13760000467300415,0.14980000257492065,0.14710000157356262,0.1436000019311905,0.15109999477863312,0.1509999930858612,0.1462000012397766,0.1462000012397766,0.15039999783039093,0.1420000046491623,0.14339999854564667,0.14300000667572021,0.15060000121593475,0.149399995803833,0.15389999747276306,0.1534000039100647,0.149399995803833,0.1460999995470047,0.1436000019311905,0.14880000054836273,0.1412999927997589,0.1469999998807907,0.14429999887943268,0.14550000429153442,0.1468999981880188,0.15049999952316284,0.13850000500679016,0.15139999985694885,0.1518000066280365,0.15070000290870667,0.14579999446868896,0.14270000159740448,0.14659999310970306,0.13830000162124634,0.1454000025987625,0.14319999516010284,0.14650000631809235,0.14949999749660492,0.14839999377727509,0.1451999992132187,0.14090000092983246,0.1518000066280365,0.1445000022649765,0.1451999992132187,0.13899999856948853,0.14900000393390656,0.14190000295639038,0.1428000032901764,0.14229999482631683,0.1501999944448471,0.14710000157356262,0.14569999277591705,0.1444000005722046,0.14100000262260437,0.14810000360012054,0.15129999816417694,0.14339999854564667,0.14589999616146088,0.1485999971628189,0.15109999477863312,0.14090000092983246,0.17470000684261322,0.14499999582767487,0.14489999413490295,0.14249999821186066,0.1460999995470047,0.1469999998807907,0.14959999918937683,0.1527000069618225,0.1453000009059906,0.14900000393390656,0.14810000360012054,0.1468999981880188,0.14399999380111694,0.14749999344348907,0.1467999964952469,0.14839999377727509,0.14180000126361847,0.1468999981880188,0.14190000295639038,0.14659999310970306,0.1429000049829483,0.1451999992132187,0.14419999718666077,0.1501999944448471,0.14990000426769257,0.14659999310970306,0.1453000009059906,0.13940000534057617,0.14589999616146088,0.15150000154972076,0.14429999887943268,0.14319999516010284,0.1404000073671341,0.14640000462532043,0.14640000462532043,0.14390000700950623,0.14000000059604645,0.14880000054836273,0.1477999985218048,0.14740000665187836,0.14339999854564667,0.14880000054836273,0.14659999310970306,0.1444000005722046,0.15189999341964722,0.14239999651908875,0.1445000022649765,0.14810000360012054,0.14499999582767487,0.14419999718666077,0.15000000596046448,0.14259999990463257,0.1467999964952469,0.14380000531673431,0.14550000429153442,0.13850000500679016,0.14149999618530273,0.14630000293254852,0.1437000036239624,0.1467999964952469,0.13989999890327454,0.1468999981880188,0.1543000042438507,0.14419999718666077,0.14300000667572021,0.14480000734329224,0.14489999413490295,0.1453000009059906,0.1459999978542328,0.149399995803833,0.14790000021457672,0.14669999480247498,0.1429000049829483,0.14550000429153442,0.1518000066280365,0.1509000062942505,0.1500999927520752,0.1527000069618225,0.1476999968290329,0.14069999754428864,0.14509999752044678,0.14920000731945038,0.14329999685287476,0.14249999821186066,0.14329999685287476,0.15060000121593475,0.14020000398159027,0.13740000128746033,0.14869999885559082,0.1437000036239624,0.13779999315738678,0.15309999883174896,0.15049999952316284,0.14499999582767487,0.1420000046491623,0.15309999883174896,0.1469999998807907,0.14480000734329224,0.14720000326633453,0.15070000290870667,0.14659999310970306,0.14139999449253082,0.15240000188350677,0.14339999854564667,0.1460999995470047,0.14900000393390656,0.14569999277591705,0.15209999680519104,0.1444000005722046,0.1436000019311905,0.14730000495910645,0.14959999918937683,0.14259999990463257,0.14380000531673431,0.14259999990463257,0.1436000019311905,0.147599995136261,0.14890000224113464,0.1451999992132187,0.14920000731945038,0.1468999981880188,0.14949999749660492,0.1404999941587448,0.1459999978542328,0.15060000121593475,0.14839999377727509,0.14100000262260437,0.1469999998807907,0.14190000295639038,0.14669999480247498,0.14810000360012054,0.14059999585151672,0.14079999923706055,0.1445000022649765,0.14239999651908875,0.14589999616146088,0.14910000562667847,0.14380000531673431,0.1404999941587448,0.14169999957084656,0.14329999685287476,0.1467999964952469,0.1446000039577484
0.07930000126361847,0.08160000294446945,0.08160000294446945,0.07999999821186066,0.07810000330209732,0.07639999687671661,0.0794999971985817,0.07530000060796738,0.07660000026226044,0.07569999992847443,0.07989999651908875,0.08139999955892563,0.07800000160932541,0.07779999822378159,0.07810000330209732,0.08150000125169754,0.08049999922513962,0.08089999854564667,0.0812000036239624,0.08009999990463257,0.07890000194311142,0.07779999822378159,0.08030000329017639,0.07829999923706055,0.07900000363588333,0.08070000261068344,0.07829999923706055,0.07810000330209732,0.07880000025033951,0.07880000025033951,0.0812000036239624,0.08510000258684158,0.07320000231266022,0.08240000158548355,0.08510000258684158,0.07779999822378159,0.0786999985575676,0.0794999971985817,0.08129999786615372,0.07519999891519547,0.07569999992847443,0.07509999722242355,0.08139999955892563,0.07729999721050262,0.07840000092983246,0.07940000295639038,0.0771000012755394,0.08089999854564667,0.07850000262260437,0.07930000126361847,0.08009999990463257,0.07649999856948853,0.07329999655485153,0.07739999890327454,0.07670000195503235,0.07680000364780426,0.07829999923706055,0.0763000026345253,0.07840000092983246,0.07729999721050262,0.08030000329017639,0.08229999989271164,0.07609999924898148,0.08330000191926956,0.07919999957084656,0.07769999653100967,0.08169999718666077,0.08150000125169754,0.07729999721050262,0.08190000057220459,0.08020000159740448,0.07699999958276749,0.08169999718666077,0.07599999755620956,0.07779999822378159,0.07850000262260437,0.08540000021457672,0.07989999651908875,0.08250000327825546,0.08340000361204147,0.07919999957084656,0.08190000057220459,0.07819999754428864,0.08399999886751175,0.08020000159740448,0.07989999651908875,0.08449999988079071,0.0794999971985817,0.07919999957084656,0.0794999971985817,0.07660000026226044,0.0803999975323677,0.07859999686479568,0.07599999755620956,0.08290000259876251,0.07769999653100967,0.0771000012755394,0.0803999975323677,0.07819999754428864,0.08399999886751175,0.07850000262260437,0.07980000227689743,0.07569999992847443,0.08169999718666077,0.07649999856948853,0.0803999975323677,0.08250000327825546,0.07779999822378159,0.07519999891519547,0.08079999685287476,0.07829999923706055,0.07689999788999557,0.0778999999165535,0.07810000330209732,0.08060000091791153,0.07609999924898148,0.08229999989271164,0.07639999687671661,0.0763000026345253,0.08240000158548355,0.07720000296831131,0.07649999856948853,0.0729999989271164,0.07909999787807465,0.07649999856948853,0.08089999854564667,0.08179999887943268,0.07930000126361847,0.08089999854564667,0.07680000364780426,0.0754999965429306,0.07609999924898148,0.07919999957084656,0.0754999965429306,0.0820000022649765,0.0778999999165535,0.08299999684095383,0.08219999819993973,0.08209999650716782,0.07410000264644623,0.08110000193119049,0.07580000162124634,0.08060000091791153,0.08179999887943268,0.07559999823570251,0.07720000296831131,0.07919999957084656,0.08250000327825546,0.07880000025033951,0.07989999651908875,0.07410000264644623,0.08240000158548355,0.08309999853372574,0.08129999786615372,0.08049999922513962,0.07739999890327454,0.07989999651908875,0.07850000262260437,0.07670000195503235,0.07400000095367432,0.08070000261068344,0.07959999889135361,0.07769999653100967,0.07530000060796738,0.07909999787807465,0.07779999822378159,0.07940000295639038,0.07649999856948853,0.07919999957084656,0.0820000022649765,0.07800000160932541,0.07810000330209732,0.07490000128746033,0.0771000012755394,0.08009999990463257,0.07680000364780426,0.07800000160932541,0.07840000092983246,0.08030000329017639,0.07729999721050262,0.07999999821186066,0.07419999688863754,0.07670000195503235,0.0771000012755394,0.0794999971985817,0.08460000157356262,0.08179999887943268,0.08060000091791153,0.07599999755620956,0.07500000298023224,0.08209999650716782,0.07739999890327454,0.08190000057220459,0.08309999853372574,0.07909999787807465,0.07580000162124634,0.07509999722242355,0.07500000298023224,0.08089999854564667,0.07599999755620956,0.07270000129938126,0.08219999819993973,0.07970000058412552,0.07450000196695328,0.07689999788999557,0.07999999821186066,0.07590000331401825,0.08160000294446945,0.0812000036239624,0.08150000125169754,0.0778999999165535,0.07819999754428864,0.07930000126361847,0.0794999971985817,0.08049999922513962,0.08420000225305557,0.07859999686479568,0.08020000159740448,0.08219999819993973,0.07800000160932541,0.07609999924898148,0.07800000160932541,0.07680000364780426,0.07890000194311142,0.08349999785423279,0.07779999822378159,0.07859999686479568,0.07720000296831131,0.07490000128746033,0.0794999971985817,0.0812000036239624,0.08160000294446945,0.07720000296831131,0.08009999990463257,0.07800000160932541,0.07559999823570251,0.0771000012755394,0.07680000364780426,0.0786999985575676,0.08009999990463257,0.07840000092983246,0.07729999721050262,0.08079999685287476,0.0771000012755394,0.07829999923706055,0.07959999889135361,0.07989999651908875,0.0794999971985817,0.07959999889135361,0.07779999822378159,0.07959999889135361,0.08160000294446945,0.08009999990463257,0.07500000298023224,0.07419999688863754,0.07599999755620956,0.0828000009059906,0.08009999990463257,0.07660000026226044,0.07890000194311142,0.07699999958276749,0.07900000363588333,0.08449999988079071,0.07729999721050262,0.07819999754428864,0.07689999788999557,0.07959999889135361,0.07940000295639038,0.07810000330209732,0.07649999856948853,0.07419999688863754,0.07729999721050262,0.0786999985575676,0.07620000094175339,0.08579999953508377,0.07840000092983246,0.08259999752044678,0.07270000129938126,0.07959999889135361,0.07880000025033951,0.08129999786615372,0.07639999687671661,0.07699999958276749,0.07810000330209732,0.07509999722242355,0.07810000330209732,0.08169999718666077,0.07999999821186066,0.08020000159740448,0.07919999957084656,0.07919999957084656,0.07689999788999557,0.08079999685287476,0.07859999686479568,0.07930000126361847,0.07850000262260437,0.07900000363588333,0.07779999822378159,0.08079999685287476,0.08190000057220459,0.07940000295639038,0.07720000296831131,0.07909999787807465,0.08380000293254852,0.08009999990463257,0.0786999985575676,0.07999999821186066,0.07850000262260437,0.07859999686479568,0.07689999788999557,0.07720000296831131,0.08160000294446945,0.07540000230073929,0.08209999650716782,0.08079999685287476,0.07779999822378159,0.0771000012755394,0.08049999922513962,0.08049999922513962,0.07930000126361847,0.08269999921321869,0.07940000295639038,0.07720000296831131,0.08110000193119049,0.07810000330209732,0.07959999889135361,0.0729999989271164,0.08060000091791153,0.07509999722242355,0.07270000129938126,0.07750000059604645,0.07999999821186066,0.08330000191926956,0.07739999890327454,0.07850000262260437,0.08009999990463257,0.08020000159740448,0.07890000194311142,0.0778999999165535,0.07890000194311142,0.07670000195503235,0.0722000002861023,0.08229999989271164,0.07519999891519547,0.08479999750852585,0.08169999718666077,0.08309999853372574,0.08110000193119049,0.07769999653100967,0.07530000060796738,0.08290000259876251,0.08299999684095383,0.07980000227689743,0.08100000023841858,0.07509999722242355,0.07980000227689743,0.08229999989271164,0.07779999822378159,0.08009999990463257,0.07609999924898148,0.07959999889135361,0.07270000129938126,0.07729999721050262,0.07890000194311142,0.07689999788999557,0.08060000091791153,0.07890000194311142,0.07620000094175339,0.07890000194311142,0.07930000126361847,0.08209999650716782,0.07840000092983246,0.07689999788999557,0.0778999999165535,0.07859999686479568,0.08009999990463257,0.07819999754428864,0.0892999991774559,0.07720000296831131,0.07649999856948853,0.0812000036239624,0.07699999958276749,0.08190000057220459,0.08150000125169754,0.0828000009059906,0.0778999999165535,0.07800000160932541,0.07769999653100967,0.07739999890327454,0.08290000259876251,0.08100000023841858,0.0771000012755394,0.08190000057220459,0.07649999856948853,0.07930000126361847,0.0754999965429306,0.08020000159740448,0.07890000194311142,0.07540000230073929,0.08060000091791153,0.07999999821186066,0.07930000126361847,0.0803999975323677,0.08449999988079071,0.07739999890327454,0.07810000330209732,0.07609999924898148,0.07509999722242355,0.07999999821186066,0.07800000160932541,0.07519999891519547,0.08269999921321869,0.07590000331401825,0.07930000126361847,0.07689999788999557,0.0714000016450882,0.07760000228881836,0.08309999853372574,0.07919999957084656,0.07540000230073929,0.0737999975681305,0.07909999787807465,0.08429999649524689,0.07609999924898148,0.08209999650716782,0.07559999823570251,0.07699999958276749,0.08020000159740448,0.07919999957084656,0.07970000058412552,0.08240000158548355,0.07890000194311142,0.07850000262260437,0.07940000295639038,0.07800000160932541,0.07460000365972519,0.07509999722242355,0.08640000224113464,0.07890000194311142,0.08030000329017639,0.0763000026345253,0.07609999924898148,0.07649999856948853,0.07649999856948853,0.0835999995470047,0.07590000331401825,0.07959999889135361,0.07980000227689743,0.07249999791383743,0.07840000092983246,0.07639999687671661,0.0812000036239624,0.07980000227689743,0.07919999957084656,0.08030000329017639,0.07829999923706055,0.08009999990463257,0.08389999717473984,0.07639999687671661,0.07959999889135361,0.08320000022649765,0.08269999921321869,0.08179999887943268,0.07639999687671661,0.07750000059604645,0.0778999999165535,0.07800000160932541,0.07859999686479568,0.08169999718666077,0.0803999975323677,0.08160000294446945,0.08370000123977661,0.07760000228881836,0.0754999965429306,0.0778999999165535,0.08030000329017639,0.08250000327825546,0.0786999985575676,0.0851999968290329,0.08269999921321869,0.07540000230073929,0.07989999651908875,0.08070000261068344,0.07440000027418137,0.07900000363588333,0.08420000225305557,0.0771000012755394,0.07509999722242355,0.08060000091791153,0.07859999686479568,0.07800000160932541,0.0803999975323677,0.08020000159740448,0.08089999854564667,0.07819999754428864,0.0771000012755394,0.08259999752044678,0.07769999653100967,0.0771000012755394,0.07559999823570251,0.08030000329017639,0.07850000262260437,0.07930000126361847,0.08079999685287476,0.07989999651908875,0.08009999990463257,0.07180000096559525,0.07639999687671661,0.08240000158548355,0.07970000058412552,0.07599999755620956,0.07729999721050262,0.07739999890327454,0.0778999999165535,0.0794999971985817,0.08330000191926956,0.07590000331401825,0.07739999890327454,0.08190000057220459,0.08009999990463257,0.08089999854564667,0.07909999787807465,0.08169999718666077,0.07800000160932541,0.08380000293254852,0.07569999992847443,0.08079999685287476,0.07850000262260437,0.08190000057220459,0.0763000026345253,0.07829999923706055,0.07569999992847443,0.07419999688863754,0.08160000294446945,0.07739999890327454,0.07980000227689743,0.07720000296831131,0.07440000027418137,0.0786999985575676,0.0778999999165535,0.0786999985575676,0.07670000195503235,0.08190000057220459,0.07689999788999557,0.08110000193119049,0.07479999959468842,0.07919999957084656,0.07970000058412552,0.08179999887943268,0.08139999955892563,0.08129999786615372,0.07819999754428864,0.07559999823570251,0.07900000363588333,0.0794999971985817,0.07959999889135361,0.08100000023841858,0.07819999754428864,0.07519999891519547,0.07819999754428864,0.0786999985575676,0.0812000036239624,0.07900000363588333,0.07930000126361847,0.08049999922513962,0.07590000331401825,0.07779999822378159,0.0828000009059906,0.0828000009059906,0.07980000227689743,0.08209999650716782,0.07580000162124634,0.07880000025033951,0.07859999686479568,0.07479999959468842,0.07930000126361847,0.07559999823570251,0.08209999650716782,0.07410000264644623,0.08070000261068344,0.07829999923706055,0.08049999922513962,0.08550000190734863,0.07800000160932541,0.0778999999165535,0.07769999653100967,0.07800000160932541,0.0746999979019165,0.07159999758005142,0.08100000023841858,0.07880000025033951,0.07930000126361847,0.0754999965429306,0.07429999858140945,0.07829999923706055,0.07919999957084656,0.0843999981880188,0.08219999819993973,0.07959999889135361,0.08110000193119049,0.07779999822378159,0.07959999889135361,0.07970000058412552,0.07940000295639038,0.07919999957084656,0.08049999922513962,0.07660000026226044,0.07530000060796738,0.08420000225305557,0.07670000195503235,0.07959999889135361,0.07639999687671661,0.08190000057220459,0.07280000299215317,0.07689999788999557,0.07559999823570251,0.08049999922513962,0.0737999975681305,0.0820000022649765,0.0812000036239624,0.0754999965429306,0.07620000094175339,0.08079999685287476,0.0794999971985817,0.07859999686479568,0.08009999990463257,0.0722000002861023,0.08060000091791153,0.08330000191926956,0.07670000195503235,0.08299999684095383,0.07819999754428864,0.07729999721050262,0.07970000058412552,0.0794999971985817,0.07649999856948853,0.07569999992847443,0.07660000026226044,0.07769999653100967,0.07680000364780426,0.07959999889135361,0.08060000091791153,0.0803999975323677,0.07530000060796738,0.07909999787807465,0.0835999995470047,0.08100000023841858,0.08020000159740448,0.07720000296831131,0.0812000036239624,0.0835999995470047,0.07660000026226044,0.07800000160932541,0.08060000091791153,0.08380000293254852,0.07999999821186066,0.07970000058412552,0.07490000128746033,0.07620000094175339,0.07689999788999557,0.07750000059604645,0.07750000059604645,0.07769999653100967,0.08089999854564667,0.0812000036239624,0.08410000056028366,0.07720000296831131,0.07829999923706055,0.0812000036239624,0.0843999981880188,0.0754999965429306,0.07699999958276749,0.07900000363588333,0.07609999924898148,0.07859999686479568,0.07909999787807465,0.08209999650716782,0.0763000026345253,0.07720000296831131,0.07460000365972519,0.08089999854564667,0.07900000363588333,0.08009999990463257,0.0738999992609024,0.07620000094175339,0.07660000026226044,0.08100000023841858,0.07959999889135361,0.07559999823570251,0.0778999999165535,0.0794999971985817,0.07779999822378159,0.08139999955892563,0.07810000330209732,0.08139999955892563,0.07840000092983246,0.07509999722242355,0.07569999992847443,0.07859999686479568,0.07840000092983246,0.08089999854564667,0.07590000331401825,0.07880000025033951,0.0843999981880188,0.07729999721050262,0.08020000159740448,0.08190000057220459,0.07729999721050262,0.07729999721050262,0.08049999922513962,0.07840000092983246,0.08049999922513962,0.08209999650716782,0.0729999989271164,0.07440000027418137,0.07699999958276749,0.07810000330209732,0.07810000330209732,0.0771000012755394,0.08139999955892563,0.07829999923706055,0.08049999922513962,0.07609999924898148,0.07840000092983246,0.07829999923706055,0.0794999971985817,0.07199999690055847,0.08110000193119049,0.0820000022649765,0.0794999971985817,0.07729999721050262,0.07699999958276749,0.08100000023841858,0.0778999999165535,0.07959999889135361,0.08089999854564667,0.08160000294446945,0.07890000194311142,0.08049999922513962,0.0794999971985817,0.07880000025033951,0.07540000230073929,0.07689999788999557,0.08240000158548355,0.07680000364780426,0.08489999920129776,0.07930000126361847,0.0812000036239624,0.08060000091791153,0.08259999752044678,0.0729999989271164,0.08110000193119049,0.0778999999165535,0.07339999824762344,0.08410000056028366,0.07829999923706055,0.07930000126361847,0.08380000293254852,0.07680000364780426,0.07750000059604645,0.07810000330209732,0.07649999856948853,0.07599999755620956,0.0820000022649765,0.07479999959468842,0.07660000026226044,0.08399999886751175,0.07750000059604645,0.08070000261068344,0.07620000094175339,0.0722000002861023,0.07989999651908875,0.07699999958276749,0.07580000162124634,0.07680000364780426,0.07729999721050262,0.08129999786615372,0.07959999889135361,0.07599999755620956,0.0778999999165535,0.07890000194311142,0.07769999653100967,0.08240000158548355,0.07989999651908875,0.07989999651908875,0.08089999854564667,0.07940000295639038,0.0763000026345253,0.0746999979019165,0.0763000026345253,0.07919999957084656,0.0778999999165535,0.08070000261068344,0.07419999688863754,0.08190000057220459,0.07980000227689743,0.08020000159740448,0.07810000330209732,0.07649999856948853,0.08240000158548355,0.07760000228881836,0.07729999721050262,0.07810000330209732,0.07750000059604645,0.08240000158548355,0.0794999971985817,0.07660000026226044,0.0803999975323677,0.07930000126361847,0.07810000330209732,0.07760000228881836,0.08030000329017639,0.08330000191926956,0.07909999787807465,0.07930000126361847,0.07940000295639038,0.07739999890327454,0.08150000125169754,0.07919999957084656,0.07980000227689743,0.07750000059604645,0.07569999992847443,0.07729999721050262,0.0820000022649765,0.07639999687671661,0.07169999927282333,0.07919999957084656,0.07999999821186066,0.0794999971985817,0.07739999890327454,0.07959999889135361,0.07850000262260437,0.07980000227689743,0.07620000094175339,0.0812000036239624,0.07930000126361847,0.08060000091791153,0.07460000365972519,0.0706000030040741,0.07930000126361847,0.07779999822378159,0.08290000259876251,0.07450000196695328,0.0820000022649765,0.07720000296831131,0.08190000057220459,0.07729999721050262,0.08250000327825546,0.07199999690055847,0.0771000012755394,0.07720000296831131,0.07680000364780426,0.07569999992847443,0.08020000159740448,0.07819999754428864,0.07750000059604645,0.07930000126361847,0.0803999975323677,0.07940000295639038,0.08560000360012054,0.07819999754428864,0.08190000057220459,0.08219999819993973,0.07850000262260437,0.07999999821186066,0.07890000194311142,0.07639999687671661,0.07720000296831131,0.07760000228881836,0.07989999651908875,0.08110000193119049,0.07639999687671661,0.07890000194311142,0.07919999957084656,0.07500000298023224,0.07540000230073929,0.0778999999165535,0.07940000295639038,0.08009999990463257,0.08100000023841858,0.07760000228881836,0.08470000326633453,0.08389999717473984,0.08209999650716782,0.07919999957084656,0.08240000158548355,0.0820000022649765,0.0812000036239624,0.08190000057220459,0.08259999752044678,0.07720000296831131,0.07959999889135361,0.0778999999165535,0.07639999687671661,0.07970000058412552,0.07940000295639038,0.07919999957084656,0.07980000227689743,0.07580000162124634,0.07810000330209732,0.08349999785423279,0.07779999822378159,0.07980000227689743,0.07769999653100967,0.07609999924898148,0.07810000330209732,0.08139999955892563,0.07660000026226044,0.07620000094175339,0.07670000195503235,0.07660000026226044,0.0786999985575676,0.07760000228881836,0.07800000160932541,0.08259999752044678,0.0778999999165535,0.07639999687671661,0.08139999955892563,0.07810000330209732,0.08240000158548355,0.07490000128746033,0.08020000159740448,0.0771000012755394,0.07769999653100967,0.07479999959468842,0.07819999754428864,0.08389999717473984,0.08009999990463257,0.07289999723434448,0.08160000294446945,0.07999999821186066,0.07460000365972519,0.07959999889135361,0.08079999685287476,0.07980000227689743,0.08139999955892563,0.07599999755620956,0.07729999721050262,0.07670000195503235,0.07980000227689743,0.08089999854564667,0.07810000330209732,0.07760000228881836,0.08139999955892563,0.08370000123977661,0.07940000295639038,0.07970000058412552,0.08079999685287476,0.08290000259876251,0.07919999957084656,0.0729999989271164,0.08429999649524689,0.07689999788999557,0.07999999821186066,0.07819999754428864,0.07750000059604645,0.07519999891519547,0.08030000329017639,0.07779999822378159,0.08060000091791153,0.08240000158548355,0.07590000331401825,0.07509999722242355,0.07660000026226044,0.08020000159740448,0.07490000128746033,0.08060000091791153,0.07729999721050262,0.08209999650716782,0.0731000006198883,0.08020000159740448,0.07689999788999557,0.08020000159740448,0.07909999787807465,0.07289999723434448,0.08229999989271164,0.07649999856948853,0.07699999958276749,0.07840000092983246,0.07919999957084656,0.08179999887943268,0.0812000036239624,0.07670000195503235,0.07739999890327454,0.07970000058412552,0.08309999853372574,0.08129999786615372,0.07779999822378159,0.07720000296831131,0.08089999854564667,0.08129999786615372,0.07989999651908875,0.07410000264644623,0.07590000331401825,0.07819999754428864,0.08089999854564667,0.0786999985575676,0.07890000194311142,0.07450000196695328,0.07769999653100967,0.07930000126361847,0.07660000026226044,0.08150000125169754,0.07739999890327454,0.07970000058412552,0.0820000022649765,0.07479999959468842,0.07829999923706055,0.08020000159740448,0.07850000262260437,0.07970000058412552,0.07779999822378159,0.07989999651908875,0.07559999823570251,0.07559999823570251,0.07739999890327454,0.07760000228881836,0.07339999824762344,0.08240000158548355,0.07689999788999557,0.07989999651908875,0.07779999822378159,0.07540000230073929,0.07819999754428864,0.07930000126361847,0.07590000331401825,0.08150000125169754,0.07880000025033951,0.08420000225305557,0.07490000128746033,0.07800000160932541,0.07980000227689743,0.07959999889135361,0.08049999922513962,0.07750000059604645,0.08190000057220459,0.07840000092983246,0.08110000193119049,0.0786999985575676,0.08429999649524689,0.07699999958276749,0.08110000193119049,0.07739999890327454,0.07750000059604645,0.08529999852180481,0.08129999786615372,0.07819999754428864,0.0763000026345253,0.07850000262260437,0.0786999985575676,0.07840000092983246,0.08139999955892563,0.08020000159740448,0.07880000025033951,0.07620000094175339,0.07699999958276749,0.07729999721050262,0.07859999686479568,0.07660000026226044,0.07999999821186066,0.08079999685287476,0.0812000036239624,0.0771000012755394,0.0794999971985817,0.08129999786615372,0.07530000060796738,0.07940000295639038,0.0794999971985817,0.07959999889135361,0.08410000056028366,0.07919999957084656,0.07769999653100967,0.0794999971985817,0.07999999821186066,0.07739999890327454,0.07959999889135361,0.07689999788999557,0.08209999650716782,0.07699999958276749,0.08709999918937683,0.08449999988079071,0.08150000125169754,0.08079999685287476,0.07959999889135361,0.07940000295639038,0.08100000023841858,0.07419999688863754,0.0820000022649765,0.07980000227689743,0.07930000126361847,0.08320000022649765,0.07829999923706055,0.0803999975323677,0.07800000160932541,0.07769999653100967,0.07670000195503235,0.07590000331401825,0.0803999975323677,0.07769999653100967,0.07760000228881836,0.08079999685287476,0.0812000036239624,0.08420000225305557,0.08049999922513962,0.07859999686479568,0.07599999755620956,0.08060000091791153,0.07450000196695328,0.07689999788999557,0.07370000332593918,0.07940000295639038,0.08129999786615372,0.07739999890327454,0.07900000363588333,0.08309999853372574,0.07599999755620956,0.07890000194311142,0.08089999854564667,0.07500000298023224,0.08110000193119049,0.0812000036239624,0.07739999890327454,0.07649999856948853,0.07989999651908875,0.08089999854564667,0.07840000092983246,0.07850000262260437,0.07859999686479568,0.08070000261068344,0.08299999684095383,0.0820000022649765,0.07750000059604645,0.07609999924898148,0.07829999923706055,0.07519999891519547,0.07360000163316727,0.08150000125169754,0.07840000092983246,0.07959999889135361,0.07460000365972519,0.07760000228881836,0.07750000059604645,0.08129999786615372,0.08129999786615372,0.08590000122785568,0.08089999854564667,0.0771000012755394,0.07850000262260437,0.07880000025033951,0.08579999953508377,0.0771000012755394,0.08009999990463257,0.07660000026226044,0.08240000158548355,0.0738999992609024,0.08060000091791153,0.07999999821186066,0.08269999921321869,0.08079999685287476,0.08250000327825546,0.08190000057220459,0.08309999853372574,0.08269999921321869,0.0746999979019165,0.08489999920129776,0.07880000025033951,0.07980000227689743,0.07890000194311142,0.07689999788999557,0.07699999958276749,0.08460000157356262,0.07900000363588333,0.07900000363588333,0.08150000125169754,0.07540000230073929,0.07980000227689743,0.0771000012755394,0.08479999750852585,0.07959999889135361,0.07829999923706055,0.07670000195503235,0.0737999975681305,0.08479999750852585,0.0812000036239624,0.07320000231266022,0.08529999852180481,0.07810000330209732,0.08070000261068344,0.08070000261068344,0.08150000125169754,0.07680000364780426,0.08250000327825546,0.07829999923706055,0.07970000058412552,0.08389999717473984,0.08169999718666077,0.07980000227689743,0.08529999852180481,0.07479999959468842,0.08070000261068344,0.07500000298023224,0.07660000026226044,0.07590000331401825,0.07840000092983246,0.08160000294446945,0.0786999985575676,0.08330000191926956,0.0754999965429306,0.07360000163316727,0.08139999955892563,0.08089999854564667,0.0843999981880188,0.0754999965429306,0.07850000262260437,0.08139999955892563,0.08219999819993973,0.07989999651908875,0.08079999685287476,0.07739999890327454,0.0843999981880188,0.08240000158548355,0.07639999687671661,0.07890000194311142,0.0828000009059906,0.07819999754428864,0.07419999688863754,0.07609999924898148,0.08240000158548355,0.07720000296831131,0.07670000195503235,0.08070000261068344,0.08259999752044678,0.07769999653100967,0.07490000128746033,0.07779999822378159,0.07800000160932541,0.07930000126361847,0.08150000125169754,0.07599999755620956,0.07769999653100967,0.08020000159740448,0.07639999687671661,0.07930000126361847,0.07739999890327454,0.07980000227689743,0.08229999989271164,0.07989999651908875,0.07999999821186066,0.07859999686479568,0.07580000162124634,0.07769999653100967,0.08269999921321869,0.0778999999165535,0.08150000125169754,0.08160000294446945,0.08259999752044678,0.0803999975323677,0.07410000264644623,0.08030000329017639,0.0812000036239624,0.08179999887943268,0.07800000160932541,0.08139999955892563,0.08030000329017639,0.07670000195503235,0.08470000326633453,0.07840000092983246,0.07519999891519547,0.07840000092983246,0.07919999957084656,0.07919999957084656,0.07959999889135361,0.07699999958276749,0.08429999649524689,0.07800000160932541,0.08150000125169754,0.07919999957084656,0.07720000296831131,0.07569999992847443,0.07559999823570251,0.07819999754428864,0.08020000159740448,0.07840000092983246,0.07760000228881836,0.07320000231266022,0.08290000259876251,0.07859999686479568,0.08060000091791153,0.07859999686479568,0.07599999755620956,0.08009999990463257,0.07509999722242355,0.07890000194311142,0.08049999922513962,0.07609999924898148,0.0794999971985817,0.08110000193119049,0.07500000298023224,0.07779999822378159,0.07670000195503235,0.07750000059604645,0.08129999786615372,0.0771000012755394,0.07940000295639038,0.08070000261068344,0.08070000261068344,0.07810000330209732,0.08479999750852585,0.07970000058412552,0.0786999985575676,0.07840000092983246,0.07829999923706055,0.08529999852180481,0.07670000195503235,0.07760000228881836,0.0754999965429306,0.08470000326633453,0.07859999686479568,0.08190000057220459,0.0754999965429306,0.08070000261068344,0.07769999653100967,0.0812000036239624,0.08309999853372574,0.07660000026226044,0.0778999999165535,0.08449999988079071,0.07859999686479568,0.08259999752044678,0.07400000095367432,0.07819999754428864,0.07989999651908875,0.08020000159740448,0.07599999755620956,0.0778999999165535,0.07819999754428864,0.07400000095367432,0.07970000058412552,0.07880000025033951,0.08089999854564667,0.08089999854564667,0.08169999718666077,0.0803999975323677,0.07429999858140945,0.07819999754428864,0.07569999992847443,0.07810000330209732,0.0786999985575676,0.08100000023841858,0.07970000058412552,0.07919999957084656,0.08129999786615372,0.07800000160932541,0.07680000364780426,0.07930000126361847,0.07989999651908875,0.08299999684095383,0.07909999787807465,0.07970000058412552,0.07819999754428864,0.08529999852180481,0.0771000012755394,0.08229999989271164,0.0737999975681305,0.08179999887943268,0.07760000228881836,0.07930000126361847,0.07970000058412552,0.08269999921321869,0.07859999686479568,0.07989999651908875,0.0737999975681305,0.08089999854564667,0.0778999999165535,0.07880000025033951,0.07769999653100967,0.07670000195503235,0.07930000126361847,0.07660000026226044,0.08030000329017639,0.08089999854564667,0.07919999957084656,0.0794999971985817,0.0786999985575676,0.0812000036239624,0.07699999958276749,0.07590000331401825,0.08309999853372574,0.07959999889135361,0.08009999990463257,0.08169999718666077,0.07609999924898148,0.08129999786615372,0.08129999786615372,0.07699999958276749,0.07800000160932541,0.0746999979019165,0.08410000056028366,0.07989999651908875,0.08250000327825546,0.07940000295639038,0.07660000026226044,0.07940000295639038,0.08049999922513962,0.08569999784231186,0.07890000194311142,0.07569999992847443,0.07919999957084656,0.08569999784231186,0.0828000009059906,0.07940000295639038,0.08139999955892563,0.07769999653100967,0.07670000195503235,0.07699999958276749,0.08049999922513962,0.07840000092983246,0.08250000327825546,0.07850000262260437,0.08569999784231186,0.07649999856948853,0.07540000230073929,0.08049999922513962,0.07739999890327454,0.0763000026345253,0.07509999722242355,0.08049999922513962,0.07919999957084656,0.07569999992847443,0.07909999787807465,0.08500000089406967,0.07859999686479568,0.07599999755620956,0.07930000126361847,0.07750000059604645,0.07850000262260437,0.07999999821186066,0.07769999653100967,0.07419999688863754,0.07840000092983246,0.08070000261068344,0.07909999787807465,0.08070000261068344,0.08299999684095383,0.07819999754428864,0.07970000058412552,0.08030000329017639,0.08529999852180481,0.07829999923706055,0.08209999650716782,0.07349999994039536,0.07810000330209732,0.07569999992847443,0.08060000091791153,0.08299999684095383,0.07410000264644623,0.07970000058412552,0.08209999650716782,0.0812000036239624,0.07639999687671661,0.07729999721050262,0.08169999718666077,0.07800000160932541,0.0786999985575676,0.07720000296831131,0.07590000331401825,0.0722000002861023,0.08309999853372574,0.07720000296831131,0.0812000036239624,0.07810000330209732,0.07729999721050262,0.08269999921321869,0.07829999923706055,0.07989999651908875,0.0771000012755394,0.08250000327825546,0.07900000363588333,0.0771000012755394,0.07680000364780426,0.0812000036239624,0.0754999965429306,0.08349999785423279,0.08060000091791153,0.07760000228881836,0.08020000159740448,0.07959999889135361,0.07609999924898148,0.07940000295639038,0.07559999823570251,0.08349999785423279,0.07930000126361847,0.0738999992609024,0.07850000262260437,0.08290000259876251,0.08139999955892563,0.07829999923706055,0.07880000025033951,0.08020000159740448,0.07909999787807465,0.08139999955892563,0.07989999651908875,0.07509999722242355,0.07999999821186066,0.07829999923706055,0.07800000160932541,0.08129999786615372,0.07779999822378159,0.08299999684095383,0.07940000295639038,0.08209999650716782,0.07689999788999557,0.07729999721050262,0.0803999975323677,0.08060000091791153,0.07519999891519547,0.07699999958276749,0.08269999921321869,0.08139999955892563,0.07900000363588333,0.07670000195503235,0.07970000058412552,0.07760000228881836,0.0731000006198883,0.07660000026226044,0.08030000329017639,0.07800000160932541,0.07720000296831131,0.08020000159740448,0.07850000262260437,0.08139999955892563,0.08449999988079071,0.08009999990463257,0.07649999856948853,0.07999999821186066,0.07850000262260437,0.0794999971985817,0.07739999890327454,0.08290000259876251,0.07490000128746033,0.07980000227689743,0.07940000295639038,0.07540000230073929,0.07670000195503235,0.08219999819993973,0.08110000193119049,0.08209999650716782,0.07859999686479568,0.07490000128746033,0.0786999985575676,0.08060000091791153,0.07720000296831131,0.07559999823570251,0.07890000194311142,0.07460000365972519,0.08269999921321869,0.08240000158548355,0.07880000025033951,0.07900000363588333,0.08049999922513962,0.08160000294446945,0.07760000228881836,0.0737999975681305,0.07819999754428864,0.07890000194311142,0.08079999685287476,0.07859999686479568,0.07519999891519547,0.07769999653100967,0.07750000059604645,0.0738999992609024,0.08049999922513962,0.07660000026226044,0.08380000293254852,0.07609999924898148,0.08020000159740448,0.07190000265836716,0.07810000330209732,0.08020000159740448,0.07890000194311142,0.07739999890327454,0.07819999754428864,0.07559999823570251,0.07999999821186066,0.0828000009059906,0.07779999822378159,0.07649999856948853,0.08070000261068344,0.07980000227689743,0.08009999990463257,0.07689999788999557,0.07880000025033951,0.0771000012755394,0.07750000059604645,0.08240000158548355,0.07609999924898148,0.07620000094175339,0.07779999822378159,0.07829999923706055,0.07729999721050262,0.07940000295639038,0.08079999685287476,0.07909999787807465,0.07900000363588333,0.07739999890327454,0.07890000194311142,0.08139999955892563,0.07800000160932541,0.08190000057220459,0.08129999786615372,0.08309999853372574,0.08030000329017639,0.07930000126361847,0.0738999992609024,0.07890000194311142,0.08169999718666077,0.07509999722242355,0.08550000190734863,0.08209999650716782,0.07930000126361847,0.07580000162124634,0.07940000295639038,0.07999999821186066,0.07859999686479568,0.08290000259876251,0.07999999821186066,0.08070000261068344,0.0737999975681305,0.08009999990463257,0.08190000057220459,0.0786999985575676,0.07859999686479568,0.07729999721050262,0.07569999992847443,0.07880000025033951,0.07720000296831131,0.0763000026345253,0.07479999959468842,0.07840000092983246,0.0820000022649765,0.07680000364780426,0.08030000329017639,0.0803999975323677,0.07970000058412552,0.08209999650716782,0.08349999785423279,0.07850000262260437,0.07880000025033951,0.07769999653100967,0.08079999685287476,0.08030000329017639,0.07959999889135361,0.08100000023841858,0.07829999923706055,0.0746999979019165,0.0722000002861023,0.07599999755620956,0.07880000025033951,0.07530000060796738,0.07890000194311142,0.08240000158548355,0.08070000261068344,0.08179999887943268,0.08269999921321869,0.07810000330209732,0.07800000160932541,0.07680000364780426,0.08340000361204147,0.07959999889135361,0.07919999957084656,0.07880000025033951,0.07639999687671661,0.07940000295639038,0.07909999787807465,0.07559999823570251,0.07729999721050262,0.0812000036239624,0.08150000125169754,0.0794999971985817,0.08290000259876251,0.08320000022649765,0.07699999958276749,0.08309999853372574,0.07959999889135361,0.07890000194311142,0.08340000361204147,0.07829999923706055,0.08030000329017639,0.08060000091791153,0.07779999822378159,0.07859999686479568,0.0778999999165535,0.07940000295639038,0.08169999718666077,0.07840000092983246,0.07580000162124634,0.08179999887943268,0.08100000023841858,0.0786999985575676,0.08489999920129776,0.07639999687671661,0.0820000022649765,0.08020000159740448,0.07989999651908875,0.07259999960660934,0.0778999999165535,0.07880000025033951,0.07739999890327454,0.08139999955892563,0.07429999858140945,0.08139999955892563,0.08020000159740448,0.07890000194311142,0.07509999722242355,0.08190000057220459,0.07699999958276749,0.07890000194311142,0.08389999717473984,0.07800000160932541,0.0763000026345253,0.0778999999165535,0.07530000060796738,0.08429999649524689,0.07639999687671661,0.08290000259876251,0.0771000012755394,0.07890000194311142,0.07639999687671661,0.07649999856948853,0.08030000329017639,0.07739999890327454,0.07859999686479568,0.07880000025033951,0.0771000012755394,0.07779999822378159,0.08030000329017639,0.07850000262260437,0.08340000361204147,0.07919999957084656,0.0763000026345253,0.07890000194311142,0.08110000193119049,0.07729999721050262,0.07750000059604645,0.07739999890327454,0.08399999886751175,0.08399999886751175,0.07829999923706055,0.07609999924898148,0.07569999992847443,0.07370000332593918,0.0786999985575676,0.07829999923706055,0.08129999786615372,0.08349999785423279,0.07769999653100967,0.07989999651908875,0.08190000057220459,0.07729999721050262,0.0794999971985817,0.07850000262260437,0.08320000022649765,0.08139999955892563,0.0803999975323677,0.0794999971985817,0.07450000196695328,0.08160000294446945,0.08150000125169754,0.07980000227689743,0.07410000264644623,0.07859999686479568,0.0820000022649765,0.08020000159740448,0.08089999854564667,0.07209999859333038,0.07280000299215317,0.0820000022649765,0.07959999889135361,0.07940000295639038,0.07800000160932541,0.07450000196695328,0.07840000092983246,0.08299999684095383,0.07970000058412552,0.07699999958276749,0.07919999957084656,0.08179999887943268,0.08320000022649765,0.07959999889135361,0.08129999786615372,0.08380000293254852,0.07680000364780426,0.07880000025033951,0.08070000261068344,0.08299999684095383,0.08320000022649765,0.07569999992847443,0.08250000327825546,0.07840000092983246,0.07750000059604645,0.08370000123977661,0.07680000364780426,0.07909999787807465,0.08110000193119049,0.08129999786615372,0.07829999923706055,0.07320000231266022,0.07769999653100967,0.07909999787807465,0.07999999821186066,0.08330000191926956,0.08259999752044678,0.08089999854564667,0.08009999990463257,0.07930000126361847,0.08110000193119049,0.07360000163316727,0.07930000126361847,0.07909999787807465,0.08229999989271164,0.08229999989271164,0.08179999887943268,0.0763000026345253,0.08479999750852585,0.07810000330209732,0.08250000327825546,0.07660000026226044,0.07760000228881836,0.08020000159740448,0.0731000006198883,0.07639999687671661,0.08070000261068344,0.0771000012755394,0.0828000009059906,0.08079999685287476,0.08060000091791153,0.07599999755620956,0.08550000190734863,0.0754999965429306,0.07850000262260437,0.07739999890327454,0.08049999922513962,0.07919999957084656,0.07850000262260437,0.07999999821186066,0.08190000057220459,0.07999999821186066,0.08250000327825546,0.07479999959468842,0.07739999890327454,0.0820000022649765,0.07890000194311142,0.07959999889135361,0.08129999786615372,0.07930000126361847,0.08129999786615372,0.07930000126361847,0.07840000092983246,0.07859999686479568,0.07970000058412552,0.07750000059604645,0.07800000160932541,0.07720000296831131,0.08330000191926956,0.08190000057220459,0.0812000036239624,0.08070000261068344,0.07850000262260437,0.07760000228881836,0.08129999786615372,0.0794999971985817,0.07760000228881836,0.07959999889135361,0.07519999891519547,0.07689999788999557,0.07670000195503235,0.07850000262260437,0.07810000330209732,0.08429999649524689,0.07429999858140945,0.08079999685287476,0.07829999923706055,0.07900000363588333,0.07689999788999557,0.07490000128746033,0.0778999999165535,0.08209999650716782,0.07840000092983246,0.07999999821186066,0.07750000059604645,0.08079999685287476,0.08079999685287476,0.07850000262260437,0.0771000012755394,0.07980000227689743,0.07760000228881836,0.07810000330209732,0.07720000296831131,0.0794999971985817,0.07919999957084656,0.08060000091791153,0.08079999685287476,0.07689999788999557,0.07559999823570251,0.08190000057220459,0.07940000295639038,0.0778999999165535,0.08009999990463257,0.07810000330209732,0.08259999752044678,0.07859999686479568,0.07769999653100967,0.07670000195503235,0.07840000092983246,0.07490000128746033,0.07829999923706055,0.08100000023841858,0.07859999686479568,0.08060000091791153,0.08089999854564667,0.07559999823570251,0.0786999985575676,0.07890000194311142,0.08009999990463257,0.07729999721050262,0.08150000125169754,0.07769999653100967,0.08169999718666077,0.07739999890327454,0.07720000296831131,0.0778999999165535,0.08190000057220459,0.07769999653100967,0.08169999718666077,0.07989999651908875,0.08259999752044678,0.07699999958276749,0.07930000126361847,0.08030000329017639,0.07590000331401825,0.0803999975323677,0.0738999992609024,0.08340000361204147,0.07509999722242355,0.07129999995231628,0.08049999922513962,0.07670000195503235,0.0737999975681305,0.07909999787807465,0.08070000261068344,0.08340000361204147,0.0746999979019165,0.08349999785423279,0.07819999754428864,0.07810000330209732,0.08550000190734863,0.08340000361204147,0.0812000036239624,0.07810000330209732,0.07919999957084656,0.0754999965429306,0.07999999821186066,0.08020000159740448,0.07609999924898148,0.08510000258684158,0.07980000227689743,0.07649999856948853,0.08070000261068344,0.08160000294446945,0.08030000329017639,0.07699999958276749,0.07779999822378159,0.07900000363588333,0.08070000261068344,0.07890000194311142,0.07670000195503235,0.08110000193119049,0.07450000196695328,0.07989999651908875,0.0778999999165535,0.07980000227689743,0.08510000258684158,0.08259999752044678,0.07440000027418137,0.08089999854564667,0.07410000264644623,0.07649999856948853,0.0812000036239624,0.07490000128746033,0.0754999965429306,0.07729999721050262,0.07620000094175339,0.07599999755620956,0.08129999786615372,0.0803999975323677,0.07360000163316727,0.07530000060796738,0.0786999985575676,0.07909999787807465,0.07599999755620956
0.3709999918937683,0.5677000284194946,0.599399983882904,0.7281000018119812,0.781499981880188,0.8246999979019165,0.8054999709129333,0.8012999892234802,0.8267999887466431,0.840499997138977,0.7026000022888184,0.7044000029563904,0.6861000061035156,0.666700005531311,0.6942999958992004,0.6305000185966492,0.607699990272522,0.6157000064849854,0.5685999989509583,0.5422999858856201,0.5282999873161316,0.5325999855995178,0.49070000648498535,0.4893999993801117,0.475600004196167,0.47760000824928284,0.4697999954223633,0.4259999990463257,0.3806000053882599,0.3578000068664551,0.35670000314712524,0.3747999966144562,0.3336000144481659,0.3700000047683716,0.30559998750686646,0.2825999855995178,0.2547000050544739,0.2483000010251999,0.27950000762939453,0.33169999718666077,0.28690001368522644,0.26989999413490295,0.2759000062942505,0.2720000147819519,0.2741999924182892,0.27309998869895935,0.27399998903274536,0.26010000705718994,0.274399995803833,0.2732999920845032,0.2754000127315521,0.26010000705718994,0.2599000036716461,0.272599995136261,0.29190000891685486,0.31839999556541443,0.2773999869823456,0.2915000021457672,0.2761000096797943,0.29350000619888306,0.3294999897480011,0.26989999413490295,0.27140000462532043,0.27390000224113464,0.3343000113964081,0.29739999771118164,0.31040000915527344,0.36399999260902405,0.2842999994754791,0.3093000054359436,0.3853999972343445,0.388700008392334,0.35740000009536743,0.33329999446868896,0.38040000200271606,0.37130001187324524,0.296099990606308,0.275299996137619,0.2955000102519989,0.3224000036716461,0.3926999866962433,0.4124999940395355,0.3522999882698059,0.39329999685287476,0.43700000643730164,0.39160001277923584,0.42010000348091125,0.4810999929904938,0.38040000200271606,0.48179998993873596,0.34769999980926514,0.4172999858856201,0.37459999322891235,0.48570001125335693,0.48249998688697815,0.45489999651908875,0.47269999980926514,0.45249998569488525,0.48899999260902405,0.39089998602867126,0.453900009393692,0.5504999756813049,0.48510000109672546,0.5170000195503235,0.48890000581741333,0.4571000039577484,0.5098999738693237,0.4927000105381012,0.48410001397132874,0.5289000272750854,0.5806000232696533,0.5281000137329102,0.5105000138282776,0.5472999811172485,0.5758000016212463,0.5490000247955322,0.5252000093460083,0.566100001335144,0.5468000173568726,0.5849999785423279,0.5340999960899353,0.5716000199317932,0.5590000152587891,0.5676000118255615,0.5795000195503235,0.5131000280380249,0.5713000297546387,0.5450999736785889,0.5530999898910522,0.565500020980835,0.5432000160217285,0.593500018119812,0.5884000062942505,0.611299991607666,0.5964999794960022,0.5687000155448914,0.5697000026702881,0.6327000260353088,0.5688999891281128,0.5947999954223633,0.6115999817848206,0.5827000141143799,0.6312999725341797,0.6340000033378601,0.6327000260353088,0.5824000239372253,0.6040999889373779,0.607200026512146,0.6194000244140625,0.6269999742507935,0.6625000238418579,0.6394000053405762,0.6617000102996826,0.6617000102996826,0.6636000275611877,0.5964999794960022,0.6399000287055969,0.6521999835968018,0.6060000061988831,0.6241999864578247,0.6431999802589417,0.6668000221252441,0.6391000151634216,0.6897000074386597,0.7121999859809875,0.708299994468689,0.70660001039505,0.7063000202178955,0.7060999870300293,0.7091000080108643,0.7031999826431274,0.6869000196456909,0.6884999871253967,0.6771000027656555,0.7064999938011169,0.7049999833106995,0.6820999979972839,0.6848999857902527,0.707099974155426,0.7050999999046326,0.7074999809265137,0.6863999962806702,0.6722000241279602,0.6898999810218811,0.6858999729156494,0.7024000287055969,0.7009000182151794,0.7027000188827515,0.705299973487854,0.7071999907493591,0.7087000012397766,0.7193999886512756,0.7019000053405762,0.7049999833106995,0.6800000071525574,0.7001000046730042,0.7067000269889832,0.7203999757766724,0.7049999833106995,0.7236999869346619,0.7245000004768372,0.7247999906539917,0.7150999903678894,0.7250999808311462,0.7222999930381775,0.7214999794960022,0.7283999919891357,0.7171000242233276,0.7281000018119812,0.7268999814987183,0.7325999736785889,0.7200000286102295,0.7224000096321106,0.7166000008583069,0.7186999917030334,0.7269999980926514,0.720300018787384,0.7236999869346619,0.7186999917030334,0.7166000008583069,0.7228000164031982,0.7226999998092651,0.7210000157356262,0.7214999794960022,0.728600025177002,0.7178999781608582,0.718999981880188,0.7276999950408936,0.7350000143051147,0.7243000268936157,0.7440000176429749,0.7508999705314636,0.7455999851226807,0.7451000213623047,0.7305999994277954,0.7512000203132629,0.727400004863739,0.7444999814033508,0.7430999875068665,0.7245000004768372,0.7301999926567078,0.7229999899864197,0.7433000206947327,0.7477999925613403,0.7423999905586243,0.7384999990463257,0.7402999997138977,0.7396000027656555,0.7361000180244446,0.7031000256538391,0.7427999973297119,0.7436000108718872,0.7415000200271606,0.7444999814033508,0.7487000226974487,0.7531999945640564,0.7421000003814697,0.7430999875068665,0.741599977016449,0.732699990272522,0.7444000244140625,0.7412999868392944,0.7415000200271606,0.7402999997138977,0.7436000108718872,0.7728999853134155,0.7436000108718872,0.7498999834060669,0.7502999901771545,0.7458000183105469,0.7652000188827515,0.7692000269889832,0.7630000114440918,0.7652000188827515,0.7727000117301941,0.766700029373169,0.7857000231742859,0.7843000292778015,0.7687000036239624,0.7894999980926514,0.7825999855995178,0.8023999929428101,0.7813000082969666,0.8116999864578247,0.7835999727249146,0.8001999855041504,0.8030999898910522,0.8051000237464905,0.8237000107765198,0.8087000250816345,0.843999981880188,0.8016999959945679,0.8228999972343445,0.8234999775886536,0.8474000096321106,0.8443999886512756,0.8234000205993652,0.8226000070571899,0.8409000039100647,0.828499972820282,0.8191999793052673,0.8442000150680542,0.8407999873161316,0.859499990940094,0.868399977684021,0.8640000224113464,0.8816999793052673,0.8601999878883362,0.8747000098228455,0.879800021648407,0.8873999714851379,0.8845999836921692,0.8876000046730042,0.8636999726295471,0.882099986076355,0.8888000249862671,0.883400022983551,0.8817999958992004,0.8859000205993652,0.8841999769210815,0.8615000247955322,0.888700008392334,0.8622999787330627,0.875,0.8870999813079834,0.8776999711990356,0.8820000290870667,0.8863000273704529,0.8449000120162964,0.883899986743927,0.9034000039100647,0.9021000266075134,0.8970000147819519,0.9056000113487244,0.8996000289916992,0.9047999978065491,0.9018999934196472,0.9016000032424927,0.9070000052452087,0.9021000266075134,0.9014000296592712,0.9024999737739563,0.902999997138977,0.9000999927520752,0.9059000015258789,0.8787999749183655,0.901199996471405,0.9021000266075134,0.9000999927520752,0.9045000076293945,0.8999999761581421,0.9207000136375427,0.9223999977111816,0.9221000075340271,0.9182000160217285,0.8980000019073486,0.9226999878883362,0.9215999841690063,0.9190999865531921,0.9246000051498413,0.9214000105857849,0.9236999750137329,0.925000011920929,0.9193000197410583,0.919700026512146,0.9192000031471252,0.9229000210762024,0.9266999959945679,0.9205999970436096,0.9230999946594238,0.9229999780654907,0.9179999828338623,0.9207000136375427,0.9211999773979187,0.9405999779701233,0.9398999810218811,0.9415000081062317,0.9390000104904175,0.9429000020027161,0.9426000118255615,0.9404000043869019,0.9372000098228455,0.9434999823570251,0.9228000044822693,0.9197999835014343,0.9459999799728394,0.9415000081062317,0.9433000087738037,0.9431999921798706,0.9424999952316284,0.9391000270843506,0.9430999755859375,0.9430999755859375,0.9395999908447266,0.9448999762535095,0.9422000050544739,0.9426000118255615,0.9395999908447266,0.9401999711990356,0.9391000270843506,0.9404000043869019,0.9409000277519226,0.9399999976158142,0.9379000067710876,0.9419999718666077,0.9424999952316284,0.9419999718666077,0.9430000185966492,0.9452999830245972,0.9402999877929688,0.9388999938964844,0.9448999762535095,0.939300000667572,0.9372000098228455,0.9379000067710876,0.9394999742507935,0.9449999928474426,0.9422000050544739,0.9405999779701233,0.942300021648407,0.9395999908447266,0.9409000277519226,0.9440000057220459,0.9423999786376953,0.9362999796867371,0.9416999816894531,0.9441999793052673,0.942300021648407,0.9455999732017517,0.9430000185966492,0.9409999847412109,0.9429000020027161,0.9366000294685364,0.9383999705314636,0.9394000172615051,0.9416999816894531,0.9399999976158142,0.9449999928474426,0.9391000270843506,0.9404000043869019,0.9379000067710876,0.9387000203132629,0.9379000067710876,0.9379000067710876,0.9397000074386597,0.9415000081062317,0.9614999890327454,0.9639999866485596,0.9613000154495239,0.9595999717712402,0.9610000252723694,0.9617000222206116,0.9624000191688538,0.9587000012397766,0.9603999853134155,0.9607999920845032,0.9596999883651733,0.9624000191688538,0.9625999927520752,0.9623000025749207,0.9621000289916992,0.9611999988555908,0.964900016784668,0.9596999883651733,0.9577999711036682,0.9642000198364258,0.9632999897003174,0.9625999927520752,0.9592000246047974,0.9656999707221985,0.9635000228881836,0.9603000283241272,0.9621999859809875,0.9592999815940857,0.9563000202178955,0.961899995803833,0.9603999853134155,0.9591000080108643,0.9598000049591064,0.9599999785423279,0.9592000246047974,0.9805999994277954,0.9799000024795532,0.9599000215530396,0.9818000197410583,0.9805999994277954,0.9810000061988831,0.982699990272522,0.9799000024795532,0.9614999890327454,0.9814000129699707,0.9811000227928162,0.9801999926567078,0.9778000116348267,0.9803000092506409,0.9797999858856201,0.9797999858856201,0.9828000068664551,0.9789000153541565,0.9789999723434448,0.9815000295639038,0.9797000288963318,0.9804999828338623,0.9797000288963318,0.9794999957084656,0.9796000123023987,0.9817000031471252,0.9805999994277954,0.9794999957084656,0.9801999926567078,0.979200005531311,0.979200005531311,0.9776999950408936,0.9797000288963318,0.9787999987602234,0.9797999858856201,0.9811000227928162,0.983299970626831,0.9789999723434448,0.980400025844574,0.9782999753952026,0.98089998960495,0.978600025177002,0.9812999963760376,0.9800000190734863,0.9811000227928162,0.9817000031471252,0.9815999865531921,0.9818000197410583,0.9786999821662903,0.9810000061988831,0.9797000288963318,0.9797999858856201,0.9807999730110168,0.9794999957084656,0.9789999723434448,0.9810000061988831,0.9800000190734863,0.9810000061988831,0.9807000160217285,0.9817000031471252,0.9810000061988831,0.9807999730110168,0.98089998960495,0.9794999957084656,0.9818999767303467,0.9801999926567078,0.98089998960495,0.9786999821662903,0.9818000197410583,0.9811000227928162,0.980400025844574,0.9789000153541565,0.9807999730110168,0.9776999950408936,0.9789999723434448,0.9829999804496765,0.9815000295639038,0.9799000024795532,0.9782999753952026,0.9805999994277954,0.98089998960495,0.9794999957084656,0.9822999835014343,0.9807000160217285,0.9819999933242798,0.9815000295639038,0.9807000160217285,0.982699990272522,0.9803000092506409,0.9825000166893005,0.9786999821662903,0.9800000190734863,0.979200005531311,0.9796000123023987,0.9800000190734863,0.9789999723434448,0.9817000031471252,0.9779999852180481,0.9793999791145325,0.9815999865531921,0.9803000092506409,0.980400025844574,0.9805999994277954,0.9800000190734863,0.9768000245094299,0.9815000295639038,0.9815000295639038,0.9810000061988831,0.9799000024795532,0.9825000166893005,0.9818999767303467,0.9793000221252441,0.9785000085830688,0.9797999858856201,0.9815000295639038,0.9800000190734863,0.9819999933242798,0.9812999963760376,0.9811000227928162,0.9812999963760376,0.9825999736785889,0.9812999963760376,0.9815999865531921,0.9847999811172485,0.9797999858856201,0.9815999865531921,0.9815000295639038,0.979200005531311,0.9817000031471252,0.9800999760627747,0.9815999865531921,0.9803000092506409,0.9824000000953674,0.9830999970436096,0.9805999994277954,0.9805999994277954,0.9793000221252441,0.982699990272522,0.9789000153541565,0.9810000061988831,0.9789000153541565,0.9799000024795532,0.9807000160217285,0.980400025844574,0.9797000288963318,0.9801999926567078,0.979200005531311,0.9797000288963318,0.9782000184059143,0.9804999828338623,0.9801999926567078,0.9817000031471252,0.9782999753952026,0.9815000295639038,0.9815000295639038,0.9799000024795532,0.9815000295639038,0.9793000221252441,0.9804999828338623,0.9825000166893005,0.9782000184059143,0.98089998960495,0.977400004863739,0.9807000160217285,0.9801999926567078,0.9829999804496765,0.9797999858856201,0.9804999828338623,0.9789999723434448,0.98089998960495,0.9787999987602234,0.9776999950408936,0.9829000234603882,0.9790999889373779,0.9790999889373779,0.9801999926567078,1.0,1.0,1.0,1.0,1.0,1.0,1.0,1.0,1.0,1.0,1.0,1.0,1.0,1.0,1.0,1.0,1.0,1.0,1.0,1.0,1.0,1.0,1.0,1.0,1.0,1.0,1.0,1.0,1.0,1.0,1.0,1.0,1.0,1.0,1.0,1.0,1.0,1.0,1.0,1.0,1.0,1.0,1.0,1.0,1.0,1.0,1.0,1.0,1.0,1.0,1.0,1.0,1.0,1.0,1.0,1.0,1.0,1.0,1.0,1.0,1.0,1.0,1.0,1.0,1.0,1.0,1.0,1.0,1.0,1.0,1.0,1.0,1.0,1.0,1.0,1.0,1.0,1.0,1.0,1.0,1.0,1.0,1.0,1.0,1.0,1.0,1.0,1.0,1.0,1.0,1.0,1.0,1.0,1.0,1.0,1.0,1.0,1.0,1.0,1.0,1.0,1.0,1.0,1.0,1.0,1.0,1.0,1.0,1.0,1.0,1.0,1.0,1.0,1.0,1.0,1.0,1.0,1.0,1.0,1.0,1.0,1.0,1.0,1.0,1.0,1.0,1.0,1.0,1.0,1.0,1.0,1.0,1.0,1.0,1.0,1.0,1.0,1.0,1.0,1.0,1.0,1.0,1.0,1.0,1.0,1.0,1.0,1.0,1.0,1.0,1.0,1.0,1.0,1.0,1.0,1.0,1.0,1.0,1.0,1.0,1.0,1.0,1.0,1.0,1.0,1.0,1.0,1.0,1.0,1.0,1.0,1.0,1.0,1.0,1.0,1.0,1.0,1.0,1.0,1.0,1.0,1.0,1.0,1.0,1.0,1.0,1.0,1.0,1.0,1.0,1.0,1.0,1.0,1.0,1.0,1.0,1.0,1.0,1.0,1.0,1.0,1.0,1.0,1.0,1.0,1.0,1.0,1.0,1.0,1.0,1.0,1.0,1.0,1.0,1.0,1.0,1.0,1.0,1.0,1.0,1.0,1.0,1.0,1.0,1.0,1.0,1.0,1.0,1.0,1.0,1.0,1.0,1.0,1.0,1.0,1.0,1.0,1.0,1.0,1.0,1.0,1.0,1.0,1.0,1.0,1.0,1.0,1.0,1.0,1.0,1.0,1.0,1.0,1.0,1.0,1.0,1.0,1.0,1.0,1.0,1.0,1.0,1.0,1.0,1.0,1.0,1.0,1.0,1.0,1.0,1.0,1.0,1.0,1.0,1.0,1.0,1.0,1.0,1.0,1.0,1.0,1.0,1.0,1.0,1.0,1.0,1.0,1.0,1.0,1.0,1.0,1.0,1.0,1.0,1.0,1.0,1.0,1.0,1.0,1.0,1.0,1.0,1.0,1.0,1.0,1.0,1.0,1.0,1.0,1.0,1.0,1.0,1.0,1.0,1.0,1.0,1.0,1.0,1.0,1.0,1.0,1.0,1.0,1.0,1.0,1.0,1.0,1.0,1.0,1.0,1.0,1.0,1.0,1.0,1.0,1.0,1.0,1.0,1.0,1.0,1.0,1.0,1.0,1.0,1.0,1.0,1.0,1.0,1.0,1.0,1.0,1.0,1.0,1.0,1.0,1.0,1.0,1.0,1.0,1.0,1.0,1.0,1.0,1.0,1.0,1.0,1.0,1.0,1.0,1.0,1.0,1.0,1.0,1.0,1.0,1.0,1.0,1.0,1.0,1.0,1.0,1.0,1.0,1.0,1.0,1.0,1.0,1.0,1.0,1.0,1.0,1.0,1.0,1.0,1.0,1.0,1.0,1.0,1.0,1.0,1.0,1.0,1.0,1.0,1.0,1.0,1.0,1.0,1.0,1.0,1.0,1.0,1.0,1.0,1.0,1.0,1.0,1.0,1.0,1.0,1.0,1.0,1.0,1.0,1.0,1.0,1.0,1.0,1.0,1.0,1.0,1.0,1.0,1.0,1.0,1.0,1.0,1.0,1.0,1.0,1.0,1.0,1.0,1.0,1.0,1.0,1.0,1.0,1.0,1.0,1.0,1.0,1.0,1.0,1.0,1.0,1.0,1.0,1.0,1.0,1.0,1.0,1.0,1.0,1.0,1.0,1.0,1.0,1.0,1.0,1.0,1.0,1.0,1.0,1.0,1.0,1.0,1.0,1.0,1.0,1.0,1.0,1.0,1.0,1.0,1.0,1.0,1.0,1.0,1.0,1.0,1.0,1.0,1.0,1.0,1.0,1.0,1.0,1.0,1.0,1.0,1.0,1.0,1.0,1.0,1.0,1.0,1.0,1.0,1.0,1.0,1.0,1.0,1.0,1.0,1.0,1.0,1.0,1.0,1.0,1.0,1.0,1.0,1.0,1.0,1.0,1.0,1.0,1.0,1.0,1.0,1.0,1.0,1.0,1.0,1.0,1.0,1.0,1.0,1.0,1.0,1.0,1.0,1.0,1.0,1.0,1.0,1.0,1.0,1.0,1.0,1.0,1.0,1.0,1.0,1.0,1.0,1.0,1.0,1.0,1.0,1.0,1.0,1.0,1.0,1.0,1.0,1.0,1.0,1.0,1.0,1.0,1.0,1.0,1.0,1.0,1.0,1.0,1.0,1.0,1.0,1.0,1.0,1.0,1.0,1.0,1.0,1.0,1.0,1.0,1.0,1.0,1.0,1.0,1.0,1.0,1.0,1.0,1.0,1.0,1.0,1.0,1.0,1.0,1.0,1.0,1.0,1.0,1.0,1.0,1.0,1.0,1.0,1.0,1.0,1.0,1.0,1.0,1.0,1.0,1.0,1.0,1.0,1.0,1.0,1.0,1.0,1.0,1.0,1.0,1.0,1.0,1.0,1.0,1.0,1.0,1.0,1.0,1.0,1.0,1.0,1.0,1.0,1.0,1.0,1.0,1.0,1.0,1.0,1.0,1.0,1.0,1.0,1.0,1.0,1.0,1.0,1.0,1.0,1.0,1.0,1.0,1.0,1.0,1.0,1.0,1.0,1.0,1.0,1.0,1.0,1.0,1.0,1.0,1.0,1.0,1.0,1.0,1.0,1.0,1.0,1.0,1.0,1.0,1.0,1.0,1.0,1.0,1.0,1.0,1.0,1.0,1.0,1.0,1.0,1.0,1.0,1.0,1.0,1.0,1.0,1.0,1.0,1.0,1.0,1.0,1.0,1.0,1.0,1.0,1.0,1.0,1.0,1.0,1.0,1.0,1.0,1.0,1.0,1.0,1.0,1.0,1.0,1.0,1.0,1.0,1.0,1.0,1.0,1.0,1.0,1.0,1.0,1.0,1.0,1.0,1.0,1.0,1.0,1.0,1.0,1.0,1.0,1.0,1.0,1.0,1.0,1.0,1.0,1.0,1.0,1.0,1.0,1.0,1.0,1.0,1.0,1.0,1.0,1.0,1.0,1.0,1.0,1.0,1.0,1.0,1.0,1.0,1.0,1.0,1.0,1.0,1.0,1.0,1.0,1.0,1.0,1.0,1.0,1.0,1.0,1.0,1.0,1.0,1.0,1.0,1.0,1.0,1.0,1.0,1.0,1.0,1.0,1.0,1.0,1.0,1.0,1.0,1.0,1.0,1.0,1.0,1.0,1.0,1.0,1.0,1.0,1.0,1.0,1.0,1.0,1.0,1.0,1.0,1.0,1.0,1.0,1.0,1.0,1.0,1.0,1.0,1.0,1.0,1.0,1.0,1.0,1.0,1.0,1.0,1.0,1.0,1.0,1.0,1.0,1.0,1.0,1.0,1.0,1.0,1.0,1.0,1.0,1.0,1.0,1.0,1.0,1.0,1.0,1.0,1.0,1.0,1.0,1.0,1.0,1.0,1.0,1.0,1.0,1.0,1.0,1.0,1.0,1.0,1.0,1.0,1.0,1.0,1.0,1.0,1.0,1.0,1.0,1.0,1.0,1.0,1.0,1.0,1.0,1.0,1.0,1.0,1.0,1.0,1.0,1.0,1.0,1.0,1.0,1.0,1.0,1.0,1.0,1.0,1.0,1.0,1.0,1.0,1.0,1.0,1.0,1.0,1.0,1.0,1.0,1.0,1.0,1.0,1.0,1.0,1.0,1.0,1.0,1.0,1.0,1.0,1.0,1.0,1.0,1.0,1.0,1.0,1.0,1.0,1.0,1.0,1.0,1.0,1.0,1.0,1.0,1.0,1.0,1.0,1.0,1.0,1.0,1.0,1.0,1.0,1.0,1.0,1.0,1.0,1.0,1.0,1.0,1.0,1.0,1.0,1.0,1.0,1.0,1.0,1.0,1.0,1.0,1.0,1.0,1.0,1.0,1.0,1.0,1.0,1.0,1.0,1.0,1.0,1.0,1.0,1.0,1.0,1.0,1.0,1.0,1.0,1.0,1.0,1.0,1.0,1.0,1.0,1.0,1.0,1.0,1.0,1.0,1.0,1.0,1.0,1.0,1.0,1.0,1.0,1.0,1.0,1.0,1.0,1.0,1.0,1.0,1.0,1.0,1.0,1.0,1.0,1.0,1.0,1.0,1.0,1.0,1.0,1.0,1.0,1.0,1.0,1.0,1.0,1.0,1.0,1.0,1.0,1.0,1.0,1.0,1.0,1.0,1.0,1.0,1.0,1.0,1.0,1.0,1.0,1.0,1.0,1.0,1.0,1.0,1.0,1.0,1.0,1.0,1.0,1.0,1.0,1.0,1.0,1.0,1.0,1.0,1.0,1.0,1.0,1.0,1.0,1.0,1.0,1.0,1.0,1.0,1.0,1.0,1.0,1.0,1.0,1.0,1.0,1.0,1.0,1.0,1.0,1.0,1.0,1.0,1.0,1.0,1.0,1.0,1.0,1.0,1.0,1.0,1.0,1.0,1.0,1.0,1.0,1.0,1.0,1.0,1.0,1.0,1.0,1.0,1.0,1.0,1.0,1.0,1.0,1.0,1.0,1.0,1.0,1.0,1.0,1.0,1.0,1.0,1.0,1.0,1.0,1.0,1.0,1.0,1.0,1.0,1.0,1.0,1.0,1.0,1.0,1.0,1.0,1.0,1.0,1.0,1.0,1.0,1.0,1.0,1.0,1.0,1.0,1.0,1.0,1.0,1.0,1.0,1.0,1.0,1.0,1.0,1.0,1.0,1.0,1.0,1.0,1.0,1.0,1.0,1.0,1.0,1.0,1.0,1.0,1.0,1.0,1.0,1.0,1.0,1.0,1.0,1.0,1.0,1.0,1.0,1.0,1.0,1.0,1.0,1.0,1.0,1.0,1.0,1.0,1.0,1.0,1.0,1.0,1.0,1.0,1.0,1.0,1.0,1.0,1.0,1.0,1.0,1.0,1.0,1.0,1.0,1.0,1.0,1.0,1.0,1.0,1.0,1.0,1.0,1.0,1.0,1.0,1.0,1.0,1.0,1.0,1.0,1.0,1.0,1.0,1.0,1.0,1.0,1.0,1.0,1.0,1.0,1.0,1.0,1.0,1.0,1.0,1.0,1.0,1.0,1.0,1.0,1.0,1.0,1.0,1.0,1.0,1.0,1.0,1.0,1.0,1.0,1.0,1.0,1.0,1.0,1.0,1.0,1.0,1.0,1.0,1.0,1.0,1.0,1.0,1.0,1.0,1.0,1.0,1.0,1.0,1.0,1.0,1.0,1.0,1.0,1.0,1.0,1.0,1.0,1.0,1.0,1.0,1.0,1.0,1.0,1.0,1.0,1.0,1.0,1.0,1.0,1.0,1.0,1.0,1.0,1.0,1.0,1.0,1.0,1.0,1.0,1.0,1.0,1.0,1.0,1.0,1.0,1.0,1.0,1.0,1.0,1.0,1.0,1.0,1.0,1.0,1.0,1.0,1.0,1.0,1.0,1.0,1.0,1.0,1.0,1.0,1.0,1.0,1.0,1.0,1.0,1.0,1.0,1.0,1.0,1.0,1.0,1.0,1.0,1.0,1.0,1.0,1.0,1.0,1.0,1.0,1.0,1.0,1.0,1.0,1.0,1.0,1.0,1.0,1.0
0.4959000051021576,0.2948000133037567,0.05270000174641609,0.019600000232458115,0.01979999989271164,0.01940000057220459,0.0,0.0,0.0,0.0,0.0,0.0,0.0,0.0,0.0,0.0,0.0,0.0,0.0,0.01759999990463257,0.019200000911951065,0.0,0.0,0.01979999989271164,0.01810000091791153,0.01889999955892563,0.0,0.020400000736117363,0.0,0.0,0.01850000023841858,0.018699999898672104,0.0,0.0,0.018699999898672104,0.0,0.0,0.0,0.0,0.0,0.0,0.0,0.0,0.020400000736117363,0.0,0.0,0.0,0.0,0.0,0.0,0.0,0.0,0.0,0.0,0.0,0.0,0.0,0.0,0.0,0.020099999383091927,0.0,0.020800000056624413,0.0,0.0,0.0,0.0,0.0,0.0,0.0,0.0,0.0,0.020099999383091927,0.0,0.0,0.02070000022649765,0.0,0.017799999564886093,0.0,0.01940000057220459,0.0,0.018699999898672104,0.0,0.0,0.0,0.0,0.020800000056624413,0.0,0.0,0.0,0.0,0.0,0.0,0.0,0.0,0.0,0.0,0.0,0.0,0.0,0.0,0.01889999955892563,0.0,0.0,0.0,0.0,0.0,0.0,0.0,0.0,0.0,0.0,0.0,0.0,0.0,0.0,0.0,0.01769999973475933,0.0,0.016499999910593033,0.0,0.0,0.0,0.0,0.0,0.019300000742077827,0.0,0.0,0.0,0.0,0.0,0.0,0.0,0.0,0.0,0.0,0.0,0.0,0.0,0.020400000736117363,0.02250000089406967,0.0,0.0,0.0,0.0,0.0,0.0,0.0,0.0,0.01810000091791153,0.0,0.0,0.0,0.0,0.01860000006854534,0.0,0.0,0.0,0.020899999886751175,0.0,0.0,0.019200000911951065,0.020899999886751175,0.020899999886751175,0.0,0.02290000021457672,0.0,0.0,0.017999999225139618,0.020400000736117363,0.021800000220537186,0.0,0.0,0.019099999219179153,0.01889999955892563,0.019999999552965164,0.020600000396370888,0.01730000041425228,0.03840000182390213,0.0,0.02239999920129776,0.0,0.0,0.020999999716877937,0.0,0.0,0.04129999876022339,0.0,0.0,0.03750000149011612,0.0,0.0,0.020400000736117363,0.02239999920129776,0.0,0.0,0.03799999877810478,0.01679999940097332,0.05530000105500221,0.03909999877214432,0.01810000091791153,0.0,0.0,0.03849999979138374,0.03620000183582306,0.017999999225139618,0.05429999902844429,0.0,0.01769999973475933,0.039500001817941666,0.01979999989271164,0.0,0.04089999943971634,0.034299999475479126,0.0,0.01720000058412552,0.0,0.0203000009059906,0.04129999876022339,0.0,0.03849999979138374,0.042100001126527786,0.04039999842643738,0.0203000009059906,0.04190000146627426,0.039799999445676804,0.01889999955892563,0.06120000034570694,0.01810000091791153,0.0,0.10260000079870224,0.09830000251531601,0.03819999843835831,0.05909999832510948,0.05860000103712082,0.04170000180602074,0.05339999869465828,0.08209999650716782,0.017799999564886093,0.018400000408291817,0.05860000103712082,0.0575999990105629,0.09489999711513519,0.0,0.05739999935030937,0.017500000074505806,0.05889999866485596,0.05999999865889549,0.0778999999165535,0.054499998688697815,0.018200000748038292,0.0,0.10010000318288803,0.05939999967813492,0.08079999685287476,0.03620000183582306,0.019200000911951065,0.07530000060796738,0.05849999934434891,0.03849999979138374,0.06289999932050705,0.05820000171661377,0.05609999969601631,0.09719999879598618,0.0,0.040800001472234726,0.04149999842047691,0.020899999886751175,0.01759999990463257,0.07959999889135361,0.03680000081658363,0.05770000070333481,0.07270000129938126,0.03680000081658363,0.040699999779462814,0.0,0.07840000092983246,0.039900001138448715,0.05959999933838844,0.03629999980330467,0.05609999969601631,0.019200000911951065,0.09669999778270721,0.04019999876618385,0.0,0.10660000145435333,0.07959999889135361,0.09889999777078629,0.05400000140070915,0.09969999641180038,0.09520000219345093,0.07840000092983246,0.09860000014305115,0.09799999743700027,0.07599999755620956,0.08070000261068344,0.03849999979138374,0.060499999672174454,0.0,0.041200000792741776,0.06340000033378601,0.0608999989926815,0.1031000018119812,0.019099999219179153,0.056699998676776886,0.040300000458955765,0.1168999969959259,0.1177000030875206,0.11590000241994858,0.1005999967455864,0.09839999675750732,0.061000000685453415,0.0568000003695488,0.11890000104904175,0.09520000219345093,0.11999999731779099,0.05739999935030937,0.10119999945163727,0.07530000060796738,0.11089999973773956,0.11710000038146973,0.08060000091791153,0.08150000125169754,0.09669999778270721,0.07519999891519547,0.13600000739097595,0.12330000102519989,0.03799999877810478,0.11590000241994858,0.11710000038146973,0.1185000017285347,0.0997999981045723,0.10029999911785126,0.03779999911785126,0.11940000206232071,0.13650000095367432,0.0989999994635582,0.13510000705718994,0.14239999651908875,0.07769999653100967,0.11400000005960464,0.09570000320672989,0.11720000207424164,0.07699999958276749,0.09449999779462814,0.10050000250339508,0.13130000233650208,0.05779999867081642,0.1160999983549118,0.10289999842643738,0.11169999837875366,0.11219999939203262,0.11779999732971191,0.13699999451637268,0.10019999742507935,0.11500000208616257,0.07490000128746033,0.11320000141859055,0.05770000070333481,0.09679999947547913,0.12110000103712082,0.10029999911785126,0.12189999967813492,0.14069999754428864,0.1316000074148178,0.1168999969959259,0.09950000047683716,0.10989999771118164,0.10419999808073044,0.13120000064373016,0.09809999912977219,0.07999999821186066,0.11620000004768372,0.14219999313354492,0.13339999318122864,0.07760000228881836,0.1168999969959259,0.10140000283718109,0.11509999632835388,0.09860000014305115,0.1379999965429306,0.1225999966263771,0.11720000207424164,0.13840000331401825,0.03590000048279762,0.12020000070333481,0.07890000194311142,0.10010000318288803,0.10080000013113022,0.12150000035762787,0.0966000035405159,0.13420000672340393,0.10080000013113022,0.13500000536441803,0.08209999650716782,0.06319999694824219,0.09929999709129333,0.10239999741315842,0.09529999643564224,0.13830000162124634,0.13910000026226044,0.12110000103712082,0.12370000034570694,0.1339000016450882,0.09220000356435776,0.13259999454021454,0.11760000139474869,0.10029999911785126,0.07580000162124634,0.1404999941587448,0.09610000252723694,0.09700000286102295,0.11810000240802765,0.11309999972581863,0.07569999992847443,0.06260000169277191,0.07819999754428864,0.1185000017285347,0.13529999554157257,0.09880000352859497,0.17960000038146973,0.13989999890327454,0.11150000244379044,0.12049999833106995,0.120899997651577,0.10140000283718109,0.16899999976158142,0.09939999878406525,0.15119999647140503,0.09960000216960907,0.13289999961853027,0.11869999766349792,0.14079999923706055,0.09549999982118607,0.09780000150203705,0.13580000400543213,0.13590000569820404,0.09749999642372131,0.13490000367164612,0.14110000431537628,0.1428000032901764,0.0982000008225441,0.16680000722408295,0.17880000174045563,0.09629999846220016,0.03849999979138374,0.1421000063419342,0.21310000121593475,0.13899999856948853,0.1378999948501587,0.057500001043081284,0.09459999948740005,0.21780000627040863,0.1371999979019165,0.22030000388622284,0.1371999979019165,0.13779999315738678,0.19689999520778656,0.21639999747276306,0.15520000457763672,0.18950000405311584,0.15929999947547913,0.19589999318122864,0.21649999916553497,0.1665000021457672,0.1785999983549118,0.1956000030040741,0.17520000040531158,0.1931000053882599,0.1745000034570694,0.20080000162124634,0.20170000195503235,0.18199999630451202,0.19580000638961792,0.1720000058412552,0.19840000569820404,0.18050000071525574,0.09960000216960907,0.20720000565052032,0.1339000016450882,0.19629999995231628,0.19740000367164612,0.19339999556541443,0.17739999294281006,0.17739999294281006,0.2134000062942505,0.18860000371932983,0.17870000004768372,0.13609999418258667,0.11479999870061874,0.1559000015258789,0.2004999965429306,0.17839999496936798,0.11819999665021896,0.155799999833107,0.10170000046491623,0.21310000121593475,0.17949999868869781,0.1396999955177307,0.11749999970197678,0.15489999949932098,0.21089999377727509,0.16300000250339508,0.17759999632835388,0.15600000321865082,0.0957999974489212,0.2053000032901764,0.15440000593662262,0.1606999933719635,0.19040000438690186,0.19619999825954437,0.15629999339580536,0.21559999883174896,0.20919999480247498,0.20000000298023224,0.179299995303154,0.155799999833107,0.21780000627040863,0.14300000667572021,0.1737000048160553,0.17839999496936798,0.1736000031232834,0.1981000006198883,0.22349999845027924,0.19939999282360077,0.21449999511241913,0.1941000074148178,0.20759999752044678,0.16019999980926514,0.15790000557899475,0.13580000400543213,0.17260000109672546,0.19709999859333038,0.15940000116825104,0.17589999735355377,0.11829999834299088,0.19050000607967377,0.1388999968767166,0.13979999721050262,0.13019999861717224,0.195700004696846,0.17409999668598175,0.15790000557899475,0.17730000615119934,0.17389999330043793,0.1745000034570694,0.17759999632835388,0.2101999968290329,0.17409999668598175,0.1534000039100647,0.13770000636577606,0.19480000436306,0.19920000433921814,0.22040000557899475,0.22349999845027924,0.13770000636577606,0.15139999985694885,0.22200000286102295,0.18950000405311584,0.1754000037908554,0.2206999957561493,0.17649999260902405,0.19120000302791595,0.19359999895095825,0.21770000457763672,0.1881999969482422,0.13030000030994415,0.22020000219345093,0.2272000014781952,0.1615000069141388,0.15929999947547913,0.1979999989271164,0.11959999799728394,0.21379999816417694,0.2409999966621399,0.21330000460147858,0.1777999997138977,0.21320000290870667,0.1818999946117401,0.19349999725818634,0.21289999783039093,0.2012999951839447,0.19689999520778656,0.19869999587535858,0.2363000065088272,0.19840000569820404,0.15710000693798065,0.17820000648498535,0.20440000295639038,0.21649999916553497,0.15189999341964722,0.18029999732971191,0.1542000025510788,0.1808999925851822,0.17110000550746918,0.17960000038146973,0.2003999948501587,0.1753000020980835,0.1800999939441681,0.19539999961853027,0.1404999941587448,0.13689999282360077,0.21320000290870667,0.17309999465942383,0.1599999964237213,0.16590000689029694,0.20739999413490295,0.1281999945640564,0.13490000367164612,0.2092999964952469,0.22349999845027924,0.19009999930858612,0.21299999952316284,0.19449999928474426,0.2013999968767166,0.19429999589920044,0.1965000033378601,0.1551000028848648,0.16130000352859497,0.17419999837875366,0.18289999663829803,0.19699999690055847,0.19419999420642853,0.21050000190734863,0.20149999856948853,0.19480000436306,0.24070000648498535,0.2053000032901764,0.20970000326633453,0.22139999270439148,0.23639999330043793,0.2345999926328659,0.17219999432563782,0.2013999968767166,0.1981000006198883,0.21899999678134918,0.1898999959230423,0.17640000581741333,0.23260000348091125,0.156700000166893,0.2345000058412552,0.22089999914169312,0.23270000517368317,0.21850000321865082,0.1973000019788742,0.2176000028848648,0.21220000088214874,0.23180000483989716,0.23109999299049377,0.23070000112056732,0.24660000205039978,0.23280000686645508,0.2168000042438507,0.23649999499320984,0.1509999930858612,0.19509999454021454,0.2281000018119812,0.1826999932527542,0.21469999849796295,0.24169999361038208,0.17749999463558197,0.19990000128746033,0.21330000460147858,0.23250000178813934,0.17720000445842743,0.1712000072002411,0.19629999995231628,0.16019999980926514,0.23010000586509705,0.18569999933242798,0.23420000076293945,0.17669999599456787,0.20800000429153442,0.16779999434947968,0.20900000631809235,0.21870000660419464,0.19020000100135803,0.1754000037908554,0.0982000008225441,0.17890000343322754,0.2540999948978424,0.20100000500679016,0.17000000178813934,0.22509999573230743,0.18459999561309814,0.1704999953508377,0.21819999814033508,0.21449999511241913,0.19699999690055847,0.17759999632835388,0.21960000693798065,0.13699999451637268,0.20919999480247498,0.19370000064373016,0.2605000138282776,0.20999999344348907,0.21870000660419464,0.21400000154972076,0.21950000524520874,0.21739999949932098,0.23579999804496765,0.2003999948501587,0.19920000433921814,0.19460000097751617,0.2143000066280365,0.21570000052452087,0.20100000500679016,0.2232999950647354,0.1906999945640564,0.19439999759197235,0.19840000569820404,0.1590999960899353,0.21940000355243683,0.21369999647140503,0.23720000684261322,0.2199999988079071,0.21199999749660492,0.15520000457763672,0.17589999735355377,0.2363000065088272,0.23260000348091125,0.19359999895095825,0.15809999406337738,0.21629999577999115,0.1931000053882599,0.23909999430179596,0.23229999840259552,0.21879999339580536,0.19629999995231628,0.2142000049352646,0.21690000593662262,0.1808999925851822,0.19589999318122864,0.21879999339580536,0.24320000410079956,0.21490000188350677,0.22120000422000885,0.19779999554157257,0.19789999723434448,0.2362000048160553,0.22059999406337738,0.13840000331401825,0.13459999859333038,0.19349999725818634,0.1754000037908554,0.1987999975681305,0.1906999945640564,0.23600000143051147,0.2337999939918518,0.21359999477863312,0.21690000593662262,0.17470000684261322,0.19429999589920044,0.19920000433921814,0.26179999113082886,0.17260000109672546,0.23000000417232513,0.24410000443458557,0.17229999601840973,0.21089999377727509,0.20819999277591705,0.2078000009059906,0.23080000281333923,0.2363000065088272,0.15469999611377716,0.26190000772476196,0.24469999969005585,0.1720000058412552,0.2110999971628189,0.179299995303154,0.21150000393390656,0.21060000360012054,0.15440000593662262,0.23749999701976776,0.23440000414848328,0.24160000681877136,0.22990000247955322,0.11379999667406082,0.2363000065088272,0.25380000472068787,0.21240000426769257,0.2329999953508377,0.2434999942779541,0.18070000410079956,0.23849999904632568,0.24819999933242798,0.15389999747276306,0.25600001215934753,0.17949999868869781,0.2467000037431717,0.26579999923706055,0.23340000212192535,0.2565000057220459,0.23309999704360962,0.21170000731945038,0.23800000548362732,0.2345999926328659,0.1354999989271164,0.21960000693798065,0.20160000026226044,0.25619998574256897,0.21780000627040863,0.24060000479221344,0.23849999904632568,0.2563000023365021,0.2533000111579895,0.20200000703334808,0.23109999299049377,0.1941000074148178,0.2721000015735626,0.25189998745918274,0.2451999932527542,0.25099998712539673,0.23250000178813934,0.193900004029274,0.22920000553131104,0.19779999554157257,0.2768999934196472,0.2362000048160553,0.27219998836517334,0.2558000087738037,0.19499999284744263,0.23589999973773956,0.23499999940395355,0.21850000321865082,0.18000000715255737,0.2745000123977661,0.14900000393390656,0.26460000872612,0.21320000290870667,0.25429999828338623,0.27390000224113464,0.23389999568462372,0.2556000053882599,0.31709998846054077,0.2563999891281128,0.23720000684261322,0.29420000314712524,0.15459999442100525,0.17299999296665192,0.29159998893737793,0.2563000023365021,0.2750999927520752,0.271699994802475,0.2379000037908554,0.2712000012397766,0.25459998846054077,0.15870000422000885,0.25279998779296875,0.23180000483989716,0.23499999940395355,0.2337999939918518,0.2547999918460846,0.23280000686645508,0.24469999969005585,0.2393999993801117,0.2337000072002411,0.2549000084400177,0.29249998927116394,0.2759000062942505,0.2870999872684479,0.29829999804496765,0.28859999775886536,0.2874000072479248,0.3167000114917755,0.2939000129699707,0.2897000014781952,0.2759999930858612,0.35089999437332153,0.27869999408721924,0.25200000405311584,0.2913999855518341,0.3077000081539154,0.27790001034736633,0.2782999873161316,0.3440999984741211,0.2467000037431717,0.251800000667572,0.3327000141143799,0.267300009727478,0.3774999976158142,0.2761000096797943,0.3343000113964081,0.3122999966144562,0.28769999742507935,0.31209999322891235,0.3368000090122223,0.33469998836517334,0.2736999988555908,0.23919999599456787,0.2590999901294708,0.367900013923645,0.3758000135421753,0.27709999680519104,0.2551000118255615,0.29120001196861267,0.33250001072883606,0.3109999895095825,0.2964000105857849,0.323199987411499,0.3682999908924103,0.39480000734329224,0.4117000102996826,0.30959999561309814,0.3165999948978424,0.2953000068664551,0.3239000141620636,0.3294999897480011,0.42480000853538513,0.3959999978542328,0.34929999709129333,0.366100013256073,0.34860000014305115,0.3127000033855438,0.4011000096797943,0.44670000672340393,0.3700000047683716,0.43230000138282776,0.3479999899864197,0.4198000133037567,0.38769999146461487,0.4056999981403351,0.3003999888896942,0.37220001220703125,0.28299999237060547,0.31130000948905945,0.31450000405311584,0.40139999985694885,0.38690000772476196,0.3686000108718872,0.3919000029563904,0.3919999897480011,0.40630000829696655,0.45829999446868896,0.3912999927997589,0.3853999972343445,0.4106000065803528,0.38499999046325684,0.4677000045776367,0.4235999882221222,0.384799987077713,0.4259999990463257,0.3294999897480011,0.29499998688697815,0.3882000148296356,0.36090001463890076,0.3955000042915344,0.4609000086784363,0.35670000314712524,0.3598000109195709,0.4372999966144562,0.3937000036239624,0.37700000405311584,0.3472999930381775,0.3991999924182892,0.43070000410079956,0.31709998846054077,0.4122999906539917,0.3720000088214874,0.3379000127315521,0.41260001063346863,0.3156000077724457,0.3693000078201294,0.38670000433921814,0.4140999913215637,0.39750000834465027,0.3831000030040741,0.3749000132083893,0.43470001220703125,0.450300008058548,0.42239999771118164,0.328900009393692,0.3847000002861023,0.3928000032901764,0.35510000586509705,0.34950000047683716,0.3546999990940094,0.37770000100135803,0.3465000092983246,0.4056999981403351,0.4122999906539917,0.39590001106262207,0.4487999975681305,0.4023999869823456,0.38510000705718994,0.37229999899864197,0.3555000126361847,0.3517000079154968,0.4537000060081482,0.3702000081539154,0.29670000076293945,0.4122999906539917,0.32409998774528503,0.3531000018119812,0.3977999985218048,0.42829999327659607,0.3005000054836273,0.4580000042915344,0.45249998569488525,0.5031999945640564,0.4113999903202057,0.4350999891757965,0.47360000014305115,0.3483999967575073,0.42719998955726624,0.36800000071525574,0.38830000162124634,0.4341999888420105,0.3935999870300293,0.428600013256073,0.34630000591278076,0.37549999356269836,0.4287000000476837,0.45159998536109924,0.4361000061035156,0.35109999775886536,0.296999990940094,0.414900004863739,0.37279999256134033,0.4075999855995178,0.39100000262260437,0.29159998893737793,0.41100001335144043,0.4018000066280365,0.4332999885082245,0.4943999946117401,0.4251999855041504,0.39570000767707825,0.41499999165534973,0.41679999232292175,0.41280001401901245,0.4361000061035156,0.40700000524520874,0.39329999685287476,0.45350000262260437,0.5690000057220459,0.42100000381469727,0.5339999794960022,0.4690999984741211,0.38839998841285706,0.4311000108718872,0.37869998812675476,0.42989999055862427,0.3921999931335449,0.4562999904155731,0.39250001311302185,0.3953999876976013,0.45980000495910645,0.4699000120162964,0.3431999981403351,0.3912999927997589,0.429500013589859,0.4311999976634979,0.48429998755455017,0.4336000084877014,0.2971999943256378,0.39079999923706055,0.3912000060081482,0.374099999666214,0.39489999413490295,0.37790000438690186,0.49540001153945923,0.46209999918937683,0.3953999876976013,0.39250001311302185,0.3693999946117401,0.40549999475479126,0.39750000834465027,0.400299996137619,0.4205000102519989,0.33880001306533813,0.33799999952316284,0.38929998874664307,0.5472999811172485,0.47609999775886536,0.49380001425743103,0.47040000557899475,0.4138000011444092,0.3580999970436096,0.5013999938964844,0.4302999973297119,0.451200008392334,0.4383000135421753,0.4178999960422516,0.3375000059604645,0.44839999079704285,0.4700999855995178,0.44040000438690186,0.4156000018119812,0.4862000048160553,0.45719999074935913,0.46880000829696655,0.2962999939918518,0.43619999289512634,0.5099999904632568,0.48510000109672546,0.4050000011920929,0.39660000801086426,0.3752000033855438,0.41449999809265137,0.45669999718666077,0.42730000615119934,0.3982999920845032,0.5375999808311462,0.3921999931335449,0.3650999963283539,0.39010000228881836,0.41040000319480896,0.4763999879360199,0.6080999970436096,0.3815999925136566,0.536300003528595,0.3824999928474426,0.4724000096321106,0.41290000081062317,0.48399999737739563,0.47620001435279846,0.3727000057697296,0.42829999327659607,0.527400016784668,0.4221999943256378,0.49050000309944153,0.39739999175071716,0.4731999933719635,0.412200003862381,0.4309000074863434,0.4772999882698059,0.3068999946117401,0.47049999237060547,0.35569998621940613,0.4661000072956085,0.43799999356269836,0.373199999332428,0.39559999108314514,0.45669999718666077,0.38760000467300415,0.42250001430511475,0.5078999996185303,0.49459999799728394,0.4147000014781952,0.45260000228881836,0.5099999904632568,0.43650001287460327,0.4900999963283539,0.5188999772071838,0.5088000297546387,0.42649999260902405,0.4713999927043915,0.4165000021457672,0.43050000071525574,0.35280001163482666,0.39089998602867126,0.5120999813079834,0.451200008392334,0.4142000079154968,0.5497000217437744,0.5271999835968018,0.553600013256073,0.3675000071525574,0.5182999968528748,0.5189999938011169,0.4343000054359436,0.438400000333786,0.4699999988079071,0.44600000977516174,0.3930000066757202,0.5094000101089478,0.4372999966144562,0.5339000225067139,0.45410001277923584,0.5378999710083008,0.49050000309944153,0.3887999951839447,0.35120001435279846,0.45100000500679016,0.42980000376701355,0.45100000500679016,0.5264000296592712,0.5839999914169312,0.5856999754905701,0.49059998989105225,0.39739999175071716,0.3873000144958496,0.531000018119812,0.5248000025749207,0.43799999356269836,0.45320001244544983,0.39800000190734863,0.4650000035762787,0.376800000667572,0.4429999887943268,0.31360000371932983,0.430400013923645,0.37059998512268066,0.5103999972343445,0.3188000023365021,0.5109000205993652,0.5699999928474426,0.5242000222206116,0.6104000210762024,0.48669999837875366,0.4691999852657318,0.35499998927116394,0.460099995136261,0.5166000127792358,0.5270000100135803,0.45509999990463257,0.4586000144481659,0.5486000180244446,0.392300009727478,0.4422999918460846,0.4652999937534332,0.47780001163482666,0.484499990940094,0.4903999865055084,0.5045999884605408,0.5424000024795532,0.6079999804496765,0.47209998965263367,0.4912000000476837,0.4706999957561493,0.5011000037193298,0.49549999833106995,0.6248000264167786,0.49380001425743103,0.54339998960495,0.5527999997138977,0.5260000228881836,0.48660001158714294,0.5273000001907349,0.46779999136924744,0.3686999976634979,0.34850001335144043,0.5328999757766724,0.5102999806404114,0.4943000078201294,0.4742000102996826,0.526199996471405,0.5867000222206116,0.4259999990463257,0.595300018787384,0.49320000410079956,0.4717000126838684,0.36899998784065247,0.335099995136261,0.5102999806404114,0.4959000051021576,0.5605000257492065,0.3750999867916107,0.4325000047683716,0.5042999982833862,0.45339998602867126,0.41040000319480896,0.43140000104904175,0.45170000195503235,0.4894999861717224,0.49160000681877136,0.554099977016449,0.5066999793052673,0.5706999897956848,0.5228000283241272,0.5296000242233276,0.5245000123977661,0.5313000082969666,0.3752000033855438,0.5881999731063843,0.34769999980926514,0.4440999925136566,0.5297999978065491,0.4668999910354614,0.4903999865055084,0.4661000072956085,0.5993000268936157,0.3840000033378601,0.5403000116348267,0.57669997215271,0.5817999839782715,0.5078999996185303,0.4912000000476837,0.4830000102519989,0.5306000113487244,0.44110000133514404,0.5235000252723694,0.5101000070571899,0.5135999917984009,0.512499988079071,0.49959999322891235,0.4251999855041504,0.48910000920295715,0.4830999970436096,0.4862000048160553,0.5077999830245972,0.5636000037193298,0.49300000071525574,0.4871000051498413,0.5566999912261963,0.47440001368522644,0.5763999819755554,0.4846999943256378,0.5169000029563904,0.4733000099658966,0.503000020980835,0.6043999791145325,0.629800021648407,0.5550000071525574,0.42829999327659607,0.5054000020027161,0.5827000141143799,0.6036999821662903,0.5669000148773193,0.42829999327659607,0.6141999959945679,0.4530999958515167,0.39430001378059387,0.4530999958515167,0.4925999939441681,0.491100013256073,0.531499981880188,0.3580999970436096,0.4742000102996826,0.4627000093460083,0.61080002784729,0.5960999727249146,0.4056999981403351,0.6126999855041504,0.6051999926567078,0.34769999980926514,0.5166000127792358,0.4390000104904175,0.5295000076293945,0.5060999989509583,0.5162000060081482,0.4555000066757202,0.3864000141620636,0.41350001096725464,0.5885000228881836,0.5349000096321106,0.4481000006198883,0.5685999989509583,0.4844000041484833,0.5457000136375427,0.4754999876022339,0.552299976348877,0.4740000069141388,0.4715000092983246,0.5148000121116638,0.5268999934196472,0.5331000089645386,0.5400000214576721,0.5335999727249146,0.44609999656677246,0.5504000186920166,0.5092999935150146,0.5105999708175659,0.5741000175476074,0.48489999771118164,0.4050999879837036,0.5511999726295471,0.4058000147342682,0.54339998960495,0.5878000259399414,0.4131999909877777,0.5439000129699707,0.565500020980835,0.5181999802589417,0.39010000228881836,0.4887999892234802,0.46860000491142273,0.5669999718666077,0.5259000062942505,0.5264999866485596,0.6516000032424927,0.49639999866485596,0.5286999940872192,0.5297999978065491,0.5220000147819519,0.49559998512268066,0.49050000309944153,0.5268999934196472,0.5421000123023987,0.48989999294281006,0.5303999781608582,0.6097999811172485,0.5479000210762024,0.5612999796867371,0.6270999908447266,0.5631999969482422,0.5644000172615051,0.46050000190734863,0.5478000044822693,0.5013999938964844,0.5306000113487244,0.5224000215530396,0.45980000495910645,0.517799973487854,0.47450000047683716,0.5092999935150146,0.5374000072479248,0.5324000120162964,0.5051000118255615,0.5472000241279602,0.5112000107765198,0.5034000277519226,0.5128999948501587,0.5888000130653381,0.5300999879837036,0.5449000000953674,0.5396000146865845,0.4880000054836273,0.45320001244544983,0.45680001378059387,0.5746999979019165,0.39419999718666077,0.5339000225067139,0.5392000079154968,0.46970000863075256,0.5139999985694885,0.41780000925064087,0.5282999873161316,0.41019999980926514,0.48820000886917114,0.5548999905586243,0.492000013589859,0.5667999982833862,0.5081999897956848,0.5454999804496765,0.4388999938964844,0.453900009393692,0.47929999232292175,0.5422999858856201,0.49070000648498535,0.474700003862381,0.5228000283241272,0.5432000160217285,0.5885000228881836,0.4846999943256378,0.5062000155448914,0.5056999921798706,0.5550000071525574,0.531499981880188,0.46050000190734863,0.49070000648498535,0.5587999820709229,0.42739999294281006,0.5400999784469604,0.5224000215530396,0.43540000915527344,0.6033999919891357,0.4262999892234802,0.47269999980926514,0.550599992275238,0.48649999499320984,0.5663999915122986,0.5051000118255615,0.545199990272522,0.5508000254631042,0.33250001072883606,0.597000002861023,0.5716999769210815,0.48809999227523804,0.546500027179718,0.5467000007629395,0.5249000191688538,0.5957000255584717,0.6065999865531921,0.4343000054359436,0.5437999963760376,0.483599990606308,0.5087000131607056,0.5313000082969666,0.47450000047683716,0.6103000044822693,0.5084999799728394,0.5372999906539917,0.6635000109672546,0.5659000277519226,0.4851999878883362,0.4690999984741211,0.43720000982284546,0.4239000082015991,0.4830000102519989,0.4925000071525574,0.4537999927997589,0.5117999911308289,0.492000013589859,0.6097000241279602,0.5699999928474426,0.4526999890804291,0.5695000290870667,0.5677000284194946,0.6603999733924866,0.5504999756813049,0.535099983215332,0.5759999752044678,0.5289999842643738,0.5310999751091003,0.5357000231742859,0.5458999872207642,0.49480000138282776,0.4092999994754791,0.5633000135421753,0.6111999750137329,0.5440999865531921,0.49950000643730164,0.5404999852180481,0.5131000280380249,0.5874000191688538,0.4431000053882599,0.41609999537467957,0.4740999937057495,0.41200000047683716,0.47119998931884766,0.599399983882904,0.5620999932289124,0.5776000022888184,0.5935999751091003,0.54339998960495,0.4422000050544739,0.5654000043869019,0.508400022983551,0.4799000024795532,0.5331000089645386,0.567300021648407,0.4821000099182129,0.4921000003814697,0.49050000309944153,0.5703999996185303,0.5910999774932861,0.6129999756813049,0.6049000024795532,0.5270000100135803,0.5917999744415283,0.47110000252723694,0.5809999704360962,0.542900025844574,0.5504000186920166,0.5503000020980835,0.531000018119812,0.503000020980835,0.4902999997138977,0.5195000171661377,0.512499988079071,0.5098000168800354,0.4659999907016754,0.5285999774932861,0.5242000222206116,0.567799985408783,0.5321000218391418,0.5468999743461609,0.454800009727478,0.527999997138977,0.4724999964237213,0.5891000032424927,0.5611000061035156,0.4602000117301941,0.44359999895095825,0.41130000352859497,0.4731999933719635,0.4876999855041504,0.54339998960495,0.5286999940872192,0.5489000082015991,0.58160001039505,0.5307000279426575,0.5289999842643738,0.689300000667572,0.4357999861240387,0.5335999727249146,0.5898000001907349,0.43479999899864197,0.5841000080108643,0.5514000058174133,0.6455000042915344,0.5821999907493591,0.5291000008583069,0.5218999981880188,0.4528999924659729,0.5281999707221985,0.5084999799728394,0.550599992275238,0.5690000057220459,0.4708999991416931,0.5727999806404114,0.6183000206947327,0.5511000156402588,0.5716000199317932,0.4945000112056732,0.4115000069141388,0.5315999984741211,0.46230000257492065,0.5519000291824341,0.4668999910354614,0.6028000116348267,0.4754999876022339,0.5748000144958496,0.5327000021934509,0.6065000295639038,0.5914999842643738,0.574400007724762,0.5315999984741211,0.491100013256073,0.5221999883651733,0.4562000036239624,0.5690000057220459,0.573199987411499,0.612500011920929,0.5437999963760376,0.5795999765396118,0.5722000002861023,0.484499990940094,0.6287999749183655,0.5627999901771545,0.4560000002384186,0.5130000114440918,0.5680000185966492,0.5633000135421753,0.5116000175476074,0.42980000376701355,0.4174000024795532,0.5623000264167786,0.5460000038146973,0.5878999829292297,0.49000000953674316,0.5685999989509583,0.5385000109672546,0.5041000247001648,0.5070000290870667,0.47440001368522644,0.4745999872684479,0.6474000215530396,0.5421000123023987,0.4341000020503998,0.5679000020027161,0.550599992275238,0.43639999628067017,0.5465999841690063,0.4765999913215637,0.5335999727249146,0.574400007724762,0.5238999724388123,0.5873000025749207,0.5825999975204468,0.6848999857902527,0.4104999899864197,0.5770000219345093,0.5350000262260437,0.5270000100135803,0.49140000343322754,0.4875999987125397,0.47380000352859497,0.5047000050544739,0.5853999853134155,0.6398000121116638,0.621399998664856,0.6032000184059143,0.6273999810218811,0.506600022315979,0.5845999717712402,0.5882999897003174,0.47620001435279846,0.5080000162124634,0.5157999992370605,0.652899980545044,0.5429999828338623,0.5814999938011169,0.5819000005722046,0.5259000062942505,0.5839999914169312,0.4489000141620636,0.48069998621940613,0.41449999809265137,0.4708000123500824,0.42739999294281006,0.5546000003814697,0.6366999745368958,0.5281000137329102,0.5620999932289124,0.4499000012874603,0.6043999791145325,0.5120000243186951,0.5873000025749207,0.541700005531311,0.4810999929904938,0.5065000057220459,0.5672000050544739,0.6075000166893005,0.4641000032424927,0.593999981880188,0.5042999982833862,0.450300008058548,0.4708999991416931,0.5631999969482422,0.6089000105857849,0.4984000027179718,0.5097000002861023,0.43959999084472656,0.4799000024795532,0.6370000243186951,0.4277999997138977,0.5712000131607056,0.4571000039577484,0.5511000156402588,0.49050000309944153,0.609499990940094,0.5080000162124634,0.5662000179290771,0.6230999827384949,0.5327000021934509,0.6078000068664551,0.46470001339912415,0.5080999732017517,0.5428000092506409,0.5712000131607056,0.5782999992370605,0.43299999833106995,0.529699981212616,0.5820000171661377,0.5680999755859375,0.5181999802589417,0.46630001068115234,0.5432999730110168,0.48260000348091125,0.4973999857902527,0.5357000231742859,0.6008999943733215,0.5024999976158142,0.5332000255584717,0.5550000071525574,0.5508000254631042,0.4478999972343445,0.501800000667572,0.6717000007629395,0.5162000060081482,0.6061999797821045,0.4934999942779541,0.5605000257492065,0.42649999260902405,0.4323999881744385,0.4648999869823456,0.5138000249862671,0.5543000102043152,0.5479999780654907,0.6090999841690063,0.5716000199317932,0.5112000107765198,0.5113000273704529,0.5756999850273132,0.5285000205039978,0.5349000096321106,0.5885000228881836,0.5364000201225281,0.585099995136261,0.5069000124931335,0.5123000144958496,0.5138000249862671,0.5023999810218811,0.5763000249862671,0.5465999841690063,0.5659000277519226,0.5045999884605408,0.5573999881744385,0.5080999732017517,0.5683000087738037,0.5239999890327454,0.5336999893188477,0.4571000039577484,0.5357999801635742,0.6274999976158142,0.5253999829292297,0.5735999941825867,0.6280999779701233,0.5656999945640564,0.5543000102043152,0.5715000033378601,0.454800009727478,0.4864000082015991,0.4528000056743622,0.564300000667572,0.42149999737739563,0.5892999768257141,0.5720000267028809,0.5698000192642212,0.5250999927520752,0.49300000071525574,0.4291999936103821,0.4345000088214874,0.5867999792098999,0.39340001344680786,0.5281999707221985,0.4521999955177307,0.6101999878883362,0.6690000295639038,0.5716999769210815,0.5254999995231628,0.5486999750137329,0.5496000051498413,0.506600022315979,0.4934999942779541,0.5418000221252441,0.5927000045776367,0.4056999981403351,0.4941999912261963,0.4717999994754791,0.4514999985694885,0.5349000096321106,0.5302000045776367,0.4659000039100647,0.46700000762939453,0.4302999973297119,0.5917999744415283,0.6086999773979187,0.47350001335144043,0.5246000289916992,0.4611000120639801,0.5855000019073486,0.5178999900817871,0.5325999855995178,0.5318999886512756,0.48660001158714294,0.4146000146865845,0.5322999954223633,0.545799970626831,0.40860000252723694,0.5885999798774719,0.5073999762535095,0.5507000088691711,0.4683000147342682,0.4447000026702881,0.5875999927520752,0.4474000036716461,0.5490999817848206,0.5138999819755554,0.546999990940094,0.4945000112056732,0.4885999858379364,0.5278000235557556,0.4507000148296356,0.5239999890327454,0.5092999935150146,0.4081000089645386,0.46219998598098755,0.5877000093460083,0.49410000443458557,0.5871999859809875,0.5936999917030334,0.5060999989509583,0.4731999933719635,0.43059998750686646,0.5303000211715698,0.4672999978065491,0.42809998989105225,0.5187000036239624,0.4440000057220459,0.5383999943733215,0.5397999882698059,0.5060999989509583,0.43320000171661377,0.42410001158714294,0.3684000074863434,0.49459999799728394,0.47130000591278076,0.3950999975204468,0.506600022315979,0.5709999799728394,0.508899986743927,0.513700008392334,0.5476999878883362,0.5274999737739563,0.4620000123977661,0.5325999855995178,0.5931000113487244,0.49230000376701355,0.43880000710487366,0.5320000052452087,0.48820000886917114,0.5060999989509583,0.5540000200271606,0.490200012922287,0.5479000210762024,0.5297999978065491,0.5267000198364258,0.474700003862381,0.4697999954223633,0.5112000107765198,0.4429999887943268,0.4887000024318695,0.5347999930381775,0.6317999958992004,0.589900016784668,0.46650001406669617,0.5422999858856201,0.5924000144004822,0.6175000071525574,0.4715999960899353,0.4902999997138977,0.585099995136261,0.5537999868392944,0.46480000019073486,0.48989999294281006,0.5063999891281128,0.5307999849319458,0.4699000120162964,0.41130000352859497,0.6074000000953674,0.5139999985694885,0.5609999895095825,0.5,0.49810001254081726,0.49320000410079956,0.5644999742507935,0.6086000204086304,0.42879998683929443,0.46860000491142273,0.5056999921798706,0.5651999711990356,0.5425999760627747,0.47920000553131104,0.4659999907016754,0.5893999934196472,0.5985000133514404,0.5508999824523926,0.5882999897003174,0.4830000102519989,0.5073999762535095,0.4740999937057495,0.4291999936103821,0.5127000212669373,0.5690000057220459,0.5289000272750854,0.6281999945640564,0.5694000124931335,0.5504999756813049,0.5871999859809875,0.553600013256073,0.539900004863739,0.5703999996185303,0.3970000147819519,0.5454999804496765,0.546999990940094,0.6040999889373779,0.5864999890327454,0.6043000221252441,0.5666000247001648,0.5069000124931335,0.4952000081539154,0.5177000164985657,0.4950999915599823,0.5453000068664551,0.49309998750686646,0.586899995803833,0.4903999865055084,0.492000013589859,0.5564000010490417,0.5454999804496765,0.48399999737739563,0.5726000070571899,0.4758000075817108,0.5339999794960022,0.536300003528595,0.4230000078678131,0.535099983215332,0.5271000266075134,0.5220000147819519,0.5342000126838684,0.5231999754905701,0.5231000185012817,0.5504000186920166,0.46970000863075256,0.4309000074863434,0.6866000294685364,0.46970000863075256,0.5141000151634216,0.5527999997138977,0.3774999976158142,0.5110999941825867,0.4740000069141388,0.5094000101089478,0.4837000072002411,0.3684999942779541,0.4796999990940094,0.4056999981403351,0.5277000069618225,0.644599974155426,0.47189998626708984,0.43479999899864197,0.5533000230789185,0.5016000270843506,0.6345000267028809,0.5418000221252441,0.5756999850273132,0.5856000185012817,0.49129998683929443,0.5432999730110168,0.5357000231742859,0.5364999771118164,0.5095000267028809,0.5855000019073486,0.5645999908447266,0.5879999995231628,0.5138999819755554,0.5083000063896179
0.4661000072956085,0.27070000767707825,0.01759999990463257,0.019600000232458115,0.01979999989271164,0.01940000057220459,0.02239999920129776,0.020800000056624413,0.017799999564886093,0.020899999886751175,0.016599999740719795,0.01940000057220459,0.017000000923871994,0.01730000041425228,0.02070000022649765,0.019899999722838402,0.02019999921321869,0.0203000009059906,0.019600000232458115,0.01759999990463257,0.019200000911951065,0.0,0.0,0.0,0.0,0.0,0.0,0.0,0.0,0.0,0.0,0.0,0.0,0.0,0.0,0.0,0.0,0.0,0.0,0.0,0.0,0.0,0.0,0.0,0.0,0.0,0.0,0.0,0.0,0.0,0.0,0.0,0.0,0.0,0.0,0.0,0.0,0.0,0.0,0.0,0.0,0.0,0.0,0.0,0.0,0.0,0.0,0.0,0.0,0.0,0.0,0.0,0.0,0.0,0.02070000022649765,0.0,0.0,0.0,0.01940000057220459,0.0,0.018699999898672104,0.0,0.0,0.0,0.0,0.0,0.0,0.0,0.0,0.0,0.0,0.0,0.01850000023841858,0.0,0.0,0.0,0.0,0.0,0.0,0.0,0.0,0.0,0.0,0.0,0.0,0.0,0.0,0.0,0.0,0.0,0.0,0.0,0.0,0.0,0.0,0.0,0.01769999973475933,0.0,0.0,0.0,0.0,0.0,0.0,0.0,0.019300000742077827,0.0,0.0,0.0,0.0,0.0,0.0,0.0,0.0,0.0,0.0,0.0,0.0,0.0,0.0,0.0,0.0,0.0,0.0,0.0,0.0,0.0,0.0,0.0,0.0,0.0,0.0,0.0,0.0,0.0,0.0,0.0,0.0,0.0,0.0,0.0,0.0,0.0,0.020899999886751175,0.0,0.02290000021457672,0.0,0.0,0.0,0.020400000736117363,0.0,0.0,0.0,0.019099999219179153,0.0,0.019999999552965164,0.020600000396370888,0.0,0.0,0.0,0.0,0.0,0.0,0.020999999716877937,0.0,0.0,0.0,0.0,0.0,0.0,0.0,0.0,0.0,0.0,0.0,0.0,0.019099999219179153,0.0,0.03689999878406525,0.03909999877214432,0.0,0.0,0.0,0.019600000232458115,0.0,0.0,0.01679999940097332,0.0,0.0,0.0,0.0,0.0,0.0,0.0,0.0,0.04100000113248825,0.03779999911785126,0.0,0.0,0.0,0.0,0.0,0.0,0.022099999710917473,0.04190000146627426,0.0,0.01889999955892563,0.0,0.02019999921321869,0.0,0.020099999383091927,0.03999999910593033,0.0,0.05909999832510948,0.03849999979138374,0.019200000911951065,0.0,0.0,0.017799999564886093,0.0,0.0,0.0,0.0,0.0,0.0,0.0,0.038100000470876694,0.019700000062584877,0.03790000081062317,0.035999998450279236,0.0,0.0,0.040699999779462814,0.0210999995470047,0.03909999877214432,0.017899999395012856,0.019200000911951065,0.0,0.019700000062584877,0.03849999979138374,0.04390000179409981,0.05820000171661377,0.03759999945759773,0.041099999099969864,0.0,0.019899999722838402,0.0,0.020899999886751175,0.01759999990463257,0.03840000182390213,0.03739999979734421,0.05559999868273735,0.03579999879002571,0.03720000013709068,0.040699999779462814,0.0,0.0,0.041200000792741776,0.039000000804662704,0.03620000183582306,0.019099999219179153,0.0,0.0,0.0,0.0,0.04190000146627426,0.018200000748038292,0.0632999986410141,0.05400000140070915,0.061799999326467514,0.03689999878406525,0.04010000079870224,0.04230000078678131,0.04010000079870224,0.0,0.0421999990940094,0.03739999979734421,0.057100001722574234,0.0,0.04039999842643738,0.04340000078082085,0.0,0.060600001364946365,0.03790000081062317,0.03819999843835831,0.040300000458955765,0.06199999898672104,0.017999999225139618,0.03849999979138374,0.0,0.04100000113248825,0.041200000792741776,0.018799999728798866,0.01899999938905239,0.05770000070333481,0.02019999921321869,0.0,0.0,0.03849999979138374,0.0,0.05829999968409538,0.0,0.05829999968409538,0.041600000113248825,0.020800000056624413,0.0,0.06310000270605087,0.01940000057220459,0.0,0.0,0.05820000171661377,0.059300001710653305,0.0,0.0,0.05909999832510948,0.03779999911785126,0.03819999843835831,0.053599998354911804,0.05920000001788139,0.020099999383091927,0.03680000081658363,0.0414000004529953,0.03629999980330467,0.0,0.0568000003695488,0.06109999865293503,0.07329999655485153,0.0,0.03620000183582306,0.03970000147819519,0.0,0.03830000013113022,0.018200000748038292,0.07660000026226044,0.05849999934434891,0.01940000057220459,0.1177000030875206,0.018799999728798866,0.01860000006854534,0.07900000363588333,0.05660000070929527,0.037700001150369644,0.07800000160932541,0.04129999876022339,0.07460000365972519,0.07919999957084656,0.14229999482631683,0.11330000311136246,0.12399999797344208,0.09880000352859497,0.11400000005960464,0.11890000104904175,0.1371999979019165,0.04170000180602074,0.09920000284910202,0.11630000174045563,0.11620000004768372,0.0763000026345253,0.1396999955177307,0.13920000195503235,0.13500000536441803,0.10279999673366547,0.12080000340938568,0.1193000003695488,0.1006999984383583,0.12370000034570694,0.07750000059604645,0.10090000182390213,0.1005999967455864,0.0551999993622303,0.0771000012755394,0.11559999734163284,0.11949999630451202,0.13729999959468842,0.08259999752044678,0.09610000252723694,0.08150000125169754,0.11789999902248383,0.11789999902248383,0.12049999833106995,0.03909999877214432,0.08089999854564667,0.08510000258684158,0.08219999819993973,0.11429999768733978,0.15240000188350677,0.1282999962568283,0.09839999675750732,0.12139999866485596,0.1615999937057495,0.15610000491142273,0.17649999260902405,0.11890000104904175,0.11509999632835388,0.1581999957561493,0.07750000059604645,0.0949999988079071,0.179299995303154,0.09950000047683716,0.15860000252723694,0.15690000355243683,0.1599999964237213,0.11219999939203262,0.09489999711513519,0.12280000001192093,0.1387999951839447,0.12880000472068787,0.13539999723434448,0.17440000176429749,0.07760000228881836,0.13449999690055847,0.11620000004768372,0.11490000039339066,0.0794999971985817,0.15569999814033508,0.07540000230073929,0.16040000319480896,0.1388999968767166,0.11649999767541885,0.14010000228881836,0.12110000103712082,0.15620000660419464,0.16329999268054962,0.1606999933719635,0.11720000207424164,0.15299999713897705,0.13850000500679016,0.1501999944448471,0.16210000216960907,0.12200000137090683,0.09690000116825104,0.07590000331401825,0.13459999859333038,0.120899997651577,0.10029999911785126,0.15860000252723694,0.08009999990463257,0.15299999713897705,0.193900004029274,0.15940000116825104,0.12839999794960022,0.15479999780654907,0.08110000193119049,0.1581999957561493,0.1501999944448471,0.12219999730587006,0.11590000241994858,0.17509999871253967,0.17319999635219574,0.09470000118017197,0.18209999799728394,0.20170000195503235,0.20020000636577606,0.1768999993801117,0.17409999668598175,0.15780000388622284,0.12120000272989273,0.20069999992847443,0.1881999969482422,0.13850000500679016,0.19820000231266022,0.15780000388622284,0.15150000154972076,0.1956000030040741,0.19850000739097595,0.193900004029274,0.14630000293254852,0.13899999856948853,0.19380000233650208,0.19339999556541443,0.19339999556541443,0.16110000014305115,0.15569999814033508,0.13729999959468842,0.1615000069141388,0.12039999663829803,0.17350000143051147,0.16189999878406525,0.15330000221729279,0.19609999656677246,0.17299999296665192,0.21089999377727509,0.20329999923706055,0.1581999957561493,0.15369999408721924,0.15189999341964722,0.16930000483989716,0.1753000020980835,0.1800999939441681,0.15299999713897705,0.21410000324249268,0.15610000491142273,0.1387999951839447,0.13330000638961792,0.20000000298023224,0.19859999418258667,0.17560000717639923,0.21780000627040863,0.20550000667572021,0.19349999725818634,0.16359999775886536,0.19059999287128448,0.20010000467300415,0.16200000047683716,0.19789999723434448,0.19529999792575836,0.11879999935626984,0.1703999936580658,0.20239999890327454,0.19869999587535858,0.19419999420642853,0.1931000053882599,0.1940000057220459,0.19619999825954437,0.15929999947547913,0.195700004696846,0.2087000012397766,0.19589999318122864,0.1818999946117401,0.11289999634027481,0.17710000276565552,0.2102999985218048,0.1995999962091446,0.23810000717639923,0.21070000529289246,0.1745000034570694,0.19990000128746033,0.19470000267028809,0.21209999918937683,0.11710000038146973,0.1745000034570694,0.19480000436306,0.23770000040531158,0.22040000557899475,0.15870000422000885,0.1785999983549118,0.18950000405311584,0.20200000703334808,0.20880000293254852,0.1956000030040741,0.21529999375343323,0.21619999408721924,0.1729000061750412,0.21170000731945038,0.17720000445842743,0.1671999990940094,0.2079000025987625,0.16050000488758087,0.20980000495910645,0.1776999980211258,0.21709999442100525,0.1762000024318695,0.21870000660419464,0.1712999939918518,0.22120000422000885,0.21379999816417694,0.2012999951839447,0.19660000503063202,0.21729999780654907,0.21299999952316284,0.21140000224113464,0.1745000034570694,0.14069999754428864,0.17489999532699585,0.17759999632835388,0.20069999992847443,0.21369999647140503,0.16009999811649323,0.22619999945163727,0.1712999939918518,0.20669999718666077,0.20180000364780426,0.21490000188350677,0.22130000591278076,0.13120000064373016,0.21809999644756317,0.22139999270439148,0.2143000066280365,0.17550000548362732,0.17499999701976776,0.1996999979019165,0.21610000729560852,0.2151000052690506,0.2175000011920929,0.24089999496936798,0.18569999933242798,0.1324000060558319,0.20630000531673431,0.2101999968290329,0.20909999310970306,0.20589999854564667,0.18970000743865967,0.21140000224113464,0.1941000074148178,0.19699999690055847,0.21089999377727509,0.23659999668598175,0.21130000054836273,0.22020000219345093,0.17499999701976776,0.18050000071525574,0.21860000491142273,0.2134999930858612,0.17479999363422394,0.2386000007390976,0.2126999944448471,0.22110000252723694,0.18019999563694,0.21130000054836273,0.2020999938249588,0.21809999644756317,0.21439999341964722,0.18979999423027039,0.21879999339580536,0.1987999975681305,0.1395999938249588,0.1770000010728836,0.17870000004768372,0.21050000190734863,0.18950000405311584,0.2337000072002411,0.20000000298023224,0.21119999885559082,0.21860000491142273,0.17749999463558197,0.21629999577999115,0.21410000324249268,0.2110999971628189,0.19480000436306,0.19269999861717224,0.20350000262260437,0.17479999363422394,0.2160000056028366,0.21699999272823334,0.2143000066280365,0.21490000188350677,0.2126999944448471,0.22439999878406525,0.23810000717639923,0.19670000672340393,0.193900004029274,0.23839999735355377,0.19269999861717224,0.23149999976158142,0.17630000412464142,0.1678999960422516,0.21879999339580536,0.20309999585151672,0.19280000030994415,0.2076999992132187,0.19509999454021454,0.2160000056028366,0.20749999582767487,0.19329999387264252,0.21089999377727509,0.23659999668598175,0.19259999692440033,0.19550000131130219,0.1728000044822693,0.17880000174045563,0.23489999771118164,0.18019999563694,0.21330000460147858,0.1656000018119812,0.2387000024318695,0.22759999334812164,0.2143000066280365,0.15970000624656677,0.21299999952316284,0.2160000056028366,0.20000000298023224,0.15719999372959137,0.20890000462532043,0.19550000131130219,0.22390000522136688,0.2084999978542328,0.1770000010728836,0.23260000348091125,0.2167000025510788,0.19519999623298645,0.21410000324249268,0.24060000479221344,0.21870000660419464,0.19529999792575836,0.23739999532699585,0.19599999487400055,0.2004999965429306,0.16279999911785126,0.20839999616146088,0.2134999930858612,0.22130000591278076,0.21459999680519104,0.21879999339580536,0.2143000066280365,0.2379000037908554,0.22050000727176666,0.21439999341964722,0.1776999980211258,0.1761000007390976,0.21610000729560852,0.21389999985694885,0.20890000462532043,0.21199999749660492,0.23980000615119934,0.19179999828338623,0.21529999375343323,0.20880000293254852,0.21529999375343323,0.2176000028848648,0.19329999387264252,0.21580000221729279,0.14149999618530273,0.21469999849796295,0.13660000264644623,0.21819999814033508,0.2126999944448471,0.12200000137090683,0.19300000369548798,0.17800000309944153,0.18119999766349792,0.20000000298023224,0.2110999971628189,0.21150000393390656,0.2126999944448471,0.1762000024318695,0.21709999442100525,0.21130000054836273,0.23229999840259552,0.19589999318122864,0.23360000550746918,0.2198999971151352,0.19509999454021454,0.23330000042915344,0.17560000717639923,0.2184000015258789,0.2062000036239624,0.19419999420642853,0.24619999527931213,0.22519999742507935,0.25220000743865967,0.23180000483989716,0.22949999570846558,0.25290000438690186,0.21789999306201935,0.2459000051021576,0.195700004696846,0.22470000386238098,0.2110999971628189,0.23340000212192535,0.2515000104904175,0.24879999458789825,0.23229999840259552,0.24390000104904175,0.25839999318122864,0.2084999978542328,0.2619999945163727,0.21040000021457672,0.21279999613761902,0.2378000020980835,0.23489999771118164,0.23729999363422394,0.17350000143051147,0.2563000023365021,0.2410999983549118,0.19619999825954437,0.22750000655651093,0.1728000044822693,0.25529998540878296,0.2702000141143799,0.24779999256134033,0.26570001244544983,0.21150000393390656,0.25060001015663147,0.2551000118255615,0.17299999296665192,0.1808999925851822,0.2540000081062317,0.2304999977350235,0.24269999563694,0.23899999260902405,0.25760000944137573,0.2176000028848648,0.17949999868869781,0.24070000648498535,0.155799999833107,0.2522999942302704,0.25189998745918274,0.25270000100135803,0.24950000643730164,0.19709999859333038,0.2529999911785126,0.22830000519752502,0.2483000010251999,0.17399999499320984,0.25999999046325684,0.24560000002384186,0.15710000693798065,0.2578999996185303,0.25380000472068787,0.2930000126361847,0.2786000072956085,0.27079999446868896,0.271699994802475,0.23160000145435333,0.2736999988555908,0.2379000037908554,0.2759000062942505,0.14720000326633453,0.2117999941110611,0.23520000278949738,0.2126999944448471,0.2563000023365021,0.17520000040531158,0.21299999952316284,0.2768000066280365,0.23669999837875366,0.21969999372959137,0.21060000360012054,0.211899995803833,0.27090001106262207,0.2572999894618988,0.2793000042438507,0.2003999948501587,0.23190000653266907,0.2515000104904175,0.2508000135421753,0.25029999017715454,0.23420000076293945,0.19210000336170197,0.2782000005245209,0.26100000739097595,0.27889999747276306,0.2563999891281128,0.27810001373291016,0.22759999334812164,0.2818000018596649,0.25540000200271606,0.27570000290870667,0.31189998984336853,0.2533000111579895,0.22859999537467957,0.30160000920295715,0.24009999632835388,0.23319999873638153,0.3206000030040741,0.25850000977516174,0.2320999950170517,0.22020000219345093,0.21619999408721924,0.23669999837875366,0.251800000667572,0.25279998779296875,0.2883000075817108,0.2784000039100647,0.27639999985694885,0.321399986743927,0.29030001163482666,0.3504999876022339,0.2743000090122223,0.272599995136261,0.2387000024318695,0.27399998903274536,0.27250000834465027,0.25859999656677246,0.20739999413490295,0.29269999265670776,0.2992999851703644,0.3012000024318695,0.2759999930858612,0.26100000739097595,0.2775000035762787,0.2921999990940094,0.31529998779296875,0.29249998927116394,0.2728999853134155,0.2897999882698059,0.2556000053882599,0.3379000127315521,0.314300000667572,0.2978000044822693,0.2538999915122986,0.3375000059604645,0.3504999876022339,0.2890999913215637,0.30219998955726624,0.2549000084400177,0.3050000071525574,0.19050000607967377,0.2513999938964844,0.33809998631477356,0.2953000068664551,0.2702000141143799,0.250900000333786,0.3124000132083893,0.26249998807907104,0.267300009727478,0.3131999969482422,0.27880001068115234,0.2761000096797943,0.33629998564720154,0.35089999437332153,0.3122999966144562,0.30469998717308044,0.335999995470047,0.22769999504089355,0.3154999911785126,0.25600001215934753,0.2946999967098236,0.3303000032901764,0.2870999872684479,0.27480000257492065,0.3310000002384186,0.33009999990463257,0.37279999256134033,0.3343000113964081,0.31040000915527344,0.33329999446868896,0.22990000247955322,0.31060001254081726,0.29330000281333923,0.27300000190734863,0.3325999975204468,0.28630000352859497,0.2572999894618988,0.30889999866485596,0.3133000135421753,0.3154999911785126,0.3034000098705292,0.3391999900341034,0.3109999895095825,0.3375999927520752,0.25589999556541443,0.3630000054836273,0.2696000039577484,0.31850001215934753,0.31439998745918274,0.2872999906539917,0.3319000005722046,0.3109999895095825,0.37720000743865967,0.2718999981880188,0.3296000063419342,0.33959999680519104,0.3246000111103058,0.3100999891757965,0.31709998846054077,0.2784999907016754,0.3343000113964081,0.33500000834465027,0.39719998836517334,0.35580000281333923,0.29429998993873596,0.37220001220703125,0.3303000032901764,0.30720001459121704,0.33000001311302185,0.35499998927116394,0.2953999936580658,0.3172000050544739,0.3052999973297119,0.3391000032424927,0.31940001249313354,0.30889999866485596,0.30079999566078186,0.3652999997138977,0.24140000343322754,0.33809998631477356,0.3147999942302704,0.26249998807907104,0.2556000053882599,0.2793000042438507,0.2736999988555908,0.24969999492168427,0.3160000145435333,0.296999990940094,0.2962000072002411,0.1981000006198883,0.31439998745918274,0.34880000352859497,0.34929999709129333,0.2971000075340271,0.35409998893737793,0.27639999985694885,0.37049999833106995,0.295199990272522,0.24619999527931213,0.3930000066757202,0.3312999904155731,0.3634999990463257,0.3917999863624573,0.2660999894142151,0.271699994802475,0.3479999899864197,0.37209999561309814,0.3183000087738037,0.289000004529953,0.35019999742507935,0.387800008058548,0.3330000042915344,0.37119999527931213,0.4377000033855438,0.19099999964237213,0.3671000003814697,0.3594000041484833,0.35339999198913574,0.45080000162124634,0.32010000944137573,0.34049999713897705,0.30880001187324524,0.290800005197525,0.3353999853134155,0.33880001306533813,0.33090001344680786,0.30809998512268066,0.436599999666214,0.41440001130104065,0.38029998540878296,0.3522999882698059,0.43540000915527344,0.2888999879360199,0.2700999975204468,0.4383000135421753,0.3540000021457672,0.3871999979019165,0.2768000066280365,0.24899999797344208,0.38760000467300415,0.39899998903274536,0.23160000145435333,0.23770000040531158,0.31690001487731934,0.37950000166893005,0.35740000009536743,0.27810001373291016,0.3118000030517578,0.24160000681877136,0.257999986410141,0.29260000586509705,0.3529999852180481,0.39590001106262207,0.3375000059604645,0.301800012588501,0.24940000474452972,0.37139999866485596,0.3005000054836273,0.290800005197525,0.32100000977516174,0.3386000096797943,0.2685999870300293,0.32510000467300415,0.2985000014305115,0.41359999775886536,0.27399998903274536,0.3847000002861023,0.2784999907016754,0.39320001006126404,0.3977999985218048,0.3508000075817108,0.3779999911785126,0.43779999017715454,0.3474999964237213,0.397599995136261,0.3817000091075897,0.28459998965263367,0.4097999930381775,0.3458999991416931,0.39430001378059387,0.4383000135421753,0.33559998869895935,0.3521000146865845,0.39469999074935913,0.3301999866962433,0.30239999294281006,0.3711000084877014,0.31709998846054077,0.290800005197525,0.29159998893737793,0.36039999127388,0.27709999680519104,0.30550000071525574,0.3736000061035156,0.3714999854564667,0.2971999943256378,0.33980000019073486,0.27160000801086426,0.27559998631477356,0.35989999771118164,0.3695000112056732,0.40209999680519104,0.3937000036239624,0.3790999948978424,0.35920000076293945,0.3050999939441681,0.43470001220703125,0.4124999940395355,0.38830000162124634,0.3596000075340271,0.2930000126361847,0.36910000443458557,0.3547999858856201,0.3659999966621399,0.37529999017715454,0.374099999666214,0.35659998655319214,0.313400000333786,0.41110000014305115,0.45669999718666077,0.38850000500679016,0.33169999718666077,0.4117000102996826,0.4043999910354614,0.3382999897003174,0.35679998993873596,0.33149999380111694,0.350600004196167,0.365200012922287,0.30889999866485596,0.4088999927043915,0.4196000099182129,0.31940001249313354,0.3725999891757965,0.40880000591278076,0.35409998893737793,0.29600000381469727,0.3790999948978424,0.40630000829696655,0.36800000071525574,0.3626999855041504,0.35519999265670776,0.39329999685287476,0.29989999532699585,0.3921000063419342,0.40450000762939453,0.3418999910354614,0.328000009059906,0.3944999873638153,0.41940000653266907,0.4122999906539917,0.43299999833106995,0.3756999969482422,0.34389999508857727,0.43529999256134033,0.3628999888896942,0.3547999858856201,0.421999990940094,0.3677000105381012,0.3698999881744385,0.38019999861717224,0.40059998631477356,0.3310999870300293,0.44749999046325684,0.37770000100135803,0.4323999881744385,0.41029998660087585,0.4683000147342682,0.3310000002384186,0.3709999918937683,0.3855000138282776,0.4043999910354614,0.34459999203681946,0.4706000089645386,0.4016000032424927,0.38920000195503235,0.29030001163482666,0.41339999437332153,0.350600004196167,0.41019999980926514,0.37470000982284546,0.3928000032901764,0.3176000118255615,0.44679999351501465,0.3095000088214874,0.4068000018596649,0.3763999938964844,0.41110000014305115,0.44909998774528503,0.37369999289512634,0.4162999987602234,0.42969998717308044,0.3714999854564667,0.3928999900817871,0.32839998602867126,0.3077000081539154,0.3529999852180481,0.35499998927116394,0.4316999912261963,0.5658000111579895,0.49619999527931213,0.4300000071525574,0.390500009059906,0.2757999897003174,0.3727000057697296,0.4237000048160553,0.484499990940094,0.4244999885559082,0.4074000120162964,0.5310999751091003,0.39329999685287476,0.3894999921321869,0.3919000029563904,0.4277999997138977,0.34929999709129333,0.37470000982284546,0.4442000091075897,0.34040001034736633,0.450300008058548,0.45579999685287476,0.3720000088214874,0.4296000003814697,0.3846000134944916,0.396699994802475,0.33469998836517334,0.4505999982357025,0.4171000123023987,0.41990000009536743,0.32109999656677246,0.4043999910354614,0.38589999079704285,0.43560001254081726,0.489300012588501,0.46059998869895935,0.4731999933719635,0.40459999442100525,0.3873000144958496,0.37540000677108765,0.41179999709129333,0.44760000705718994,0.46149998903274536,0.4708000123500824,0.3564000129699707,0.37229999899864197,0.3151000142097473,0.35600000619888306,0.486299991607666,0.3917999863624573,0.46650001406669617,0.5199000239372253,0.3537999987602234,0.3537999987602234,0.3968000113964081,0.4032999873161316,0.37450000643730164,0.3903000056743622,0.4537000060081482,0.4090999960899353,0.49059998989105225,0.42250001430511475,0.42899999022483826,0.45829999446868896,0.35510000586509705,0.4431999921798706,0.39640000462532043,0.4099999964237213,0.4350999891757965,0.3921000063419342,0.4742000102996826,0.4016999900341034,0.4269999861717224,0.39640000462532043,0.40049999952316284,0.4749000072479248,0.3944999873638153,0.4138000011444092,0.43220001459121704,0.44760000705718994,0.41589999198913574,0.43479999899864197,0.46799999475479126,0.4081999957561493,0.3698999881744385,0.40299999713897705,0.3878999948501587,0.31690001487731934,0.3808000087738037,0.4047999978065491,0.4560999870300293,0.45190000534057617,0.37459999322891235,0.4544000029563904,0.46889999508857727,0.4560999870300293,0.41620001196861267,0.43130001425743103,0.44029998779296875,0.39149999618530273,0.38580000400543213,0.3691999912261963,0.4106999933719635,0.4733000099658966,0.48579999804496765,0.3718999922275543,0.4717000126838684,0.29440000653266907,0.3474000096321106,0.4212999939918518,0.32280001044273376,0.3921999931335449,0.43290001153945923,0.35679998993873596,0.3142000138759613,0.43230000138282776,0.37229999899864197,0.5338000059127808,0.3878999948501587,0.4099000096321106,0.42829999327659607,0.3549000024795532,0.37049999833106995,0.4733999967575073,0.4131999909877777,0.3594000041484833,0.3361000120639801,0.428600013256073,0.4474000036716461,0.35269999504089355,0.2782000005245209,0.42980000376701355,0.3928999900817871,0.5084999799728394,0.3901999890804291,0.41130000352859497,0.41290000081062317,0.37130001187324524,0.44429999589920044,0.3763999938964844,0.41119998693466187,0.3898000121116638,0.3521000146865845,0.33340001106262207,0.4650999903678894,0.46650001406669617,0.4472000002861023,0.4438999891281128,0.37439998984336853,0.4049000144004822,0.4246000051498413,0.39730000495910645,0.48980000615119934,0.27790001034736633,0.34689998626708984,0.3831000030040741,0.41940000653266907,0.39149999618530273,0.4244000017642975,0.4878999888896942,0.3492000102996826,0.4246000051498413,0.4562999904155731,0.3560999929904938,0.3889999985694885,0.299699991941452,0.4296000003814697,0.4043000042438507,0.49149999022483826,0.3668000102043152,0.4296000003814697,0.37400001287460327,0.4309000074863434,0.36910000443458557,0.41429999470710754,0.37689998745918274,0.3878999948501587,0.4275999963283539,0.40610000491142273,0.45419999957084656,0.42719998955726624,0.448199987411499,0.4101000130176544,0.3601999878883362,0.4296000003814697,0.39399999380111694,0.4092999994754791,0.37459999322891235,0.3546999990940094,0.3912000060081482,0.37560001015663147,0.4672999978065491,0.3675999939441681,0.38850000500679016,0.4293999969959259,0.39250001311302185,0.45179998874664307,0.4903999865055084,0.47279998660087585,0.4422000050544739,0.46869999170303345,0.5313000082969666,0.4438999891281128,0.32989999651908875,0.41600000858306885,0.4140999913215637,0.43810001015663147,0.40209999680519104,0.41499999165534973,0.439300000667572,0.34700000286102295,0.382099986076355,0.4487999975681305,0.47209998965263367,0.3873000144958496,0.4481000006198883,0.44110000133514404,0.3977999985218048,0.39629998803138733,0.41749998927116394,0.4690000116825104,0.3968000113964081,0.413100004196167,0.3910999894142151,0.414000004529953,0.3961000144481659,0.41040000319480896,0.44519999623298645,0.4309000074863434,0.49459999799728394,0.49230000376701355,0.40799999237060547,0.45190000534057617,0.453900009393692,0.44909998774528503,0.38679999113082886,0.3779999911785126,0.3944999873638153,0.4348999857902527,0.4318000078201294,0.34619998931884766,0.38769999146461487,0.39309999346733093,0.4277999997138977,0.3961000144481659,0.45329999923706055,0.42739999294281006,0.48840001225471497,0.4092000126838684,0.5311999917030334,0.4523000121116638,0.3725000023841858,0.4945000112056732,0.48750001192092896,0.46209999918937683,0.3702000081539154,0.4041999876499176,0.35199999809265137,0.49459999799728394,0.3894999921321869,0.3513999879360199,0.3993000090122223,0.4221999943256378,0.4092000126838684,0.48730000853538513,0.38609999418258667,0.5429999828338623,0.46790000796318054,0.43720000982284546,0.49320000410079956,0.43299999833106995,0.4083000123500824,0.41370001435279846,0.42989999055862427,0.39800000190734863,0.4625999927520752,0.4034000039100647,0.4090999960899353,0.4837999939918518,0.36500000953674316,0.44830000400543213,0.47279998660087585,0.5062999725341797,0.3871000111103058,0.4081999957561493,0.49140000343322754,0.4936999976634979,0.49050000309944153,0.45190000534057617,0.42559999227523804,0.36640000343322754,0.48660001158714294,0.37040001153945923,0.36730000376701355,0.46639999747276306,0.4277999997138977,0.43369999527931213,0.5335000157356262,0.42590001225471497,0.42570000886917114,0.506600022315979,0.41119998693466187,0.30730000138282776,0.34779998660087585,0.5182999968528748,0.3953999876976013,0.3693000078201294,0.4036000072956085,0.4968000054359436,0.48980000615119934,0.4066999852657318,0.4837000072002411,0.4487000107765198,0.42890000343322754,0.3686000108718872,0.41609999537467957,0.4339999854564667,0.4745999872684479,0.3962000012397766,0.37540000677108765,0.4521999955177307,0.40799999237060547,0.4399000108242035,0.486299991607666,0.4311999976634979,0.46070000529289246,0.3359000086784363,0.34439998865127563,0.46970000863075256,0.4043999910354614,0.4066999852657318,0.41519999504089355,0.4580000042915344,0.4408000111579895,0.3926999866962433,0.4047999978065491,0.4366999864578247,0.4284999966621399,0.3582000136375427,0.3346000015735626,0.4049000144004822,0.36980000138282776,0.37229999899864197,0.3887999951839447,0.35359999537467957,0.42890000343322754,0.2937000095844269,0.4717999994754791,0.4343999922275543,0.46230000257492065,0.4307999908924103,0.42340001463890076,0.4009999930858612,0.4088999927043915,0.43790000677108765,0.4544000029563904,0.3734000027179718,0.4113999903202057,0.45399999618530273,0.3529999852180481,0.42890000343322754,0.4154999852180481,0.4546999931335449,0.45660001039505005,0.35440000891685486,0.4307999908924103,0.47699999809265137,0.4674000144004822,0.5338000059127808,0.49309998750686646,0.45989999175071716,0.3919000029563904,0.44029998779296875,0.3885999917984009,0.4323999881744385,0.5116999745368958,0.3531999886035919,0.36910000443458557,0.39559999108314514,0.43130001425743103,0.43140000104904175,0.39070001244544983,0.39079999923706055,0.4154999852180481,0.4074999988079071,0.41100001335144043,0.36820000410079956,0.46799999475479126,0.4311000108718872,0.41510000824928284,0.43720000982284546,0.4284000098705292,0.5080999732017517,0.4007999897003174,0.4661000072956085,0.31150001287460327,0.3797000050544739,0.3962000012397766,0.4278999865055084,0.3718000054359436,0.391400009393692,0.36970001459121704,0.4805999994277954,0.48730000853538513,0.2946999967098236,0.4975999891757965,0.5065000057220459,0.4950999915599823,0.4505000114440918,0.4311000108718872,0.35530000925064087,0.3725000023841858,0.37229999899864197,0.4104999899864197,0.40779998898506165,0.49230000376701355,0.49000000953674316,0.37470000982284546,0.5139999985694885,0.4165000021457672,0.40709999203681946,0.4684000015258789,0.4323999881744385,0.3797999918460846,0.3926999866962433,0.43459999561309814,0.4142000079154968,0.5141000151634216,0.4747999906539917,0.41100001335144043,0.36559998989105225,0.3970000147819519,0.35359999537467957,0.4909000098705292,0.484499990940094,0.5026999711990356,0.40610000491142273,0.4171000123023987,0.39469999074935913,0.43230000138282776,0.45509999990463257,0.3869999945163727,0.35089999437332153,0.39660000801086426,0.38909998536109924,0.4300000071525574,0.42730000615119934,0.44780001044273376,0.4447999894618988,0.36880001425743103,0.38580000400543213,0.4900999963283539,0.4124999940395355,0.3131999969482422,0.375900000333786,0.43070000410079956,0.49129998683929443,0.43779999017715454,0.4885999858379364,0.46700000762939453,0.37470000982284546,0.44830000400543213,0.450300008058548,0.36059999465942383,0.42800000309944153,0.47679999470710754,0.4196000099182129,0.4507000148296356,0.4212999939918518,0.45660001039505005,0.3353999853134155,0.44609999656677246,0.35100001096725464,0.5059999823570251,0.47920000553131104,0.5092999935150146,0.40639999508857727,0.41280001401901245,0.3919000029563904,0.4912000000476837,0.5601000189781189,0.3714999854564667,0.3939000070095062,0.45329999923706055,0.361299991607666,0.35850000381469727,0.3521000146865845,0.4478999972343445,0.34790000319480896,0.4311999976634979,0.3750999867916107,0.3671000003814697,0.47839999198913574,0.3971000015735626,0.41179999709129333,0.3635999858379364,0.49230000376701355,0.34040001034736633,0.4163999855518341,0.3894999921321869,0.4648999869823456,0.3903999924659729,0.46779999136924744,0.522599995136261,0.367000013589859,0.36169999837875366,0.45820000767707825,0.35670000314712524,0.5109999775886536,0.3714999854564667,0.33160001039505005,0.3831000030040741,0.4212000072002411,0.3970000147819519,0.41100001335144043,0.41920000314712524,0.5085999965667725,0.5102999806404114,0.5331000089645386,0.4855000078678131,0.4823000133037567,0.41269999742507935,0.4474000036716461,0.4528000056743622,0.33340001106262207,0.44859999418258667,0.48410001397132874,0.5514000058174133,0.513700008392334,0.46239998936653137,0.4544000029563904,0.37040001153945923,0.40459999442100525,0.41530001163482666,0.47920000553131104,0.412200003862381,0.4481000006198883,0.41530001163482666,0.5091999769210815,0.46860000491142273,0.489300012588501,0.3871000111103058,0.44530001282691956,0.43309998512268066,0.44119998812675476,0.44440001249313354,0.48730000853538513,0.48820000886917114,0.48730000853538513,0.44749999046325684,0.41510000824928284,0.5227000117301941,0.4465999901294708,0.427700012922287,0.4507000148296356,0.4490000009536743,0.46369999647140503,0.45170000195503235,0.5055000185966492,0.41929998993873596,0.3610999882221222,0.4180999994277954,0.4242999851703644,0.44920000433921814,0.4163999855518341,0.3921000063419342,0.37130001187324524,0.39309999346733093,0.46720001101493835,0.3580999970436096,0.3368000090122223,0.30720001459121704,0.3508000075817108,0.3921999931335449,0.4528999924659729,0.4377000033855438,0.43459999561309814,0.3935999870300293,0.46880000829696655,0.39910000562667847,0.4453999996185303,0.4666000008583069,0.49900001287460327,0.5476999878883362,0.43220001459121704,0.4909999966621399,0.554099977016449,0.4763000011444092,0.4092000126838684,0.4668999910354614,0.5145000219345093,0.44940000772476196,0.31290000677108765,0.4390999972820282,0.4296000003814697,0.3700000047683716,0.3465000092983246,0.45559999346733093,0.4368000030517578,0.5160999894142151,0.4316999912261963,0.4083999991416931,0.4681999981403351,0.35190001130104065,0.4884999990463257,0.4507000148296356,0.4821999967098236,0.49570000171661377,0.4431999921798706,0.4855000078678131,0.4334999918937683,0.4300999939441681,0.4560000002384186,0.2946999967098236,0.4101000130176544,0.43700000643730164,0.47200000286102295,0.414900004863739,0.47099998593330383,0.48489999771118164,0.4551999866962433,0.45509999990463257,0.4724000096321106,0.5436000227928162,0.3785000145435333,0.4108999967575073,0.3361000120639801,0.3937000036239624,0.3799000084400177,0.4284999966621399,0.38429999351501465,0.43689998984336853,0.4318000078201294,0.44339999556541443,0.2667999863624573,0.3723999857902527,0.37139999866485596,0.3833000063896179,0.3174000084400177,0.4681999981403351,0.3522999882698059,0.387800008058548,0.39010000228881836,0.4372999966144562,0.3977000117301941,0.4885999858379364,0.49709999561309814,0.4074000120162964,0.5030999779701233,0.44290000200271606,0.45210000872612,0.4876999855041504,0.43050000071525574,0.4189000129699707,0.3840000033378601,0.4083000123500824,0.39259999990463257,0.30790001153945923,0.4088999927043915,0.4546999931335449,0.37540000677108765,0.3698999881744385,0.3716000020503998,0.4027000069618225,0.4519999921321869,0.47760000824928284,0.4991999864578247,0.37389999628067017,0.49470001459121704,0.4043999910354614,0.5717999935150146,0.4162999987602234,0.4368000030517578,0.32670000195503235,0.41019999980926514,0.48660001158714294,0.3571000099182129,0.4050000011920929,0.45100000500679016,0.34869998693466187,0.4059999883174896,0.5084999799728394,0.4422999918460846,0.41370001435279846,0.4115999937057495,0.3718999922275543,0.38929998874664307,0.5200999975204468,0.40799999237060547,0.5023000240325928,0.41600000858306885,0.46889999508857727,0.47940000891685486,0.41040000319480896,0.38670000433921814,0.35499998927116394,0.49380001425743103,0.3312999904155731,0.5299999713897705,0.36959999799728394,0.5059999823570251,0.4228000044822693,0.4837000072002411,0.3953999876976013,0.37209999561309814,0.46480000019073486,0.36559998989105225,0.42989999055862427,0.3741999864578247,0.37700000405311584,0.4724000096321106,0.38429999351501465,0.27309998869895935,0.3691999912261963,0.48330000042915344,0.4740000069141388,0.4275999963283539,0.4253999888896942,0.37139999866485596,0.33160001039505005,0.41200000047683716,0.41200000047683716,0.3111000061035156,0.33340001106262207,0.4293000102043152,0.374099999666214,0.451200008392334,0.3953999876976013,0.4763999879360199,0.4503999948501587,0.3939000070095062,0.44920000433921814,0.41119998693466187,0.2896000146865845,0.43650001287460327,0.42669999599456787,0.40540000796318054,0.4535999894142151,0.35420000553131104,0.43479999899864197,0.5091999769210815,0.3986000120639801,0.44200000166893005,0.4097999930381775,0.39469999074935913,0.4749000072479248,0.5126000046730042,0.5048999786376953,0.3725999891757965,0.454800009727478,0.47350001335144043,0.4108000099658966,0.45509999990463257,0.5232999920845032,0.4821999967098236,0.3758000135421753,0.4553999900817871,0.4408000111579895,0.31769999861717224,0.3873000144958496,0.32829999923706055,0.49480000138282776,0.4771000146865845,0.414000004529953,0.5015000104904175,0.3930000066757202,0.413100004196167,0.4650999903678894,0.323199987411499,0.4519999921321869,0.3709000051021576,0.4722000062465668,0.4140999913215637,0.47350001335144043,0.4465999901294708,0.2976999878883362,0.3865000009536743,0.45260000228881836,0.5552999973297119,0.37549999356269836,0.3977999985218048,0.41909998655319214,0.3515999913215637,0.40849998593330383,0.35499998927116394,0.492900013923645,0.5080000162124634,0.4065999984741211,0.3993000090122223,0.3986999988555908,0.41179999709129333,0.5291000008583069,0.3513000011444092,0.4814999997615814,0.476500004529953,0.35359999537467957
0.45509999990463257,0.0,0.01759999990463257,0.019600000232458115,0.01979999989271164,0.01940000057220459,0.02239999920129776,0.020800000056624413,0.017799999564886093,0.020899999886751175,0.016599999740719795,0.01940000057220459,0.017000000923871994,0.01730000041425228,0.0,0.0,0.02019999921321869,0.0203000009059906,0.019600000232458115,0.01759999990463257,0.0,0.0,0.0,0.0,0.0,0.0,0.0,0.0,0.0,0.0,0.0,0.0,0.0,0.0,0.0,0.0,0.0,0.0,0.0,0.0,0.0,0.0,0.0,0.020400000736117363,0.0,0.0,0.0,0.0,0.0,0.0,0.0,0.0,0.0,0.0,0.0,0.0,0.0,0.0,0.0,0.0,0.0,0.0,0.0,0.0,0.0,0.0,0.0,0.0,0.0,0.0,0.0,0.0,0.0,0.0,0.0,0.0,0.0,0.0,0.01940000057220459,0.0,0.0,0.0,0.0,0.0,0.0,0.0,0.0,0.0,0.0,0.0,0.0,0.0,0.0,0.0,0.0,0.0,0.0,0.0,0.0,0.0,0.0,0.0,0.0,0.0,0.0,0.0,0.0,0.0,0.0,0.0,0.0,0.0,0.0,0.0,0.0,0.0,0.01769999973475933,0.0,0.0,0.0,0.0,0.0,0.0,0.0,0.0,0.0,0.0,0.0,0.0,0.0,0.0,0.0,0.0,0.0,0.0,0.0,0.0,0.0,0.0,0.0,0.0,0.0,0.0,0.0,0.0,0.0,0.0,0.0,0.0,0.0,0.0,0.0,0.0,0.0,0.0,0.0,0.0,0.0,0.0,0.0,0.0,0.0,0.0,0.0,0.0,0.0,0.0,0.0,0.0,0.0,0.0,0.0,0.0,0.0,0.0,0.0,0.0,0.0,0.0,0.0,0.0,0.0,0.0,0.0,0.0,0.0,0.0,0.0,0.0,0.0,0.0,0.0,0.0,0.0,0.0,0.0,0.0,0.019300000742077827,0.0,0.0,0.0,0.0,0.0,0.0,0.0,0.0,0.0,0.0,0.0,0.0,0.0,0.0,0.0,0.0,0.0,0.0,0.0,0.0,0.0,0.0,0.0,0.0,0.0,0.0,0.0,0.01889999955892563,0.0,0.0,0.0,0.0,0.0,0.0,0.0,0.0,0.0,0.0,0.0,0.0,0.0,0.0,0.0,0.0,0.0,0.0,0.0,0.0,0.0,0.0,0.0,0.0,0.0,0.0,0.0,0.0,0.0,0.0,0.0,0.0,0.020999999716877937,0.0,0.0,0.0,0.0,0.0,0.0,0.0,0.0,0.0,0.0,0.0,0.0,0.0,0.0,0.0,0.0,0.0,0.0,0.0,0.0,0.0,0.0,0.0,0.0,0.0,0.0,0.0,0.0,0.01810000091791153,0.0,0.0,0.0,0.0,0.0,0.0,0.0,0.0,0.0,0.0,0.0,0.0,0.0,0.0,0.0,0.0,0.0,0.0,0.017999999225139618,0.0,0.0,0.0,0.0,0.018799999728798866,0.0,0.018300000578165054,0.0,0.0,0.0,0.0,0.0,0.0,0.0,0.0,0.0,0.0,0.0,0.0,0.0,0.0,0.0,0.0,0.0,0.0,0.0,0.0,0.0,0.0,0.0,0.0,0.0,0.0,0.0,0.0,0.0,0.0,0.0,0.0,0.0,0.0,0.0,0.0,0.0,0.0,0.0,0.0210999995470047,0.0,0.0,0.0,0.0,0.0,0.0,0.0,0.0,0.0,0.0,0.0,0.020600000396370888,0.0,0.0,0.0,0.038100000470876694,0.0,0.01979999989271164,0.0,0.0,0.0,0.0,0.0,0.019700000062584877,0.0,0.018300000578165054,0.0,0.04170000180602074,0.03779999911785126,0.0,0.023099999874830246,0.0,0.0,0.0,0.0,0.0,0.019999999552965164,0.04270000010728836,0.01889999955892563,0.0,0.03909999877214432,0.0,0.019700000062584877,0.0,0.0,0.0,0.0,0.0,0.0,0.0,0.03849999979138374,0.0,0.0,0.021199999377131462,0.0,0.0,0.018799999728798866,0.0,0.0,0.0,0.0,0.0,0.0,0.0,0.0,0.05939999967813492,0.0,0.0,0.0,0.0,0.02160000056028366,0.0,0.0,0.03610000014305115,0.0,0.0,0.0,0.0,0.0,0.0,0.0,0.0,0.021400000900030136,0.0,0.0,0.0,0.0,0.0,0.0,0.0,0.0,0.0,0.0,0.0,0.0,0.0,0.0,0.0,0.0,0.0,0.0,0.0,0.0,0.0,0.0,0.04010000079870224,0.0,0.0,0.0,0.0,0.0,0.01979999989271164,0.0,0.0,0.0,0.0,0.0,0.0,0.0,0.0,0.0,0.0,0.0,0.020899999886751175,0.0,0.0,0.03709999844431877,0.0,0.0,0.0,0.0,0.0,0.0,0.0,0.0,0.0,0.020600000396370888,0.0,0.0,0.0,0.0,0.0,0.0,0.0,0.0,0.0,0.0,0.0,0.01979999989271164,0.0,0.0,0.0,0.0,0.0,0.0,0.0,0.0,0.03869999945163727,0.0,0.0,0.0,0.0,0.018400000408291817,0.0,0.0,0.0,0.019500000402331352,0.02070000022649765,0.0,0.0,0.0,0.0203000009059906,0.0,0.02239999920129776,0.0,0.0,0.0,0.038100000470876694,0.0,0.0,0.0,0.0,0.0,0.0,0.0,0.0,0.020500000566244125,0.0,0.039000000804662704,0.0,0.0,0.0,0.0,0.0,0.0,0.0,0.0,0.0,0.0,0.01899999938905239,0.0,0.0,0.0,0.0,0.0,0.0,0.0,0.0203000009059906,0.0,0.0,0.0,0.0,0.0,0.020099999383091927,0.0,0.038600001484155655,0.0,0.0,0.0,0.0,0.0,0.0,0.0,0.0,0.0,0.0,0.022700000554323196,0.0,0.0,0.0,0.0,0.0,0.0,0.019899999722838402,0.0,0.0,0.0,0.0,0.0,0.0,0.0,0.0,0.0,0.08020000159740448,0.0,0.0,0.019700000062584877,0.0,0.0,0.0,0.0,0.0,0.0,0.0,0.0,0.0,0.0,0.0,0.0,0.020099999383091927,0.0,0.0,0.0,0.0,0.0,0.0,0.0,0.019500000402331352,0.0,0.0,0.0,0.0,0.0,0.0,0.0,0.0,0.0,0.0,0.0,0.0,0.0,0.0,0.0,0.0,0.0,0.0,0.0,0.018699999898672104,0.0,0.0203000009059906,0.0,0.020099999383091927,0.0,0.0,0.0,0.0,0.04129999876022339,0.0,0.0,0.0,0.0,0.0,0.0,0.0,0.0,0.0,0.0,0.01889999955892563,0.0,0.0,0.05810000002384186,0.0,0.0,0.0,0.03750000149011612,0.0,0.0,0.0,0.0,0.0,0.0,0.0,0.0,0.0,0.0,0.0,0.0,0.0,0.0,0.0,0.0,0.0,0.019600000232458115,0.0,0.0,0.0,0.0,0.0,0.0,0.0,0.01889999955892563,0.03739999979734421,0.017999999225139618,0.0,0.0,0.0,0.0,0.0,0.0,0.0,0.0,0.0,0.0,0.0,0.0,0.0,0.0,0.0,0.0,0.0,0.0,0.0,0.0,0.0,0.0,0.0,0.0,0.0,0.0,0.058800000697374344,0.0,0.039400000125169754,0.0,0.0,0.0,0.0,0.01940000057220459,0.018300000578165054,0.0,0.0,0.0,0.0,0.0,0.019899999722838402,0.0,0.020999999716877937,0.04129999876022339,0.018799999728798866,0.0,0.0,0.0,0.0,0.020400000736117363,0.0,0.0,0.0,0.0,0.0,0.0,0.0,0.018300000578165054,0.0,0.0,0.019999999552965164,0.0,0.017400000244379044,0.0,0.0,0.0,0.0,0.0,0.0,0.0,0.0,0.0,0.0,0.0,0.0,0.0,0.0,0.0,0.018300000578165054,0.0,0.017100000753998756,0.0,0.0,0.0,0.0,0.0,0.0,0.0,0.0,0.0,0.0,0.0,0.01979999989271164,0.0,0.0,0.0,0.0,0.0,0.0,0.0,0.0,0.0,0.0,0.0,0.0,0.0,0.0,0.0,0.0,0.0,0.0,0.04149999842047691,0.0,0.0,0.0,0.018200000748038292,0.0,0.019300000742077827,0.021800000220537186,0.018799999728798866,0.020600000396370888,0.018699999898672104,0.0,0.0,0.0,0.0,0.01860000006854534,0.0,0.0,0.0,0.0,0.0,0.0,0.0,0.0,0.0,0.0,0.042500000447034836,0.0,0.0,0.0,0.018799999728798866,0.0,0.0,0.0,0.0,0.0,0.019999999552965164,0.0,0.0,0.0,0.0,0.020899999886751175,0.0,0.0,0.0,0.0,0.05900000035762787,0.01769999973475933,0.0,0.02070000022649765,0.019300000742077827,0.0,0.03880000114440918,0.0,0.0,0.0,0.019600000232458115,0.0210999995470047,0.0,0.0,0.0,0.0203000009059906,0.019099999219179153,0.0,0.0,0.0,0.0,0.0210999995470047,0.0,0.02019999921321869,0.0,0.0,0.0,0.0,0.0,0.0,0.0,0.0,0.0,0.0,0.021199999377131462,0.0,0.0,0.0,0.0,0.0,0.0,0.0,0.0,0.0,0.0,0.0,0.02070000022649765,0.0,0.018300000578165054,0.02070000022649765,0.020800000056624413,0.018200000748038292,0.040300000458955765,0.016100000590085983,0.03689999878406525,0.0,0.0,0.03799999877810478,0.03999999910593033,0.038600001484155655,0.0,0.01899999938905239,0.0,0.018799999728798866,0.019200000911951065,0.03669999912381172,0.018699999898672104,0.0,0.0,0.020999999716877937,0.0,0.0,0.02019999921321869,0.0,0.0,0.0,0.02019999921321869,0.0,0.0,0.0,0.0,0.0,0.0,0.0,0.0,0.0,0.0,0.0,0.0,0.0,0.0,0.0,0.0,0.0,0.0,0.0,0.0,0.0,0.0,0.02239999920129776,0.0,0.0,0.0,0.0,0.0,0.0,0.05770000070333481,0.0,0.0,0.019899999722838402,0.0,0.0,0.0,0.0,0.0,0.017999999225139618,0.0,0.0,0.0,0.0,0.0,0.0,0.0,0.021299999207258224,0.0,0.03750000149011612,0.0,0.0,0.0,0.0,0.0,0.0,0.0,0.0,0.0,0.0,0.0,0.0,0.0,0.0,0.0,0.0,0.0,0.0,0.0,0.0,0.0,0.0,0.0,0.0,0.0,0.0,0.0,0.0,0.0,0.0210999995470047,0.0,0.0,0.0,0.0,0.021199999377131462,0.0,0.0,0.0,0.0,0.0,0.0,0.0,0.0,0.0,0.0,0.0,0.0,0.0,0.0,0.0,0.0,0.0,0.0,0.0,0.0,0.0,0.0,0.0,0.0,0.0,0.0,0.0,0.0,0.0,0.0,0.0,0.0,0.0,0.0,0.0,0.0,0.0,0.019600000232458115,0.0,0.0,0.0,0.0,0.0,0.0,0.0,0.0,0.0,0.0,0.019999999552965164,0.0,0.0,0.0,0.0,0.0,0.0,0.0,0.0,0.0,0.0,0.0,0.0,0.0,0.020800000056624413,0.0,0.0,0.0,0.0,0.0,0.0,0.0,0.0,0.0,0.0,0.0,0.01899999938905239,0.0215000007301569,0.0,0.0,0.0,0.0,0.0,0.0,0.0,0.0,0.0,0.0,0.0,0.0,0.0,0.0,0.0,0.0,0.0,0.0,0.0,0.0,0.0,0.0,0.0,0.0,0.0,0.0,0.0,0.0,0.0,0.0,0.0,0.0,0.0,0.0,0.0,0.016499999910593033,0.0,0.0,0.0,0.0,0.0,0.0,0.0,0.0,0.0,0.0,0.0,0.0,0.0,0.0,0.0,0.0,0.0,0.0,0.0,0.0,0.0,0.0,0.0,0.0,0.0,0.0,0.0,0.0,0.0,0.0,0.0,0.0,0.0,0.0,0.0,0.0,0.0,0.0,0.0,0.0,0.0,0.0,0.0,0.0,0.0,0.0,0.0,0.0,0.0,0.019600000232458115,0.0,0.0,0.0,0.0,0.0,0.0,0.0,0.0,0.0,0.0,0.0,0.0,0.0,0.0,0.0,0.0,0.0,0.0,0.0,0.0,0.0,0.0,0.0,0.0,0.0,0.0,0.0,0.0,0.0,0.0,0.0,0.0,0.0,0.0,0.0,0.0,0.0,0.0,0.0,0.0,0.0,0.0,0.0,0.0,0.0,0.0,0.0,0.0,0.0,0.0,0.0,0.0,0.0,0.0,0.0,0.0,0.0,0.0,0.0,0.0,0.0,0.0,0.0,0.0,0.0,0.0,0.0,0.0,0.0,0.0,0.0,0.0,0.0,0.0,0.0,0.0,0.0,0.0,0.0,0.0,0.0,0.0,0.0,0.0,0.0,0.0,0.0,0.0,0.0,0.0,0.0,0.0,0.0,0.0,0.0,0.0,0.0,0.0,0.0,0.0,0.0,0.0,0.0,0.0,0.0,0.0,0.0,0.0,0.0,0.0,0.0,0.0,0.0,0.0,0.0,0.0,0.0,0.0,0.0,0.0,0.0,0.0,0.0,0.0,0.0,0.0,0.0,0.0,0.0,0.0,0.0,0.0,0.0,0.0,0.0,0.0,0.0,0.0,0.0,0.0,0.0,0.0,0.0,0.0,0.0,0.0,0.0,0.0,0.0,0.0,0.0,0.0,0.0,0.0,0.0,0.0,0.0,0.0,0.0,0.0,0.0,0.0,0.0,0.0,0.0,0.0,0.0,0.0,0.0,0.0,0.0,0.0,0.0,0.0,0.0,0.0,0.0,0.0,0.0,0.0,0.0,0.0,0.0,0.0,0.0,0.0,0.0,0.0,0.0,0.0,0.0,0.0,0.0,0.0,0.0,0.0,0.0,0.0,0.0,0.0,0.0,0.0,0.0,0.0,0.0,0.0,0.0,0.0,0.0,0.0,0.0,0.0,0.0,0.0,0.0,0.0,0.0,0.0,0.0,0.0,0.0,0.0,0.0,0.0,0.0,0.0,0.0,0.0,0.0,0.0,0.0,0.0,0.0,0.0,0.0,0.0,0.0,0.0,0.0,0.0,0.0,0.0,0.0,0.0,0.0,0.0,0.0,0.0,0.0,0.0,0.0,0.0,0.0,0.0,0.0,0.0,0.0,0.0,0.0,0.0,0.0,0.0,0.0,0.0,0.0,0.0,0.0,0.0,0.0,0.0,0.0,0.0,0.0,0.0,0.0,0.0,0.0,0.0,0.0,0.0,0.0,0.0,0.0,0.0,0.0,0.0,0.0,0.0,0.0,0.0,0.0,0.0,0.0,0.0,0.0,0.0,0.0,0.0,0.0,0.0,0.0,0.0,0.0,0.0,0.0,0.0,0.0,0.0,0.0,0.0,0.0,0.0,0.0,0.0,0.0,0.0,0.0,0.0,0.0,0.0,0.0,0.0,0.0,0.0,0.0,0.0,0.0,0.0,0.0,0.0,0.0,0.0,0.0,0.0,0.0,0.0,0.0,0.0,0.0,0.0,0.0,0.0,0.0,0.0,0.0,0.0,0.0,0.0,0.0,0.0,0.0,0.0,0.0,0.0,0.0,0.0,0.0,0.0,0.0,0.0,0.0,0.0,0.0,0.0,0.0,0.0,0.0,0.0,0.0,0.0,0.0,0.0,0.0,0.0,0.0,0.0210999995470047,0.0,0.0,0.0,0.0,0.0,0.0,0.0,0.0,0.0,0.0,0.0,0.0,0.0,0.0,0.0,0.0,0.0,0.0,0.019099999219179153,0.0,0.0,0.0,0.0,0.0,0.0,0.0,0.0,0.0,0.0,0.0,0.0,0.0,0.0,0.0,0.0,0.0,0.0,0.0,0.0,0.0,0.0,0.0,0.0,0.0,0.0,0.0,0.0,0.0,0.0,0.0,0.0,0.0,0.0,0.0,0.0,0.0,0.0,0.0,0.0,0.0,0.0,0.0,0.0,0.0,0.0,0.0,0.0,0.0,0.0,0.0,0.0,0.0,0.0,0.0,0.0,0.0,0.0,0.0,0.0,0.0,0.0,0.0,0.0,0.0,0.0,0.0,0.0,0.0,0.0,0.0,0.0,0.0,0.0,0.0,0.0,0.0,0.0,0.0,0.0,0.0,0.0,0.0,0.0,0.0,0.0,0.0,0.0,0.0,0.0,0.0,0.0,0.0,0.0,0.0,0.0,0.0,0.0,0.0,0.0,0.0,0.0,0.0,0.0,0.0,0.0,0.0,0.0,0.0,0.0,0.0,0.0,0.0,0.0,0.0,0.0,0.0,0.0,0.0,0.0,0.0,0.0,0.0,0.0,0.0,0.0,0.0,0.0,0.0,0.0,0.0,0.0,0.0,0.0,0.0,0.0,0.0,0.0,0.0,0.0,0.0,0.0,0.0,0.0,0.0,0.0,0.0,0.0,0.0,0.0,0.0,0.0,0.0,0.0,0.0,0.0,0.0,0.0,0.0,0.0,0.0,0.0,0.0,0.0,0.0,0.0,0.0,0.0,0.0,0.0,0.0,0.0,0.0,0.0,0.0,0.0,0.0,0.0,0.0,0.0,0.0,0.0,0.0,0.0,0.0,0.0,0.0,0.0,0.0,0.0,0.0,0.0,0.0,0.0,0.0,0.0,0.0,0.0,0.0,0.0,0.0,0.0,0.0,0.0,0.0,0.0,0.0,0.0,0.0,0.0,0.0,0.0,0.0,0.0,0.0,0.0,0.0,0.0,0.0,0.0,0.0,0.0,0.0,0.0,0.0,0.0,0.0,0.0,0.0,0.0,0.0,0.0,0.0,0.0,0.0,0.0,0.0,0.0,0.0,0.0,0.0,0.0,0.0,0.0,0.0,0.0,0.0,0.0,0.0,0.0,0.0,0.0,0.0,0.0,0.0,0.0,0.0,0.0,0.0,0.0,0.0,0.0,0.0,0.0,0.0,0.0,0.0,0.0,0.0,0.0,0.0,0.0,0.0,0.0,0.0,0.0,0.0,0.0,0.0,0.0,0.0,0.0,0.0,0.0,0.0,0.0,0.0,0.0,0.0,0.0,0.0,0.0,0.0,0.0,0.0,0.0,0.0,0.0,0.0,0.0,0.0,0.0,0.0,0.0,0.0,0.0,0.0,0.0,0.0,0.0,0.0,0.0,0.0,0.0,0.0,0.0,0.0,0.0,0.0,0.0,0.0,0.0,0.0,0.0,0.0,0.0,0.0,0.0,0.0,0.0,0.0,0.0,0.0,0.0,0.0,0.0,0.0,0.0,0.0,0.0,0.0,0.0,0.0,0.0,0.0,0.0,0.0,0.0,0.0,0.0,0.0,0.0,0.0,0.0,0.0,0.0,0.0,0.0,0.0,0.0,0.0,0.0,0.0,0.0,0.0,0.0,0.0,0.0,0.0,0.0,0.0,0.0,0.0,0.0,0.0,0.0,0.0,0.0,0.0,0.0,0.0,0.0,0.0,0.0,0.0,0.0,0.0,0.0,0.0,0.0,0.0,0.0,0.0,0.0,0.0,0.0,0.0,0.0,0.0,0.0,0.0,0.0,0.0,0.0,0.0,0.0,0.0,0.0,0.0,0.0,0.0,0.0,0.0,0.0,0.0,0.0,0.0,0.0,0.0,0.0,0.0,0.0,0.0,0.0,0.0,0.0,0.0,0.0
0.43050000071525574,0.14970000088214874,0.0,0.019600000232458115,0.01979999989271164,0.01940000057220459,0.02239999920129776,0.020800000056624413,0.017799999564886093,0.020899999886751175,0.016599999740719795,0.01940000057220459,0.017000000923871994,0.01730000041425228,0.02070000022649765,0.019899999722838402,0.02019999921321869,0.0203000009059906,0.019600000232458115,0.01759999990463257,0.019200000911951065,0.019700000062584877,0.01679999940097332,0.01979999989271164,0.01810000091791153,0.01889999955892563,0.01850000023841858,0.020400000736117363,0.020899999886751175,0.021800000220537186,0.01850000023841858,0.018699999898672104,0.021299999207258224,0.016899999231100082,0.018699999898672104,0.0,0.0,0.0,0.019300000742077827,0.018400000408291817,0.02019999921321869,0.0,0.016499999910593033,0.020400000736117363,0.020500000566244125,0.0,0.0,0.0,0.0,0.0,0.0,0.020600000396370888,0.019899999722838402,0.019500000402331352,0.0,0.0,0.0,0.0,0.019600000232458115,0.0,0.0,0.0,0.0,0.0,0.0,0.0,0.0,0.0,0.0,0.0,0.0,0.0,0.0,0.023000000044703484,0.02070000022649765,0.0,0.017799999564886093,0.0,0.01940000057220459,0.0,0.018699999898672104,0.0,0.0,0.0,0.0,0.020800000056624413,0.01769999973475933,0.0,0.019099999219179153,0.022600000724196434,0.0,0.0,0.01850000023841858,0.0,0.021199999377131462,0.0,0.0,0.0,0.01889999955892563,0.0,0.01889999955892563,0.0,0.019700000062584877,0.021299999207258224,0.0,0.019899999722838402,0.018699999898672104,0.021800000220537186,0.01979999989271164,0.018799999728798866,0.0,0.021299999207258224,0.01979999989271164,0.0,0.020099999383091927,0.0,0.01769999973475933,0.018799999728798866,0.016499999910593033,0.0,0.0,0.0,0.02280000038444996,0.02019999921321869,0.019300000742077827,0.019500000402331352,0.01979999989271164,0.020999999716877937,0.02019999921321869,0.01810000091791153,0.01850000023841858,0.02019999921321869,0.0,0.021800000220537186,0.021299999207258224,0.020600000396370888,0.019600000232458115,0.0,0.020400000736117363,0.02250000089406967,0.021199999377131462,0.0210999995470047,0.0,0.01730000041425228,0.022199999541044235,0.020099999383091927,0.0,0.0,0.01810000091791153,0.02019999921321869,0.017000000923871994,0.0,0.019300000742077827,0.01860000006854534,0.021199999377131462,0.018799999728798866,0.0,0.01850000023841858,0.020400000736117363,0.0,0.019200000911951065,0.0,0.020899999886751175,0.0,0.02290000021457672,0.0,0.0,0.0,0.020400000736117363,0.021800000220537186,0.0,0.01759999990463257,0.019099999219179153,0.01889999955892563,0.019999999552965164,0.020600000396370888,0.01730000041425228,0.01940000057220459,0.0,0.0,0.0,0.018200000748038292,0.020999999716877937,0.019099999219179153,0.018799999728798866,0.021700000390410423,0.019899999722838402,0.019999999552965164,0.0,0.0,0.021800000220537186,0.020400000736117363,0.02239999920129776,0.019899999722838402,0.01899999938905239,0.01889999955892563,0.01679999940097332,0.019300000742077827,0.0203000009059906,0.0203000009059906,0.0,0.0,0.020600000396370888,0.0,0.017999999225139618,0.01889999955892563,0.018300000578165054,0.0,0.020099999383091927,0.01979999989271164,0.01899999938905239,0.0,0.0,0.0,0.01720000058412552,0.0,0.0203000009059906,0.0,0.01889999955892563,0.0,0.0,0.019899999722838402,0.022099999710917473,0.022700000554323196,0.020099999383091927,0.01889999955892563,0.03720000013709068,0.02019999921321869,0.023000000044703484,0.020999999716877937,0.019300000742077827,0.0,0.019500000402331352,0.0,0.0,0.015699999406933784,0.019300000742077827,0.017799999564886093,0.018400000408291817,0.0,0.0,0.03959999978542328,0.0,0.0,0.019200000911951065,0.0,0.041099999099969864,0.040699999779462814,0.042100001126527786,0.0,0.0,0.016499999910593033,0.0,0.0,0.017899999395012856,0.0,0.0,0.0,0.020999999716877937,0.06469999998807907,0.04039999842643738,0.01850000023841858,0.0,0.0,0.0,0.041999999433755875,0.05739999935030937,0.05649999901652336,0.07880000025033951,0.03739999979734421,0.09260000288486481,0.03579999879002571,0.07999999821186066,0.06080000102519989,0.04170000180602074,0.05939999967813492,0.041200000792741776,0.019999999552965164,0.04039999842643738,0.0,0.055799998342990875,0.05620000138878822,0.04019999876618385,0.01860000006854534,0.0632999986410141,0.09730000048875809,0.0632999986410141,0.03629999980330467,0.10350000113248825,0.09749999642372131,0.05900000035762787,0.018799999728798866,0.04010000079870224,0.07840000092983246,0.019999999552965164,0.0,0.057100001722574234,0.0,0.061400000005960464,0.06340000033378601,0.040300000458955765,0.09629999846220016,0.03880000114440918,0.08020000159740448,0.040300000458955765,0.06199999898672104,0.08269999921321869,0.07699999958276749,0.03790000081062317,0.0997999981045723,0.08160000294446945,0.05999999865889549,0.0608999989926815,0.018300000578165054,0.07800000160932541,0.058400001376867294,0.04010000079870224,0.0,0.07609999924898148,0.13680000603199005,0.0,0.0812000036239624,0.0,0.03840000182390213,0.07959999889135361,0.13670000433921814,0.060499999672174454,0.042399998754262924,0.11680000275373459,0.07829999923706055,0.13269999623298645,0.07609999924898148,0.07410000264644623,0.1404000073671341,0.1151999980211258,0.0940999984741211,0.11569999903440475,0.17949999868869781,0.15620000660419464,0.0,0.060100000351667404,0.11400000005960464,0.13590000569820404,0.1145000010728836,0.18019999563694,0.13210000097751617,0.13379999995231628,0.1160999983549118,0.10199999809265137,0.1371999979019165,0.11819999665021896,0.11249999701976776,0.09910000115633011,0.03790000081062317,0.1688999980688095,0.17630000412464142,0.15620000660419464,0.07569999992847443,0.059700001031160355,0.09690000116825104,0.11270000040531158,0.039799999445676804,0.11949999630451202,0.1704999953508377,0.0357000008225441,0.16410000622272491,0.13359999656677246,0.18029999732971191,0.1615000069141388,0.15649999678134918,0.16140000522136688,0.17339999973773956,0.17919999361038208,0.08089999854564667,0.15850000083446503,0.1151999980211258,0.09480000287294388,0.1776999980211258,0.17679999768733978,0.17839999496936798,0.16089999675750732,0.1597999930381775,0.1193000003695488,0.11919999867677689,0.12370000034570694,0.1551000028848648,0.13950000703334808,0.16120000183582306,0.10350000113248825,0.15850000083446503,0.13580000400543213,0.14180000126361847,0.15639999508857727,0.11890000104904175,0.11879999935626984,0.1777999997138977,0.17759999632835388,0.15539999306201935,0.17890000343322754,0.1404000073671341,0.15960000455379486,0.14399999380111694,0.1420000046491623,0.11180000007152557,0.17229999601840973,0.12630000710487366,0.10019999742507935,0.15940000116825104,0.18310000002384186,0.17640000581741333,0.1160999983549118,0.16099999845027924,0.1768999993801117,0.11860000342130661,0.14059999585151672,0.1687999963760376,0.179299995303154,0.13510000705718994,0.15860000252723694,0.17599999904632568,0.1599999964237213,0.11569999903440475,0.11659999936819077,0.18219999969005585,0.09809999912977219,0.1678999960422516,0.1363999992609024,0.15610000491142273,0.15330000221729279,0.15539999306201935,0.15299999713897705,0.15520000457763672,0.13699999451637268,0.15569999814033508,0.1340000033378601,0.16040000319480896,0.1370999962091446,0.15700000524520874,0.14010000228881836,0.12300000339746475,0.1386999934911728,0.16329999268054962,0.1606999933719635,0.15639999508857727,0.11630000174045563,0.15960000455379486,0.16949999332427979,0.18029999732971191,0.12200000137090683,0.15710000693798065,0.07940000295639038,0.15410000085830688,0.11869999766349792,0.18029999732971191,0.11739999800920486,0.15639999508857727,0.15410000085830688,0.15410000085830688,0.16169999539852142,0.13030000030994415,0.15479999780654907,0.1185000017285347,0.17759999632835388,0.16850000619888306,0.17839999496936798,0.17880000174045563,0.11540000140666962,0.17319999635219574,0.14890000224113464,0.14409999549388885,0.17479999363422394,0.15710000693798065,0.15469999611377716,0.155799999833107,0.15780000388622284,0.09870000183582306,0.15940000116825104,0.11330000311136246,0.15839999914169312,0.17810000479221344,0.1768999993801117,0.1729000061750412,0.15800000727176666,0.17749999463558197,0.17479999363422394,0.15320000052452087,0.1784999966621399,0.15449999272823334,0.11270000040531158,0.1151999980211258,0.10509999841451645,0.15569999814033508,0.13539999723434448,0.16009999811649323,0.15710000693798065,0.1573999971151352,0.16189999878406525,0.15080000460147858,0.15520000457763672,0.11590000241994858,0.17239999771118164,0.13689999282360077,0.09549999982118607,0.11580000072717667,0.17190000414848328,0.11180000007152557,0.13680000603199005,0.13740000128746033,0.13619999587535858,0.17170000076293945,0.15719999372959137,0.11940000206232071,0.131400004029274,0.16099999845027924,0.11999999731779099,0.15639999508857727,0.17739999294281006,0.1444000005722046,0.1324000060558319,0.10320000350475311,0.11460000276565552,0.14270000159740448,0.16050000488758087,0.18060000240802765,0.15839999914169312,0.11879999935626984,0.16930000483989716,0.10379999876022339,0.16269999742507935,0.155799999833107,0.17399999499320984,0.13850000500679016,0.17430000007152557,0.17640000581741333,0.1581999957561493,0.15369999408721924,0.09719999879598618,0.09640000015497208,0.13030000030994415,0.13740000128746033,0.11339999735355377,0.13850000500679016,0.18160000443458557,0.17159999907016754,0.15770000219345093,0.16300000250339508,0.1599999964237213,0.1712000072002411,0.07339999824762344,0.15000000596046448,0.15710000693798065,0.17910000681877136,0.17990000545978546,0.08110000193119049,0.0989999994635582,0.1551000028848648,0.16210000216960907,0.14970000088214874,0.12240000069141388,0.19990000128746033,0.15379999577999115,0.11550000309944153,0.19249999523162842,0.13500000536441803,0.17090000212192535,0.15080000460147858,0.1412999927997589,0.18479999899864197,0.09669999778270721,0.17890000343322754,0.19699999690055847,0.2395000010728836,0.17350000143051147,0.20020000636577606,0.23309999704360962,0.17890000343322754,0.23180000483989716,0.21930000185966492,0.19099999964237213,0.10000000149011612,0.09780000150203705,0.1429000049829483,0.17839999496936798,0.19670000672340393,0.19949999451637268,0.21369999647140503,0.13670000433921814,0.16670000553131104,0.2125999927520752,0.17100000381469727,0.22310000658035278,0.19550000131130219,0.2198999971151352,0.15129999816417694,0.21709999442100525,0.24089999496936798,0.23469999432563782,0.21799999475479126,0.1746000051498413,0.09650000184774399,0.156700000166893,0.2151000052690506,0.21490000188350677,0.19589999318122864,0.22310000658035278,0.10999999940395355,0.16599999368190765,0.21469999849796295,0.20909999310970306,0.2249000072479248,0.22689999639987946,0.21140000224113464,0.19419999420642853,0.19990000128746033,0.19300000369548798,0.23659999668598175,0.23240000009536743,0.17990000545978546,0.18880000710487366,0.19830000400543213,0.21860000491142273,0.17569999396800995,0.19300000369548798,0.22100000083446503,0.1525000035762787,0.22110000252723694,0.18019999563694,0.193900004029274,0.20190000534057617,0.23639999330043793,0.21580000221729279,0.15240000188350677,0.21879999339580536,0.21570000052452087,0.13819999992847443,0.1906999945640564,0.17759999632835388,0.19269999861717224,0.19280000030994415,0.21559999883174896,0.20080000162124634,0.21119999885559082,0.20000000298023224,0.19519999623298645,0.21629999577999115,0.21250000596046448,0.210099995136261,0.23109999299049377,0.20909999310970306,0.2460000067949295,0.2134000062942505,0.21660000085830688,0.1987999975681305,0.2142000049352646,0.19509999454021454,0.2126999944448471,0.20509999990463257,0.21870000660419464,0.2003999948501587,0.17399999499320984,0.23839999735355377,0.17299999296665192,0.21070000529289246,0.17630000412464142,0.18520000576972961,0.21619999408721924,0.22509999573230743,0.19300000369548798,0.2076999992132187,0.2160000056028366,0.17810000479221344,0.226500004529953,0.1688999980688095,0.21089999377727509,0.22089999914169312,0.13189999759197235,0.21629999577999115,0.1995999962091446,0.1988999992609024,0.23489999771118164,0.19930000603199005,0.21330000460147858,0.16680000722408295,0.17949999868869781,0.18870000541210175,0.21539999544620514,0.1800999939441681,0.19519999623298645,0.19499999284744263,0.17630000412464142,0.07970000058412552,0.20890000462532043,0.21469999849796295,0.24230000376701355,0.2272000014781952,0.19679999351501465,0.23260000348091125,0.21879999339580536,0.2370000034570694,0.1941000074148178,0.16169999539852142,0.19990000128746033,0.21660000085830688,0.2159000039100647,0.19599999487400055,0.18150000274181366,0.16259999573230743,0.17159999907016754,0.2134999930858612,0.18170000612735748,0.15690000355243683,0.21879999339580536,0.19550000131130219,0.1818999946117401,0.22050000727176666,0.19599999487400055,0.21330000460147858,0.17329999804496765,0.23559999465942383,0.21389999985694885,0.23029999434947968,0.17180000245571136,0.21950000524520874,0.19200000166893005,0.23510000109672546,0.22869999706745148,0.19789999723434448,0.23770000040531158,0.1340000033378601,0.23549999296665192,0.12219999730587006,0.19439999759197235,0.17820000648498535,0.21889999508857727,0.23280000686645508,0.20020000636577606,0.21549999713897705,0.1793999969959259,0.18119999766349792,0.18050000071525574,0.2110999971628189,0.21150000393390656,0.21230000257492065,0.21610000729560852,0.21709999442100525,0.210999995470047,0.1932000070810318,0.25279998779296875,0.1745000034570694,0.15440000593662262,0.19769999384880066,0.13590000569820404,0.1923999935388565,0.19589999318122864,0.2062000036239624,0.19750000536441803,0.22579999268054962,0.17020000517368317,0.21150000393390656,0.19169999659061432,0.20960000157356262,0.23080000281333923,0.1965000033378601,0.1859000027179718,0.23690000176429749,0.24480000138282776,0.2287999987602234,0.2295999974012375,0.23559999465942383,0.21160000562667847,0.21060000360012054,0.20739999413490295,0.218299999833107,0.21250000596046448,0.24120000004768372,0.22869999706745148,0.1761000007390976,0.2395000010728836,0.21770000457763672,0.1941000074148178,0.11420000344514847,0.24240000545978546,0.20000000298023224,0.13449999690055847,0.2101999968290329,0.17489999532699585,0.25529998540878296,0.2362000048160553,0.2468000054359436,0.24690000712871552,0.1728000044822693,0.23350000381469727,0.17229999601840973,0.1964000016450882,0.20090000331401825,0.23389999568462372,0.17499999701976776,0.22010000050067902,0.1371999979019165,0.21950000524520874,0.2379000037908554,0.22190000116825104,0.22030000388622284,0.1777999997138977,0.23090000450611115,0.1914999932050705,0.25429999828338623,0.20990000665187836,0.2190999984741211,0.21170000731945038,0.2094999998807907,0.19200000166893005,0.17309999465942383,0.21969999372959137,0.2069000005722046,0.13740000128746033,0.21960000693798065,0.2754000127315521,0.27250000834465027,0.2556999921798706,0.21639999747276306,0.193900004029274,0.21060000360012054,0.19550000131130219,0.21940000355243683,0.2345000058412552,0.19300000369548798,0.2526000142097473,0.2167000025510788,0.21649999916553497,0.2353000044822693,0.15600000321865082,0.17270000278949738,0.2768000066280365,0.25780001282691956,0.25609999895095825,0.23430000245571136,0.218299999833107,0.2705000042915344,0.25450000166893005,0.23960000276565552,0.2378000020980835,0.29109999537467957,0.2363000065088272,0.21580000221729279,0.23659999668598175,0.1738000065088272,0.23589999973773956,0.2766000032424927,0.2134000062942505,0.23899999260902405,0.2777999937534332,0.23559999465942383,0.22450000047683716,0.2784000039100647,0.23360000550746918,0.19210000336170197,0.32850000262260437,0.23720000684261322,0.21070000529289246,0.28200000524520874,0.2515999972820282,0.30799999833106995,0.25609999895095825,0.2711000144481659,0.2687999904155731,0.15870000422000885,0.2759000062942505,0.2800999879837036,0.16949999332427979,0.27149999141693115,0.23160000145435333,0.23350000381469727,0.27790001034736633,0.28290000557899475,0.25029999017715454,0.17790000140666962,0.23810000717639923,0.2354000061750412,0.2784000039100647,0.19429999589920044,0.1793999969959259,0.23960000276565552,0.15289999544620514,0.310699999332428,0.29899999499320984,0.23919999599456787,0.19480000436306,0.2777999937534332,0.28220000863075256,0.2363000065088272,0.2409999966621399,0.25380000472068787,0.2549999952316284,0.23360000550746918,0.2402999997138977,0.25780001282691956,0.19779999554157257,0.2825999855995178,0.2547999918460846,0.23970000445842743,0.2985999882221222,0.26910001039505005,0.2581999897956848,0.23880000412464142,0.25,0.27549999952316284,0.2531000077724457,0.23720000684261322,0.25519999861717224,0.27309998869895935,0.23190000653266907,0.2500999867916107,0.17270000278949738,0.2502000033855438,0.2524999976158142,0.35989999771118164,0.2563000023365021,0.2551000118255615,0.22830000519752502,0.2492000013589859,0.24230000376701355,0.3147999942302704,0.18940000236034393,0.26089999079704285,0.25839999318122864,0.23749999701976776,0.23829999566078186,0.22910000383853912,0.23810000717639923,0.2554999887943268,0.27070000767707825,0.3440999984741211,0.2718999981880188,0.2502000033855438,0.3140000104904175,0.23489999771118164,0.3540000021457672,0.31119999289512634,0.29510000348091125,0.26460000872612,0.2094999998807907,0.25619998574256897,0.23270000517368317,0.31779998540878296,0.2542000114917755,0.3382999897003174,0.35420000553131104,0.25110000371932983,0.36149999499320984,0.29420000314712524,0.3000999987125397,0.2493000030517578,0.2754000127315521,0.23340000212192535,0.2946999967098236,0.31520000100135803,0.2944999933242798,0.21559999883174896,0.34869998693466187,0.2599000036716461,0.3375999927520752,0.25270000100135803,0.32670000195503235,0.296999990940094,0.25690001249313354,0.26969999074935913,0.29429998993873596,0.3319000005722046,0.2770000100135803,0.2563000023365021,0.3296000063419342,0.2483000010251999,0.3490999937057495,0.29490000009536743,0.3547999858856201,0.2937000095844269,0.2985000014305115,0.3303000032901764,0.2985000014305115,0.33809998631477356,0.3285999894142151,0.23810000717639923,0.3037000000476837,0.22859999537467957,0.2574999928474426,0.3149000108242035,0.2700999975204468,0.2653000056743622,0.3167000114917755,0.33730000257492065,0.23180000483989716,0.39320001006126404,0.3188999891281128,0.3709999918937683,0.1850000023841858,0.3727000057697296,0.30790001153945923,0.4372999966144562,0.3668000102043152,0.39079999923706055,0.3531999886035919,0.3059999942779541,0.40790000557899475,0.3172000050544739,0.2930999994277954,0.313400000333786,0.3763999938964844,0.35740000009536743,0.3312000036239624,0.3921999931335449,0.4277999997138977,0.37310001254081726,0.36410000920295715,0.32749998569488525,0.3709000051021576,0.31630000472068787,0.39329999685287476,0.33649998903274536,0.33160001039505005,0.3093000054359436,0.3082999885082245,0.3977999985218048,0.3098999857902527,0.3919000029563904,0.40389999747276306,0.319599986076355,0.38839998841285706,0.3181000053882599,0.304500013589859,0.3416000008583069,0.32760000228881836,0.2669000029563904,0.3785000145435333,0.5292999744415283,0.38339999318122864,0.39010000228881836,0.4156000018119812,0.4268999993801117,0.39469999074935913,0.38589999079704285,0.3873000144958496,0.4205999970436096,0.2851000130176544,0.38089999556541443,0.3549000024795532,0.3993000090122223,0.42879998683929443,0.2775000035762787,0.34940001368522644,0.39879998564720154,0.47600001096725464,0.39079999923706055,0.4133000075817108,0.29660001397132874,0.31220000982284546,0.3059000074863434,0.3912000060081482,0.35370001196861267,0.37310001254081726,0.43560001254081726,0.46639999747276306,0.4115999937057495,0.34200000762939453,0.4318999946117401,0.34619998931884766,0.39719998836517334,0.39399999380111694,0.3100999891757965,0.37709999084472656,0.47380000352859497,0.30809998512268066,0.46470001339912415,0.27959999442100525,0.41110000014305115,0.3871000111103058,0.23090000450611115,0.3741999864578247,0.43650001287460327,0.39239999651908875,0.43560001254081726,0.45649999380111694,0.3605000078678131,0.399399995803833,0.46560001373291016,0.41119998693466187,0.4575999975204468,0.4122999906539917,0.43369999527931213,0.5121999979019165,0.492900013923645,0.3896999955177307,0.45210000872612,0.3935999870300293,0.45170000195503235,0.39079999923706055,0.4196000099182129,0.336899995803833,0.31380000710487366,0.4909000098705292,0.3944999873638153,0.35019999742507935,0.5338000059127808,0.3093000054359436,0.47369998693466187,0.3490000069141388,0.45320001244544983,0.4156000018119812,0.4481000006198883,0.3758000135421753,0.4309000074863434,0.3497999906539917,0.4634999930858612,0.4731000065803528,0.4205999970436096,0.4374000132083893,0.43479999899864197,0.3508000075817108,0.3887999951839447,0.41100001335144043,0.44999998807907104,0.4011000096797943,0.45239999890327454,0.3312000036239624,0.5156999826431274,0.41339999437332153,0.3799999952316284,0.4092999994754791,0.48249998688697815,0.5047000050544739,0.3935999870300293,0.42080000042915344,0.4657999873161316,0.4496000111103058,0.4465000033378601,0.45190000534057617,0.482699990272522,0.515500009059906,0.4318999946117401,0.435699999332428,0.4296000003814697,0.4544000029563904,0.3928000032901764,0.47380000352859497,0.48649999499320984,0.4478999972343445,0.47200000286102295,0.5289999842643738,0.4878000020980835,0.36489999294281006,0.4779999852180481,0.4332999885082245,0.3763999938964844,0.45649999380111694,0.5167999863624573,0.47119998931884766,0.48890000581741333,0.41830000281333923,0.4961000084877014,0.4433000087738037,0.45410001277923584,0.47769999504089355,0.5144000053405762,0.4092999994754791,0.3873000144958496,0.5126000046730042,0.3702000081539154,0.5163999795913696,0.46939998865127563,0.48730000853538513,0.40959998965263367,0.43799999356269836,0.47589999437332153,0.42480000853538513,0.38109999895095825,0.4172999858856201,0.5065000057220459,0.483599990606308,0.4674000144004822,0.3961000144481659,0.45730000734329224,0.45879998803138733,0.35199999809265137,0.5267999768257141,0.5541999936103821,0.5403000116348267,0.4715999960899353,0.5037000179290771,0.4684000015258789,0.40689998865127563,0.3628000020980835,0.4242999851703644,0.35269999504089355,0.4293000102043152,0.4018999934196472,0.5527999997138977,0.5149000287055969,0.6650000214576721,0.5070000290870667,0.5131999850273132,0.4523000121116638,0.46959999203681946,0.45350000262260437,0.41370001435279846,0.4625999927520752,0.5645999908447266,0.4023999869823456,0.5113999843597412,0.4472000002861023,0.3553999960422516,0.3671000003814697,0.38199999928474426,0.507099986076355,0.38839998841285706,0.3874000012874603,0.5533000230789185,0.40880000591278076,0.5098000168800354,0.4498000144958496,0.4675000011920929,0.4666999876499176,0.4812999963760376,0.49459999799728394,0.4438999891281128,0.46309998631477356,0.5277000069618225,0.4860999882221222,0.48249998688697815,0.40290001034736633,0.460099995136261,0.3968999981880188,0.4124000072479248,0.48559999465942383,0.41929998993873596,0.3955000042915344,0.4560000002384186,0.39480000734329224,0.3926999866962433,0.4514999985694885,0.527899980545044,0.5103999972343445,0.31360000371932983,0.376800000667572,0.35089999437332153,0.5087000131607056,0.5284000039100647,0.3901999890804291,0.47450000047683716,0.5296000242233276,0.5077000260353088,0.4690000116825104,0.40799999237060547,0.44209998846054077,0.512499988079071,0.47679999470710754,0.4171999990940094,0.40869998931884766,0.4632999897003174,0.5593000054359436,0.3294999897480011,0.4343000054359436,0.45159998536109924,0.49970000982284546,0.3506999909877777,0.570900022983551,0.4498000144958496,0.503600001335144,0.5006999969482422,0.39089998602867126,0.5440999865531921,0.49219998717308044,0.527400016784668,0.45879998803138733,0.424699991941452,0.5720999836921692,0.4648999869823456,0.5304999947547913,0.49050000309944153,0.4180999994277954,0.4392000138759613,0.39320001006126404,0.4359000027179718,0.48910000920295715,0.52920001745224,0.46880000829696655,0.4805000126361847,0.5070000290870667,0.4657000005245209,0.4339999854564667,0.4474000036716461,0.5073999762535095,0.5307999849319458,0.4880000054836273,0.4343999922275543,0.41440001130104065,0.4368000030517578,0.4569000005722046,0.4487999975681305,0.4629000127315521,0.4661000072956085,0.5058000087738037,0.3677000105381012,0.4875999987125397,0.48919999599456787,0.3537999987602234,0.4034000039100647,0.4812999963760376,0.4133000075817108,0.4449999928474426,0.41499999165534973,0.5078999996185303,0.3885999917984009,0.4399000108242035,0.43059998750686646,0.4113999903202057,0.3905999958515167,0.5099999904632568,0.3546999990940094,0.4065000116825104,0.3693000078201294,0.4652000069618225,0.46470001339912415,0.4343999922275543,0.4546000063419342,0.4887000024318695,0.39309999346733093,0.414900004863739,0.43619999289512634,0.48890000581741333,0.35569998621940613,0.4300999939441681,0.527899980545044,0.4471000134944916,0.48089998960494995,0.4438000023365021,0.4260999858379364,0.3828999996185303,0.5885000228881836,0.4699999988079071,0.49619999527931213,0.3531000018119812,0.4474000036716461,0.3939000070095062,0.4104999899864197,0.5270000100135803,0.4465000033378601,0.5278000235557556,0.4097000062465668,0.3901999890804291,0.3882000148296356,0.39469999074935913,0.41819998621940613,0.39169999957084656,0.4629000127315521,0.5131999850273132,0.43779999017715454,0.4564000070095062,0.3734999895095825,0.40549999475479126,0.5611000061035156,0.4724999964237213,0.5213000178337097,0.45080000162124634,0.4510999917984009,0.3734000027179718,0.4178999960422516,0.3700999915599823,0.42980000376701355,0.37380000948905945,0.412200003862381,0.5533999800682068,0.5002999901771545,0.4083999991416931,0.46939998865127563,0.39629998803138733,0.4156000018119812,0.4332999885082245,0.5485000014305115,0.5483999848365784,0.5306000113487244,0.4546999931335449,0.4106000065803528,0.4702000021934509,0.5309000015258789,0.5081999897956848,0.4514999985694885,0.48590001463890076,0.4198000133037567,0.3734000027179718,0.3880999982357025,0.45570001006126404,0.46779999136924744,0.45249998569488525,0.40070000290870667,0.4900999963283539,0.4480000138282776,0.5192000269889832,0.3970000147819519,0.5016999840736389,0.4885999858379364,0.46869999170303345,0.4551999866962433,0.3301999866962433,0.5612000226974487,0.4726000130176544,0.4823000133037567,0.4571000039577484,0.4927999973297119,0.4537999927997589,0.46860000491142273,0.5142999887466431,0.3714999854564667,0.5314000248908997,0.454800009727478,0.4018000066280365,0.35600000619888306,0.5156999826431274,0.5146999955177307,0.46970000863075256,0.44130000472068787,0.46619999408721924,0.4108999967575073,0.35280001163482666,0.4729999899864197,0.46630001068115234,0.4537999927997589,0.45399999618530273,0.4300000071525574,0.4580000042915344,0.4327000081539154,0.4950999915599823,0.40610000491142273,0.438400000333786,0.5134000182151794,0.4564000070095062,0.4447000026702881,0.38839998841285706,0.4309000074863434,0.46790000796318054,0.33500000834465027,0.5131999850273132,0.47589999437332153,0.5048999786376953,0.4562000036239624,0.41190001368522644,0.48829999566078186,0.41339999437332153,0.42879998683929443,0.49140000343322754,0.5892999768257141,0.4302999973297119,0.5278000235557556,0.4327000081539154,0.5353999733924866,0.4674000144004822,0.3147999942302704,0.5393000245094299,0.507099986076355,0.38989999890327454,0.4097000062465668,0.4147000014781952,0.5049999952316284,0.5109999775886536,0.5511000156402588,0.36039999127388,0.4885999858379364,0.4675999879837036,0.4318000078201294,0.5278000235557556,0.4690000116825104,0.6044999957084656,0.5478000044822693,0.40049999952316284,0.5684000253677368,0.3546000123023987,0.5092999935150146,0.4921000003814697,0.45590001344680786,0.4207000136375427,0.45489999651908875,0.4697999954223633,0.4876999855041504,0.4832000136375427,0.48750001192092896,0.5418999791145325,0.4092000126838684,0.43380001187324524,0.5457000136375427,0.4767000079154968,0.5288000106811523,0.5684000253677368,0.583899974822998,0.6116999983787537,0.5331000089645386,0.374099999666214,0.43050000071525574,0.4056999981403351,0.4456999897956848,0.5443999767303467,0.44620001316070557,0.5784000158309937,0.5817999839782715,0.43479999899864197,0.5059999823570251,0.4498000144958496,0.44620001316070557,0.3125,0.42419999837875366,0.4927999973297119,0.4327000081539154,0.5637000203132629,0.5091000199317932,0.5400000214576721,0.5069000124931335,0.5753999948501587,0.515500009059906,0.4959000051021576,0.41620001196861267,0.448199987411499,0.43799999356269836,0.47189998626708984,0.47290000319480896,0.5396000146865845,0.33219999074935913,0.4821999967098236,0.43320000171661377,0.4560999870300293,0.5464000105857849,0.412200003862381,0.40950000286102295,0.43700000643730164,0.40790000557899475,0.46869999170303345,0.48170000314712524,0.5361999869346619,0.4587000012397766,0.4909999966621399,0.5170999765396118,0.41620001196861267,0.4187000095844269,0.4691999852657318,0.41589999198913574,0.37720000743865967,0.46790000796318054,0.4684999883174896,0.4537000060081482,0.4706999957561493,0.4884999990463257,0.47040000557899475,0.4514999985694885,0.4512999951839447,0.4472000002861023,0.4726000130176544,0.39239999651908875,0.37290000915527344,0.4077000021934509,0.39879998564720154,0.4156999886035919,0.4410000145435333,0.48500001430511475,0.522599995136261,0.46720001101493835,0.41179999709129333,0.42829999327659607,0.5583999752998352,0.4381999969482422,0.4952000081539154,0.5508000254631042,0.43299999833106995,0.4690000116825104,0.5084999799728394,0.46939998865127563,0.3944000005722046,0.49230000376701355,0.3384999930858612,0.43220001459121704,0.46230000257492065,0.39559999108314514,0.5719000101089478,0.4943999946117401,0.46970000863075256,0.3889000117778778,0.47119998931884766,0.5149999856948853,0.4494999945163727,0.39879998564720154,0.4472000002861023,0.4927000105381012,0.5098000168800354,0.48100000619888306,0.49959999322891235,0.5325999855995178,0.3319000005722046,0.3955000042915344,0.531000018119812,0.4474000036716461,0.48980000615119934,0.45100000500679016,0.40689998865127563,0.40950000286102295,0.45019999146461487,0.43309998512268066,0.49410000443458557,0.4668000042438507,0.5022000074386597,0.39160001277923584,0.4884999990463257,0.49160000681877136,0.40639999508857727,0.4918999969959259,0.5425000190734863,0.41999998688697815,0.40959998965263367,0.43700000643730164,0.4839000105857849,0.4278999865055084,0.37049999833106995,0.4138999879360199,0.427700012922287,0.5041000247001648,0.6090999841690063,0.3330000042915344,0.515500009059906,0.47870001196861267,0.4952000081539154,0.4749000072479248,0.4693000018596649,0.4390000104904175,0.5435000061988831,0.49149999022483826,0.4433000087738037,0.5698000192642212,0.4625000059604645,0.43220001459121704,0.4912000000476837,0.4683000147342682,0.4894999861717224,0.5145999789237976,0.6075000166893005,0.5902000069618225,0.46560001373291016,0.5745999813079834,0.2574999928474426,0.4896000027656555,0.5616999864578247,0.44130000472068787,0.4700999855995178,0.3905999958515167,0.4424000084400177,0.498199999332428,0.5486999750137329,0.47690001130104065,0.5450999736785889,0.5342000126838684,0.4952000081539154,0.5066999793052673,0.49050000309944153,0.46939998865127563,0.4731999933719635,0.5601999759674072,0.4927999973297119,0.4932999908924103,0.3880000114440918,0.5354999899864197,0.42100000381469727,0.5077000260353088,0.529699981212616,0.4302999973297119,0.48739999532699585,0.41830000281333923,0.43709999322891235,0.37560001015663147,0.4896000027656555,0.5465999841690063,0.4449000060558319,0.4058000147342682,0.47679999470710754,0.5878000259399414,0.47510001063346863,0.47279998660087585,0.5411999821662903,0.4377000033855438,0.4805000126361847,0.4722999930381775,0.4616999924182892,0.44690001010894775,0.5716999769210815,0.45559999346733093,0.5008999705314636,0.5720999836921692,0.5367000102996826,0.6252999901771545,0.4957999885082245,0.508899986743927,0.477400004863739,0.4068000018596649,0.5511000156402588,0.39649999141693115,0.4952000081539154,0.5351999998092651,0.44929999113082886,0.5024999976158142,0.43560001254081726,0.54830002784729,0.4068000018596649,0.5343999862670898,0.43470001220703125,0.531499981880188,0.36160001158714294,0.40849998593330383,0.5550000071525574,0.4320000112056732,0.6258000135421753,0.5221999883651733,0.3824999928474426,0.4278999865055084,0.4016999900341034,0.46779999136924744,0.44589999318122864,0.43939998745918274,0.4537999927997589,0.4602999985218048,0.4514000117778778,0.5447999835014343,0.5631999969482422,0.605400025844574,0.4666999876499176,0.5282999873161316,0.45249998569488525,0.5303999781608582,0.6132000088691711,0.4729999899864197,0.5069000124931335,0.5246000289916992,0.5489000082015991,0.3946000039577484,0.4681999981403351,0.483599990606308,0.5095000267028809,0.4909999966621399,0.5152000188827515,0.4681999981403351,0.5644999742507935,0.5049999952316284,0.48350000381469727,0.4690999984741211,0.4697999954223633,0.47699999809265137,0.43630000948905945,0.4023999869823456,0.4108000099658966,0.47589999437332153,0.4772000014781952,0.5357000231742859,0.5339999794960022,0.4903999865055084,0.46970000863075256,0.4902999997138977,0.4724999964237213,0.46619999408721924,0.5152000188827515,0.5024999976158142,0.4749000072479248,0.43369999527931213,0.4918000102043152,0.5340999960899353,0.5461000204086304,0.44859999418258667,0.5361999869346619,0.527999997138977,0.4661000072956085,0.4731999933719635,0.5069000124931335,0.3571999967098236,0.5041000247001648,0.44510000944137573,0.43860000371932983,0.4553000032901764,0.492900013923645,0.5299000144004822,0.5547999739646912,0.4903999865055084,0.48080000281333923,0.5605000257492065,0.47110000252723694,0.5189999938011169,0.47589999437332153,0.6261000037193298,0.5529999732971191,0.5302000045776367,0.5252000093460083,0.4966999888420105,0.44609999656677246,0.4975999891757965,0.46389999985694885,0.5257999897003174,0.4765999913215637,0.5091000199317932,0.5465999841690063,0.4059999883174896,0.5058000087738037,0.477400004863739,0.46799999475479126,0.4546000063419342,0.5012000203132629,0.45559999346733093,0.39070001244544983,0.4465000033378601,0.3716000020503998,0.548799991607666,0.4456999897956848,0.49129998683929443,0.43720000982284546,0.48539999127388,0.5242000222206116,0.4668999910354614,0.5123000144958496,0.3601999878883362,0.4341999888420105,0.5468999743461609,0.511900007724762,0.489300012588501,0.6150000095367432,0.444599986076355,0.5275999903678894,0.4302000105381012,0.4147000014781952,0.5338000059127808,0.34880000352859497,0.4526999890804291,0.49470001459121704,0.3702999949455261,0.39660000801086426,0.4846999943256378,0.3896999955177307,0.46959999203681946,0.5649999976158142,0.4027000069618225,0.387800008058548,0.49470001459121704,0.41370001435279846,0.4699000120162964,0.5479999780654907,0.4846999943256378,0.41290000081062317,0.37380000948905945,0.4521999955177307,0.5720999836921692,0.4090999960899353,0.32899999618530273,0.3853999972343445,0.4731999933719635,0.5293999910354614,0.5620999932289124,0.4731999933719635,0.3898000121116638,0.3540000021457672,0.4713999927043915,0.4925999939441681,0.44429999589920044,0.48240000009536743,0.5097000002861023,0.45170000195503235,0.5455999970436096,0.41110000014305115,0.5077000260353088,0.44859999418258667,0.39169999957084656,0.5508999824523926,0.6460999846458435,0.5485000014305115,0.46790000796318054,0.5361999869346619,0.48840001225471497,0.5559999942779541,0.569100022315979,0.5364000201225281,0.5766000151634216,0.5307000279426575,0.4262000024318695,0.43939998745918274,0.532800018787384,0.5557000041007996,0.5478000044822693,0.5694000124931335,0.5656999945640564,0.45750001072883606,0.5543000102043152,0.5273000001907349,0.5895000100135803,0.49140000343322754,0.5591999888420105,0.42989999055862427,0.5051000118255615,0.6265000104904175,0.5515000224113464,0.4595000147819519,0.45320001244544983,0.42669999599456787,0.546999990940094,0.512499988079071,0.4260999858379364,0.6269999742507935,0.5210000276565552,0.5773000121116638,0.5098999738693237,0.5878999829292297,0.5177000164985657,0.5313000082969666,0.597599983215332,0.4765999913215637,0.48489999771118164,0.46239998936653137,0.4848000109195709,0.5130000114440918,0.5523999929428101,0.5174999833106995,0.4684999883174896,0.5698999762535095,0.5112000107765198,0.5454999804496765,0.5663999915122986,0.44040000438690186,0.4562000036239624,0.5087000131607056,0.5412999987602234,0.5300999879837036,0.4754999876022339,0.4943000078201294,0.4072999954223633,0.46869999170303345,0.4320000112056732,0.4699999988079071,0.40689998865127563,0.43540000915527344,0.36719998717308044,0.4562000036239624,0.5027999877929688,0.5325000286102295,0.4657000005245209,0.5570999979972839,0.45719999074935913,0.4440000057220459,0.5906999707221985,0.439300000667572,0.4562999904155731,0.4092999994754791,0.37790000438690186,0.5491999983787537,0.41530001163482666,0.39309999346733093,0.5159000158309937,0.4253999888896942,0.47189998626708984,0.5687000155448914,0.49540001153945923,0.4578000009059906,0.5964000225067139,0.54339998960495,0.5293999910354614,0.572700023651123,0.5968999862670898,0.39649999141693115,0.4771000146865845,0.4648999869823456,0.5148000121116638,0.5002999901771545,0.387800008058548,0.48669999837875366,0.5465999841690063,0.6266999840736389,0.5087000131607056,0.4616999924182892,0.5638999938964844,0.4982999861240387,0.48840001225471497,0.5364000201225281,0.4740999937057495,0.4659999907016754,0.37540000677108765,0.4729999899864197,0.6194000244140625,0.4754999876022339,0.517300009727478,0.4893999993801117,0.47600001096725464,0.44209998846054077,0.4352000057697296,0.4514999985694885,0.4503999948501587,0.4961000084877014,0.4731000065803528,0.5320000052452087,0.5529000163078308,0.4887000024318695,0.5049999952316284,0.421999990940094,0.4189000129699707,0.5375999808311462,0.4912000000476837
0.45509999990463257,0.0,0.0,0.019600000232458115,0.01979999989271164,0.01940000057220459,0.02239999920129776,0.020800000056624413,0.017799999564886093,0.020899999886751175,0.016599999740719795,0.01940000057220459,0.017000000923871994,0.01730000041425228,0.0,0.019899999722838402,0.02019999921321869,0.0203000009059906,0.019600000232458115,0.01759999990463257,0.019200000911951065,0.019700000062584877,0.01679999940097332,0.0,0.01810000091791153,0.0,0.0,0.0,0.0,0.0,0.0,0.0,0.0,0.0,0.018699999898672104,0.0,0.0,0.0,0.0,0.0,0.0,0.0,0.0,0.020400000736117363,0.0,0.0,0.0,0.0,0.0,0.0,0.0,0.0,0.0,0.0,0.0,0.0,0.0,0.0,0.0,0.0,0.0,0.0,0.0,0.0,0.0,0.0,0.0,0.0,0.0,0.0,0.0,0.0,0.0,0.0,0.0,0.0,0.0,0.0,0.01940000057220459,0.0,0.018699999898672104,0.0,0.0,0.0,0.0,0.0,0.0,0.0,0.0,0.0,0.0,0.0,0.0,0.0,0.0,0.0,0.0,0.0,0.0,0.0,0.0,0.0,0.0,0.0,0.0,0.0,0.0,0.0,0.0,0.0,0.0,0.0,0.0,0.0,0.0,0.0,0.01769999973475933,0.0,0.016499999910593033,0.0,0.0,0.0,0.0,0.0,0.019300000742077827,0.0,0.0,0.0,0.0,0.0,0.0,0.0,0.0,0.0,0.0,0.0,0.0,0.0,0.0,0.0,0.0,0.0,0.0,0.0,0.0,0.0,0.0,0.0,0.0,0.0,0.0,0.0,0.0,0.0,0.0,0.0,0.0,0.0,0.0,0.0,0.0,0.0,0.0,0.0,0.0,0.0,0.0,0.0,0.0,0.0,0.0,0.0,0.0,0.0,0.019999999552965164,0.0,0.0,0.0,0.0,0.0,0.0,0.0,0.0,0.0,0.0,0.0,0.0,0.0,0.0,0.0,0.0,0.0,0.0,0.0,0.0,0.0,0.0,0.019300000742077827,0.0,0.0,0.0,0.0,0.0,0.0,0.0,0.0,0.0,0.0,0.0,0.0,0.0,0.0,0.0,0.0,0.0,0.0,0.0,0.0,0.0,0.0,0.0,0.0,0.0,0.0,0.0,0.0,0.0,0.0,0.0,0.0,0.0,0.0,0.0,0.0,0.0,0.0,0.0,0.0,0.0,0.0,0.0,0.0,0.0,0.0,0.0,0.0,0.0,0.0,0.0,0.0,0.0,0.0,0.0,0.0,0.0,0.0,0.0,0.0,0.020999999716877937,0.0,0.0,0.0,0.0,0.0,0.0,0.0,0.0,0.0,0.0,0.0,0.0,0.0,0.0,0.0,0.0,0.0,0.0,0.0,0.0,0.0,0.0,0.0,0.0,0.0,0.0,0.0,0.0,0.0,0.0,0.0,0.0,0.0,0.0,0.0,0.0,0.0,0.020999999716877937,0.0,0.0,0.0,0.0,0.0,0.0,0.0,0.0,0.0,0.017999999225139618,0.0,0.0,0.0,0.0,0.018799999728798866,0.0,0.018300000578165054,0.0,0.0,0.0,0.0,0.0,0.0,0.0,0.0,0.0,0.0,0.0,0.0,0.0,0.0,0.0,0.0,0.0,0.0,0.0,0.0,0.0,0.0,0.0,0.0,0.020099999383091927,0.0,0.0,0.0,0.0,0.0,0.0,0.0,0.0,0.0,0.0,0.0,0.0,0.0,0.0,0.0210999995470047,0.0,0.0,0.0,0.0,0.0,0.0,0.0,0.0,0.0,0.0,0.0,0.020600000396370888,0.0,0.04179999977350235,0.0,0.07590000331401825,0.0,0.01979999989271164,0.0,0.0617000013589859,0.0,0.0,0.0,0.019700000062584877,0.0,0.018300000578165054,0.0,0.04170000180602074,0.03819999843835831,0.0,0.0,0.0,0.0,0.020600000396370888,0.0,0.0,0.0,0.08060000091791153,0.01889999955892563,0.0,0.03799999877810478,0.020899999886751175,0.061400000005960464,0.0,0.0,0.0,0.0,0.0,0.0,0.0,0.03849999979138374,0.0,0.0,0.0,0.0,0.09570000320672989,0.018799999728798866,0.020500000566244125,0.01979999989271164,0.0,0.0,0.0,0.02019999921321869,0.0,0.0,0.018799999728798866,0.0,0.0,0.0,0.0,0.02160000056028366,0.0,0.0,0.07509999722242355,0.0,0.0,0.0,0.0,0.0,0.0,0.0,0.0,0.0,0.0,0.0,0.0,0.0,0.04520000144839287,0.0,0.0,0.0,0.0210999995470047,0.0,0.0,0.0,0.0,0.0,0.0,0.0,0.01940000057220459,0.0,0.0,0.019500000402331352,0.0,0.0,0.07590000331401825,0.0,0.0,0.039400000125169754,0.0,0.0,0.0,0.019099999219179153,0.0,0.0,0.0,0.0,0.02019999921321869,0.0,0.0,0.0,0.0,0.0,0.0,0.0,0.019700000062584877,0.03709999844431877,0.03840000182390213,0.039900001138448715,0.0,0.0,0.0,0.0,0.0,0.0,0.0,0.0,0.03759999945759773,0.0,0.0,0.01889999955892563,0.0,0.0,0.0,0.0,0.0,0.0,0.0,0.01979999989271164,0.039799999445676804,0.0,0.0,0.0,0.039400000125169754,0.0,0.03970000147819519,0.020600000396370888,0.0,0.0,0.0,0.0,0.0,0.0,0.0,0.0,0.0,0.0,0.04129999876022339,0.0,0.0,0.0,0.0203000009059906,0.0,0.02239999920129776,0.0,0.0,0.0,0.0,0.0,0.0,0.0,0.0,0.0,0.0,0.0,0.0,0.0,0.0,0.0,0.0,0.0,0.0,0.0,0.06109999865293503,0.0,0.0,0.01850000023841858,0.08020000159740448,0.061400000005960464,0.0,0.0,0.0,0.0,0.0,0.0,0.0,0.0,0.0,0.0,0.0,0.0,0.017799999564886093,0.057500001043081284,0.0,0.0,0.019099999219179153,0.0,0.021700000390410423,0.0,0.040800001472234726,0.018400000408291817,0.020400000736117363,0.01860000006854534,0.04129999876022339,0.01940000057220459,0.0,0.0,0.0,0.0,0.019700000062584877,0.0,0.0,0.020400000736117363,0.0,0.039799999445676804,0.0,0.0,0.0,0.021199999377131462,0.0,0.0,0.0,0.0,0.07919999957084656,0.0,0.01940000057220459,0.03970000147819519,0.0,0.0,0.0,0.0,0.0,0.0,0.0,0.0,0.05869999900460243,0.0,0.0738999992609024,0.0,0.0,0.02160000056028366,0.0,0.0,0.0,0.0,0.0,0.03779999911785126,0.07660000026226044,0.0,0.0,0.035599999129772186,0.0,0.04019999876618385,0.03830000013113022,0.04129999876022339,0.0,0.021400000900030136,0.0,0.062199998646974564,0.0,0.0,0.0,0.0,0.0,0.0,0.0,0.02019999921321869,0.018699999898672104,0.0,0.060499999672174454,0.023099999874830246,0.020099999383091927,0.01979999989271164,0.01860000006854534,0.07580000162124634,0.03929999843239784,0.020800000056624413,0.018699999898672104,0.0,0.01979999989271164,0.0,0.0,0.0,0.0,0.0,0.0,0.0,0.01889999955892563,0.0,0.0,0.07660000026226044,0.0,0.0,0.0,0.0,0.0,0.0203000009059906,0.0,0.03539999946951866,0.0,0.0210999995470047,0.0,0.023399999365210533,0.0,0.0,0.0,0.0,0.0,0.0,0.0,0.019200000911951065,0.04019999876618385,0.03790000081062317,0.03660000115633011,0.0,0.0,0.0,0.0,0.0,0.0,0.03689999878406525,0.018400000408291817,0.0,0.0,0.02070000022649765,0.037300001829862595,0.0,0.017999999225139618,0.0,0.0,0.0,0.0,0.0,0.0,0.0,0.0,0.0,0.0,0.0,0.0,0.0203000009059906,0.0,0.03539999946951866,0.0,0.0,0.019600000232458115,0.03790000081062317,0.0,0.0,0.0364999994635582,0.0,0.0,0.021800000220537186,0.0,0.0,0.0,0.0,0.0,0.0,0.0,0.0,0.0,0.02250000089406967,0.05959999933838844,0.036400001496076584,0.0,0.0,0.018799999728798866,0.021400000900030136,0.0,0.0,0.018799999728798866,0.03909999877214432,0.0,0.0,0.0,0.0,0.0,0.0,0.0,0.0,0.0,0.04349999874830246,0.03629999980330467,0.0,0.017400000244379044,0.0,0.0,0.0,0.0,0.0,0.0,0.0,0.018699999898672104,0.018400000408291817,0.0,0.017000000923871994,0.0,0.0,0.0,0.0,0.0,0.0,0.0,0.0,0.0,0.0,0.0,0.0,0.0,0.01899999938905239,0.0,0.04050000011920929,0.018699999898672104,0.0,0.05909999832510948,0.0,0.0,0.0,0.0,0.0,0.0,0.0,0.0,0.0,0.0,0.0,0.0,0.0,0.0,0.0,0.0,0.0,0.0,0.0,0.017999999225139618,0.0,0.0,0.0,0.0,0.0,0.0,0.0,0.0,0.0,0.0,0.0,0.0,0.0,0.0,0.0625,0.0,0.0,0.0,0.0,0.0,0.0,0.0,0.0,0.0,0.0,0.0,0.0,0.0,0.0,0.0,0.0,0.0,0.019899999722838402,0.0,0.0,0.0,0.0,0.0,0.0,0.0,0.02319999970495701,0.021299999207258224,0.01899999938905239,0.019700000062584877,0.0,0.0,0.0,0.0,0.019999999552965164,0.0,0.0,0.041200000792741776,0.0,0.0,0.0,0.0,0.0,0.0,0.0,0.0,0.020500000566244125,0.0,0.01810000091791153,0.0,0.0640999972820282,0.0,0.0,0.021199999377131462,0.0,0.0,0.0,0.0,0.0,0.0,0.0,0.0,0.03920000046491623,0.0,0.0,0.0,0.0,0.0,0.0,0.0,0.0,0.0,0.0,0.0,0.019700000062584877,0.0,0.0,0.0,0.0,0.0,0.0,0.0,0.0,0.0,0.0,0.0,0.0,0.0,0.0,0.017999999225139618,0.0,0.0,0.0,0.0,0.0,0.0,0.0,0.0,0.0,0.0,0.0,0.019700000062584877,0.0,0.0,0.0,0.0,0.0,0.0,0.0,0.021800000220537186,0.0,0.0,0.0,0.0,0.0,0.0,0.0,0.01979999989271164,0.0,0.0,0.0,0.0,0.0,0.0,0.03970000147819519,0.0,0.0,0.0,0.0,0.0,0.0,0.0,0.0,0.0,0.0,0.0,0.0,0.0,0.0,0.01850000023841858,0.0,0.0,0.018200000748038292,0.0,0.0,0.0,0.0,0.016899999231100082,0.019300000742077827,0.0,0.0,0.039500001817941666,0.0,0.056299999356269836,0.0,0.020600000396370888,0.0,0.0,0.0,0.03680000081658363,0.0,0.018200000748038292,0.0,0.0,0.0,0.039500001817941666,0.0,0.0,0.0,0.0,0.0,0.0,0.0,0.0,0.03739999979734421,0.0,0.0,0.0,0.0,0.0,0.0,0.0,0.0,0.0,0.019300000742077827,0.0,0.0,0.0,0.0,0.0,0.0,0.0,0.0,0.0,0.0,0.0,0.0,0.0,0.0,0.0,0.0,0.0,0.0,0.0,0.0,0.0,0.0,0.0,0.0,0.021400000900030136,0.0,0.0203000009059906,0.0,0.0,0.0,0.0,0.0,0.0,0.0,0.0,0.0,0.0,0.0,0.0,0.0,0.0,0.0,0.0,0.019600000232458115,0.0,0.0,0.0,0.0,0.0,0.0,0.0,0.0,0.0,0.0,0.0,0.0,0.0,0.0,0.0,0.0,0.0,0.0,0.0,0.0,0.0,0.0,0.0,0.0,0.0,0.0,0.01889999955892563,0.0,0.0,0.0,0.0,0.0,0.019600000232458115,0.0,0.0,0.0,0.0,0.0,0.0,0.0,0.021400000900030136,0.0,0.0,0.0,0.0,0.0,0.0,0.0,0.0,0.0,0.0,0.0,0.0,0.0,0.0,0.019300000742077827,0.0,0.0,0.0,0.0,0.0,0.019500000402331352,0.0,0.0,0.01899999938905239,0.0,0.0,0.0,0.0,0.0,0.0,0.0,0.0210999995470047,0.0,0.0,0.0,0.03869999945163727,0.02199999988079071,0.0,0.0,0.020400000736117363,0.0,0.0,0.0,0.0,0.0,0.0,0.021299999207258224,0.0,0.0,0.0,0.03880000114440918,0.016300000250339508,0.01940000057220459,0.0,0.0,0.0,0.0,0.0,0.0,0.0,0.0,0.0,0.0,0.0,0.0,0.0,0.0,0.0,0.0,0.0,0.0,0.0,0.0,0.0,0.0,0.0,0.0,0.0,0.0,0.0,0.0,0.0,0.0,0.0,0.0,0.0,0.0,0.0,0.0,0.0,0.0,0.0,0.0,0.0,0.0,0.0,0.0,0.0,0.0,0.0,0.0,0.0,0.0,0.0,0.05829999968409538,0.0,0.0,0.0,0.0,0.0,0.0,0.0,0.0,0.0,0.0,0.0,0.0,0.0,0.0,0.0,0.0,0.0,0.0,0.0,0.0,0.0,0.0,0.0,0.0,0.0,0.0,0.0,0.0,0.0,0.0,0.0,0.0,0.0,0.03869999945163727,0.020600000396370888,0.0,0.0,0.0,0.0,0.03480000048875809,0.0,0.0,0.0,0.0,0.0,0.0,0.0,0.0,0.0,0.0,0.0,0.0,0.0,0.0,0.0,0.0,0.0,0.0,0.0,0.0,0.0,0.0,0.0,0.0,0.0,0.0,0.0,0.0,0.0,0.0,0.0,0.0,0.0,0.0,0.0,0.0,0.0,0.0,0.0,0.0,0.0,0.0,0.0,0.0,0.0,0.0,0.0,0.0,0.0,0.0,0.0,0.0,0.0,0.0,0.0,0.0,0.0,0.0,0.0,0.0,0.0,0.0,0.0,0.0,0.0,0.0,0.0,0.0,0.0,0.0,0.0,0.0,0.0,0.0,0.0,0.020099999383091927,0.0,0.0,0.0,0.0,0.0,0.0,0.020500000566244125,0.0,0.0,0.0,0.0,0.0,0.0,0.0,0.0,0.0,0.0,0.0,0.0,0.0,0.0,0.0,0.0,0.0,0.0,0.0,0.0,0.0,0.0,0.0,0.0,0.0,0.0,0.0,0.0,0.0,0.0,0.0,0.0,0.0,0.0,0.0215000007301569,0.0,0.0,0.0,0.0,0.0,0.0,0.0,0.0,0.0,0.0,0.0,0.016499999910593033,0.0,0.0,0.0,0.0,0.0,0.0,0.0,0.0,0.0,0.0,0.0,0.0,0.0,0.0,0.0,0.0,0.0,0.0,0.0,0.0,0.0,0.0,0.0,0.0,0.0,0.0,0.0,0.0,0.0,0.0,0.0,0.0,0.0,0.0,0.0,0.0,0.0,0.0,0.0,0.0,0.0,0.0,0.0,0.0,0.0,0.0,0.0,0.0,0.022199999541044235,0.0,0.0,0.0,0.0,0.0,0.0,0.0,0.0,0.0,0.0,0.0,0.0,0.0,0.0,0.0,0.0,0.0,0.0,0.0,0.0,0.0,0.0,0.0,0.0,0.0,0.0,0.0,0.0,0.0,0.02160000056028366,0.0,0.0,0.0,0.0,0.0,0.0,0.0,0.0,0.0,0.0,0.019700000062584877,0.019700000062584877,0.0,0.0,0.0,0.0,0.0,0.03669999912381172,0.0,0.0,0.0,0.0,0.0,0.0,0.0,0.019700000062584877,0.0,0.0,0.0,0.0,0.0,0.0,0.0,0.0,0.0,0.0,0.0,0.0,0.0,0.0,0.0,0.0,0.0,0.0,0.0,0.0,0.0,0.0,0.0,0.0,0.0,0.0,0.0,0.0,0.0,0.0,0.0,0.0,0.0,0.0,0.0,0.0,0.0,0.0,0.0,0.0,0.0,0.0,0.0,0.0,0.0,0.0,0.024800000712275505,0.0,0.0,0.0,0.0,0.0,0.0,0.0,0.0,0.0,0.0,0.0,0.0,0.0,0.0,0.0,0.018400000408291817,0.018300000578165054,0.0,0.0,0.0,0.0,0.0,0.0,0.0,0.0,0.0,0.0,0.0,0.0,0.0,0.0,0.0,0.0,0.0,0.0,0.0,0.0,0.0,0.0,0.0,0.0,0.0,0.0,0.0,0.0,0.0,0.0,0.0,0.0,0.017799999564886093,0.0,0.0,0.0,0.0,0.0,0.0,0.0210999995470047,0.0,0.0,0.0,0.019700000062584877,0.0,0.0,0.0,0.0,0.0,0.0,0.0,0.01810000091791153,0.0,0.0,0.0,0.0,0.0,0.0,0.0,0.0,0.0,0.0,0.0,0.0,0.0,0.0,0.0,0.0,0.0,0.0,0.0,0.0,0.0,0.0,0.0,0.0,0.0,0.0,0.0,0.0,0.0,0.0,0.0,0.0,0.0,0.0,0.0,0.0,0.0,0.0,0.0,0.0,0.0,0.0,0.0,0.0,0.0,0.0,0.0,0.01889999955892563,0.0,0.0,0.0,0.0,0.0,0.0,0.0,0.0,0.0,0.0,0.0,0.0,0.0,0.0,0.0,0.0,0.0,0.0,0.0,0.0,0.0,0.0,0.0,0.0,0.0,0.0,0.0,0.0,0.0,0.0,0.0,0.0,0.0,0.0,0.0,0.0,0.0,0.0,0.0,0.0,0.0,0.0,0.0,0.0,0.0,0.0,0.0,0.0,0.0,0.0,0.0,0.0,0.0,0.0,0.0,0.0,0.0,0.0,0.0,0.0,0.0,0.0,0.0,0.0,0.0,0.0,0.0,0.0,0.0,0.0,0.0,0.0,0.0,0.0,0.0,0.0,0.0,0.0,0.0,0.0,0.0,0.0,0.0,0.0,0.0,0.0,0.0,0.0,0.0,0.0,0.0,0.0,0.0,0.019999999552965164,0.0,0.0,0.0,0.0,0.0,0.0,0.0,0.0,0.0,0.019999999552965164,0.0,0.0,0.019999999552965164,0.0,0.0,0.0,0.0,0.0,0.0,0.0,0.0,0.0,0.0,0.0,0.0,0.0,0.0,0.0,0.020899999886751175,0.0,0.0,0.0,0.0,0.0,0.0,0.0,0.0,0.0,0.0,0.0,0.0,0.0,0.0,0.0,0.0,0.0,0.0,0.0,0.0,0.0,0.0,0.0,0.0,0.0,0.0,0.0,0.0,0.0,0.0203000009059906,0.0,0.0,0.0,0.01899999938905239,0.0,0.0,0.0,0.0,0.0,0.0,0.0,0.0,0.0,0.0,0.0,0.0,0.0,0.0,0.0,0.0,0.0,0.0,0.0,0.0,0.0,0.019899999722838402,0.0,0.021199999377131462,0.0,0.0,0.0,0.0,0.0,0.0,0.0,0.0,0.0,0.0,0.0,0.0,0.0,0.0,0.0,0.0,0.0,0.0,0.0,0.0,0.0,0.0,0.0,0.0,0.0,0.0,0.0,0.0,0.0,0.0,0.0,0.0,0.0,0.0,0.0,0.020500000566244125,0.0,0.0,0.020400000736117363,0.0,0.0,0.0,0.0,0.0,0.0,0.0,0.0,0.0,0.0,0.0,0.0,0.0,0.0,0.0,0.0,0.0,0.0,0.0,0.0,0.0,0.0,0.0,0.0,0.0,0.0,0.0,0.0,0.0,0.0,0.0,0.0,0.0,0.0,0.0,0.0,0.0,0.0,0.0,0.0,0.0,0.0,0.0,0.0,0.0,0.0,0.0,0.0,0.0,0.0,0.0,0.0,0.0,0.0,0.0,0.0,0.0,0.0,0.0,0.0,0.0,0.0,0.0,0.0,0.0,0.0,0.0,0.0,0.0,0.0,0.0,0.0,0.0,0.0,0.0,0.0,0.0,0.0,0.0,0.0,0.021400000900030136,0.0,0.0,0.01889999955892563,0.0,0.0,0.0,0.0,0.0,0.0,0.0,0.0,0.0,0.0,0.0,0.0,0.0,0.0,0.0,0.0,0.0,0.0,0.0,0.0,0.0,0.0,0.0,0.0,0.0,0.0,0.0,0.0,0.0,0.0,0.0,0.0,0.0,0.01860000006854534,0.0,0.0,0.0,0.0,0.0,0.0,0.0,0.0,0.0,0.0,0.0,0.0,0.0,0.0,0.0,0.0,0.0,0.0,0.0,0.0,0.0,0.0,0.0,0.0
0.45509999990463257,0.0,0.0,0.0,0.0,0.0,0.0,0.0,0.0,0.0,0.0,0.0,0.0,0.0,0.0,0.0,0.0,0.0,0.0,0.01759999990463257,0.0,0.0,0.0,0.0,0.0,0.0,0.0,0.0,0.0,0.0,0.0,0.0,0.0,0.0,0.0,0.0,0.0,0.0,0.0,0.0,0.0,0.0,0.0,0.020400000736117363,0.0,0.0,0.0,0.0,0.0,0.0,0.0,0.0,0.0,0.0,0.0,0.0,0.0,0.0,0.0,0.0,0.0,0.0,0.0,0.0,0.0,0.0,0.0,0.0,0.0,0.0,0.0,0.0,0.0,0.0,0.0,0.0,0.0,0.0,0.0,0.0,0.0,0.0,0.0,0.0,0.0,0.0,0.0,0.0,0.0,0.0,0.0,0.0,0.0,0.0,0.0,0.0,0.0,0.0,0.0,0.0,0.0,0.0,0.0,0.0,0.0,0.0,0.0,0.0,0.0,0.0,0.0,0.0,0.0,0.0,0.0,0.0,0.0,0.0,0.0,0.0,0.0,0.0,0.0,0.0,0.0,0.0,0.0,0.0,0.0,0.0,0.0,0.0,0.0,0.0,0.0,0.0,0.0,0.0,0.0,0.0,0.0,0.0,0.0,0.0,0.0,0.0,0.0,0.0,0.0,0.0,0.0,0.0,0.0,0.0,0.0,0.0,0.0,0.0,0.0,0.0,0.0,0.0,0.0,0.0,0.0,0.0,0.0,0.0,0.0,0.0,0.0,0.0,0.0,0.0,0.0,0.0,0.0,0.0,0.0,0.0,0.0,0.0,0.0,0.0,0.0,0.0,0.0,0.0,0.0,0.0,0.0,0.0,0.0,0.0,0.0,0.0,0.0,0.019300000742077827,0.0,0.0,0.0,0.0,0.0,0.0,0.0,0.0,0.0,0.0,0.0,0.0,0.0,0.0,0.0,0.0,0.0,0.0,0.0,0.0,0.0,0.0,0.0,0.0,0.0,0.0,0.0,0.0,0.0,0.0,0.0,0.0,0.0,0.0,0.0,0.0,0.0,0.0,0.0,0.0,0.0,0.0,0.0,0.0,0.0,0.0,0.0,0.0,0.0,0.0,0.0,0.0,0.0,0.0,0.0,0.0,0.0,0.0,0.0,0.0,0.020999999716877937,0.0,0.0,0.0,0.0,0.0,0.0,0.0,0.0,0.0,0.0,0.0,0.0,0.0,0.0,0.0,0.0,0.0,0.0,0.0,0.0,0.0,0.0,0.0,0.0,0.0,0.0,0.0,0.0,0.0,0.0,0.0,0.0,0.0,0.0,0.0,0.0,0.0,0.0,0.0,0.0,0.0,0.0,0.0,0.0,0.0,0.0,0.0,0.017999999225139618,0.0,0.0,0.0,0.0,0.018799999728798866,0.0,0.018300000578165054,0.0,0.0,0.0,0.0,0.0,0.0,0.0,0.0,0.0,0.0,0.0,0.0,0.0,0.0,0.0,0.0,0.0,0.0,0.0,0.0,0.0,0.0,0.0,0.0,0.0,0.0,0.0,0.0,0.0,0.0,0.0,0.0,0.0,0.0,0.0,0.0,0.0,0.0,0.0,0.0210999995470047,0.0,0.0,0.0,0.0,0.0,0.0,0.0,0.0,0.0,0.0,0.0,0.020600000396370888,0.0,0.04179999977350235,0.0,0.07590000331401825,0.05860000103712082,0.05730000138282776,0.0,0.0,0.03929999843239784,0.0,0.0,0.060600001364946365,0.01889999955892563,0.0,0.061799999326467514,0.04170000180602074,0.09849999845027924,0.0,0.0,0.0,0.0,0.04170000180602074,0.0,0.03819999843835831,0.11559999734163284,0.020500000566244125,0.0,0.0,0.03759999945759773,0.0,0.08129999786615372,0.0,0.0,0.0,0.0,0.0,0.0,0.0,0.03849999979138374,0.0,0.0,0.0,0.0,0.07410000264644623,0.041600000113248825,0.019500000402331352,0.07800000160932541,0.04019999876618385,0.040699999779462814,0.0,0.0,0.0,0.0,0.0406000018119812,0.0,0.0,0.0,0.0,0.02160000056028366,0.0,0.0,0.07509999722242355,0.0,0.03790000081062317,0.0,0.0,0.0,0.0,0.0,0.0,0.0,0.0,0.0,0.0,0.0,0.018400000408291817,0.0,0.0,0.0,0.0210999995470047,0.0,0.0,0.0,0.0,0.0,0.0,0.0,0.0215000007301569,0.0,0.041200000792741776,0.0,0.016899999231100082,0.04019999876618385,0.04010000079870224,0.0,0.0,0.01940000057220459,0.0,0.0,0.018799999728798866,0.039500001817941666,0.0,0.0,0.0,0.0,0.0,0.0,0.0,0.0,0.0,0.0,0.0,0.039900001138448715,0.0,0.03709999844431877,0.0,0.0,0.0,0.0,0.0,0.0,0.0,0.0,0.0,0.0,0.037700001150369644,0.0,0.0,0.04170000180602074,0.02019999921321869,0.0,0.0,0.0,0.0,0.0,0.0,0.0,0.0,0.019200000911951065,0.0,0.0,0.0,0.0,0.0,0.0,0.0,0.0,0.0,0.0,0.0,0.03880000114440918,0.017999999225139618,0.0,0.0,0.0,0.0,0.0,0.0,0.0,0.0,0.03869999945163727,0.0,0.0,0.0,0.0,0.0,0.0,0.0,0.0,0.0,0.0,0.0,0.0,0.0,0.0,0.0,0.0,0.03579999879002571,0.0,0.0,0.0,0.02070000022649765,0.0,0.0,0.0,0.0,0.021199999377131462,0.0,0.0,0.0,0.0,0.0,0.0,0.0,0.0,0.0,0.0,0.0,0.0,0.038100000470876694,0.0,0.0,0.0,0.038600001484155655,0.0,0.03929999843239784,0.020600000396370888,0.08030000329017639,0.0,0.020400000736117363,0.01860000006854534,0.0,0.01940000057220459,0.0,0.0,0.0,0.0,0.0,0.0,0.0,0.020400000736117363,0.0,0.021299999207258224,0.0,0.0,0.058400001376867294,0.04129999876022339,0.0,0.0,0.0,0.03790000081062317,0.039900001138448715,0.0,0.01940000057220459,0.019700000062584877,0.0,0.0,0.0,0.0,0.0,0.0,0.0,0.0,0.0,0.0,0.05689999833703041,0.03689999878406525,0.0,0.037700001150369644,0.0,0.0,0.0,0.0,0.0,0.01899999938905239,0.03799999877810478,0.0,0.0,0.0,0.0,0.0,0.020099999383091927,0.019300000742077827,0.0,0.0,0.0,0.08139999955892563,0.0,0.0,0.0,0.0,0.0,0.0,0.0,0.0,0.018699999898672104,0.0,0.03880000114440918,0.023099999874830246,0.020099999383091927,0.01979999989271164,0.0,0.0,0.019500000402331352,0.020800000056624413,0.018699999898672104,0.0,0.01979999989271164,0.0,0.0,0.0,0.0,0.0,0.0,0.0,0.01889999955892563,0.0,0.0,0.05810000002384186,0.0,0.0,0.0,0.0,0.0,0.019099999219179153,0.0,0.018200000748038292,0.0,0.0,0.0,0.0,0.0,0.0,0.0,0.0,0.0,0.0,0.0,0.0,0.0,0.03790000081062317,0.0,0.0,0.0,0.0,0.0,0.0,0.0,0.0,0.0,0.0,0.0,0.02070000022649765,0.0,0.0,0.0,0.0,0.0,0.0,0.0,0.0,0.02070000022649765,0.0,0.0,0.0,0.0,0.0,0.0,0.0,0.0,0.0,0.0,0.0,0.0,0.039799999445676804,0.0,0.0,0.055399999022483826,0.0,0.037700001150369644,0.0,0.0,0.0,0.0,0.0,0.0,0.0,0.0,0.0,0.0,0.018400000408291817,0.03819999843835831,0.0,0.0,0.0,0.0,0.0,0.0,0.0,0.0,0.03909999877214432,0.0,0.0,0.0,0.0,0.0,0.0,0.0,0.0,0.0,0.0,0.0,0.0,0.034699998795986176,0.0,0.0,0.0,0.0,0.0,0.0,0.0,0.018699999898672104,0.0,0.0,0.0,0.0,0.0,0.0,0.0,0.0,0.0,0.0,0.0,0.0,0.0,0.0,0.0,0.0,0.01899999938905239,0.0,0.01730000041425228,0.0,0.0,0.03880000114440918,0.018699999898672104,0.0,0.0,0.0,0.0,0.0,0.0,0.0,0.0,0.0,0.0,0.0,0.0,0.0,0.0,0.0,0.0,0.0,0.0,0.0,0.0,0.0,0.0,0.0,0.0,0.0,0.0,0.0,0.0,0.0,0.0,0.019700000062584877,0.0,0.0,0.02019999921321869,0.0,0.0,0.0,0.0,0.0,0.0,0.0,0.0,0.0,0.0,0.0,0.0,0.0,0.0,0.0,0.0,0.0,0.0,0.0,0.0,0.0,0.0,0.0,0.0,0.0,0.0,0.021299999207258224,0.01899999938905239,0.019700000062584877,0.0,0.0,0.0,0.0,0.03790000081062317,0.0,0.0,0.0,0.0,0.0,0.0,0.0,0.0,0.0,0.0,0.0,0.0,0.0,0.01810000091791153,0.0,0.021700000390410423,0.0,0.0,0.0,0.0,0.0,0.0,0.0,0.0,0.0,0.0,0.0,0.0,0.0,0.0,0.0,0.0,0.0,0.0,0.0,0.0,0.0,0.0,0.0,0.0,0.0,0.0,0.0,0.0,0.0,0.0,0.0,0.0,0.0,0.0,0.0,0.0,0.0,0.0,0.0,0.0,0.0,0.0,0.0,0.0,0.01979999989271164,0.0,0.0,0.0,0.0,0.0,0.0,0.0,0.0,0.0,0.0,0.0,0.0,0.0,0.0,0.0,0.0,0.0,0.0,0.0,0.0,0.0,0.0,0.0,0.0,0.0,0.0,0.0,0.0,0.0,0.0,0.0,0.0,0.0,0.0,0.0,0.0,0.0,0.0,0.0,0.0,0.0,0.0,0.0,0.0,0.0,0.0,0.0,0.0,0.0,0.0,0.0,0.0,0.0,0.0,0.0,0.020099999383091927,0.0,0.0,0.0,0.0,0.0,0.0,0.0,0.0,0.0,0.0,0.02070000022649765,0.0,0.0,0.0,0.0,0.0,0.0,0.0,0.0,0.0,0.0,0.0,0.0,0.0,0.0,0.0,0.0,0.0,0.0,0.0,0.0,0.0,0.0,0.0,0.0,0.0,0.0,0.0,0.0,0.0,0.0,0.0,0.0,0.0,0.0,0.0,0.0,0.0,0.0,0.0,0.0,0.0,0.0,0.0,0.0,0.0,0.0,0.021400000900030136,0.0,0.0203000009059906,0.020099999383091927,0.0,0.0,0.0,0.0,0.0,0.0,0.0,0.0,0.0,0.0,0.0,0.0,0.0,0.0,0.0,0.0,0.0,0.0,0.0,0.0,0.0,0.0,0.0,0.0,0.0,0.0,0.0,0.0,0.0,0.0,0.0,0.0,0.0,0.0,0.0,0.0,0.0,0.0,0.0,0.0,0.020800000056624413,0.0,0.0,0.0,0.0,0.0,0.0,0.0,0.0,0.0,0.0,0.0,0.0,0.0,0.0,0.0,0.0,0.0,0.0,0.0,0.0,0.0,0.0,0.0,0.0,0.0,0.0,0.0,0.0,0.0,0.038600001484155655,0.0,0.0,0.0,0.0,0.0,0.0,0.03840000182390213,0.0,0.0,0.01899999938905239,0.0,0.0,0.0,0.0,0.0,0.0,0.0,0.0,0.0,0.0,0.0,0.0,0.0,0.0,0.0,0.0,0.0,0.0,0.0,0.0,0.0,0.0,0.0,0.0,0.0,0.0,0.019600000232458115,0.0,0.01940000057220459,0.0,0.0,0.0,0.022199999541044235,0.0,0.0,0.0,0.0,0.0,0.0,0.0,0.0,0.0,0.0,0.0,0.0,0.0,0.0,0.0,0.0,0.0,0.0,0.0,0.0,0.0,0.0,0.0,0.0,0.0,0.019600000232458115,0.0,0.0,0.0,0.0,0.018799999728798866,0.0,0.0,0.0,0.0,0.0,0.0,0.0,0.0,0.0,0.0,0.0,0.0,0.0,0.0,0.0,0.0,0.0,0.0,0.0,0.0,0.0,0.0,0.0,0.0,0.0,0.0,0.0,0.0,0.0,0.0,0.0,0.0,0.0,0.0,0.0,0.0,0.0,0.0,0.0,0.0,0.0,0.0,0.0,0.0,0.0,0.0,0.0,0.0,0.0,0.0,0.0,0.0,0.0,0.0,0.0,0.0,0.0,0.0,0.0,0.0,0.0,0.0,0.0,0.0,0.0,0.0,0.0,0.0,0.0,0.0,0.0,0.0,0.0,0.0,0.0,0.0,0.0,0.0,0.0,0.0,0.0,0.0,0.0,0.0,0.0,0.0,0.0,0.0,0.0,0.0,0.0,0.0,0.0,0.0,0.0,0.0,0.0,0.0,0.0,0.0,0.0,0.0,0.0,0.0,0.0,0.0,0.0,0.0,0.0,0.0,0.0,0.0,0.0,0.0,0.0,0.0,0.0,0.0,0.0,0.0,0.0,0.0,0.0,0.0,0.02160000056028366,0.0,0.0,0.0,0.0,0.0,0.0,0.0,0.0,0.0,0.0,0.0,0.0,0.0,0.0,0.020500000566244125,0.0,0.0,0.0,0.0,0.021800000220537186,0.0,0.0,0.0,0.0,0.0,0.0,0.0,0.0,0.0,0.0,0.0,0.0,0.0,0.0,0.0,0.0,0.0,0.0,0.0,0.0,0.0,0.01889999955892563,0.0,0.0,0.0,0.0,0.0,0.0,0.0,0.0,0.0,0.0,0.0,0.0,0.0,0.0,0.0,0.0,0.0,0.0,0.0,0.0,0.0,0.0,0.0,0.0,0.0,0.0,0.0,0.0,0.0,0.0,0.0,0.0,0.0,0.0,0.0,0.0,0.0,0.0,0.0,0.0,0.0,0.0,0.0,0.0,0.0,0.0,0.0,0.0,0.0,0.0,0.0,0.0,0.0,0.0,0.0,0.0,0.0,0.0,0.0,0.0,0.0,0.0,0.0,0.0,0.0,0.0,0.0,0.0,0.0,0.0,0.0,0.0,0.0,0.0,0.0,0.0,0.0,0.0,0.0,0.0,0.0,0.0,0.0,0.0,0.0,0.0,0.0,0.0,0.0,0.0,0.0,0.0,0.0,0.0,0.0,0.0,0.0,0.0,0.0,0.0,0.0,0.0,0.0,0.0,0.0,0.0,0.0,0.0,0.019099999219179153,0.0,0.0,0.0,0.0,0.0,0.0,0.0,0.0,0.0,0.0,0.0,0.0,0.0,0.0,0.0,0.0,0.0,0.0,0.0,0.0,0.0,0.0,0.0,0.0,0.0,0.0,0.0,0.0,0.0,0.0,0.0,0.0,0.0,0.0,0.0,0.0,0.0,0.0,0.0,0.0,0.0,0.0,0.0,0.0,0.0,0.0,0.0,0.0,0.0,0.0,0.0,0.0,0.0,0.0,0.01850000023841858,0.0,0.0,0.0,0.0,0.0,0.0,0.0,0.0,0.0,0.0,0.0,0.0,0.0,0.0,0.0,0.0,0.0,0.0,0.0,0.020099999383091927,0.0,0.0,0.0,0.018400000408291817,0.018300000578165054,0.0,0.0,0.0,0.0,0.0,0.0,0.0,0.0,0.0,0.0,0.0,0.0,0.0,0.0,0.0,0.0,0.0,0.0,0.0,0.0,0.0,0.0,0.0,0.0,0.0,0.0,0.0,0.0,0.0,0.0,0.0,0.0,0.0,0.0,0.0,0.0,0.0,0.0,0.0,0.0210999995470047,0.0,0.0,0.0,0.019700000062584877,0.0,0.0,0.0,0.0,0.0,0.0,0.0,0.01810000091791153,0.0,0.0,0.0,0.0,0.0,0.0,0.0,0.0,0.0,0.0,0.0,0.0,0.01810000091791153,0.0,0.0,0.0,0.0,0.0,0.0,0.0,0.0,0.0,0.0,0.0,0.0,0.0,0.0,0.0,0.0,0.0,0.0,0.0,0.0,0.0,0.0,0.0,0.0,0.0,0.0,0.0,0.0,0.0,0.0,0.0,0.0,0.0,0.0,0.01889999955892563,0.0,0.0,0.0,0.0,0.0,0.0,0.0,0.0,0.0,0.0,0.0,0.0,0.0,0.0,0.0,0.0,0.0,0.0,0.0,0.0,0.0,0.0,0.0,0.0,0.0,0.01940000057220459,0.0,0.0,0.0,0.0,0.0,0.0,0.0,0.0,0.0,0.0,0.0,0.0,0.0,0.0,0.0,0.0,0.0,0.0,0.0,0.0,0.0,0.0,0.0,0.0,0.0,0.0,0.0,0.0,0.0,0.0,0.0,0.0,0.0,0.0,0.0,0.0,0.0,0.0,0.0,0.0,0.0,0.0,0.0,0.0,0.0,0.0,0.0,0.0,0.0,0.0,0.0,0.0,0.0,0.0,0.0,0.0,0.0,0.0,0.0,0.0,0.0,0.0,0.0,0.0,0.0,0.0,0.0,0.019999999552965164,0.0,0.0,0.0,0.0,0.0,0.0,0.0,0.0,0.0,0.0,0.0,0.0,0.0,0.0,0.0,0.0,0.0,0.01810000091791153,0.0,0.01860000006854534,0.0,0.0,0.0,0.0,0.0,0.0,0.0,0.0,0.0,0.0,0.0,0.0,0.0,0.0,0.0,0.0,0.0,0.0,0.0,0.0,0.0,0.0,0.0,0.0,0.0,0.0,0.0,0.0,0.0,0.0,0.0,0.0,0.0,0.0,0.0,0.0,0.0,0.0,0.0,0.021299999207258224,0.0,0.0,0.01899999938905239,0.0,0.0,0.0,0.0,0.0,0.0,0.0,0.0,0.0,0.0,0.0,0.0,0.0,0.0,0.0,0.0,0.0,0.0,0.0,0.0,0.0,0.0,0.0,0.0,0.0,0.0,0.0,0.0,0.0,0.0,0.0,0.0,0.0,0.0,0.0,0.0,0.0,0.0,0.0,0.0,0.0,0.0,0.0,0.0,0.0,0.0,0.0,0.0,0.0,0.0,0.0,0.0,0.0,0.0,0.0,0.0,0.0,0.0,0.0,0.0,0.0,0.0,0.04129999876022339,0.0,0.0,0.0,0.0,0.0,0.0,0.0,0.0,0.0,0.0,0.0,0.0,0.0,0.0,0.0,0.0,0.0,0.0,0.0,0.0,0.0,0.0,0.0,0.0,0.0,0.0,0.0,0.0,0.0,0.0,0.0,0.0,0.0,0.0,0.0,0.0,0.0,0.0,0.0,0.0,0.0,0.0,0.0,0.0,0.0,0.0,0.0,0.0,0.0,0.0,0.0,0.0,0.0,0.0,0.0,0.0,0.0,0.0,0.0,0.0,0.0,0.0,0.0,0.0,0.0,0.0,0.0,0.0,0.0,0.0,0.0,0.0,0.0,0.0,0.0,0.0,0.0,0.0,0.0,0.0,0.0,0.0,0.0,0.0,0.0,0.0,0.0,0.0,0.0,0.0,0.0,0.0,0.0,0.0,0.0,0.0,0.0,0.0,0.0,0.0,0.0,0.0,0.0,0.0,0.0,0.0,0.0,0.0,0.0,0.0,0.0,0.0,0.0,0.0,0.0,0.0,0.0,0.0,0.0,0.0,0.0,0.0,0.0,0.0,0.0,0.0,0.0,0.0,0.0,0.0,0.0,0.0,0.0,0.0,0.0,0.0,0.0,0.0,0.0,0.0,0.0,0.0
0.0,0.0,0.0,0.0,0.0,0.0,0.0,0.0,0.0,0.0,0.0,0.0,0.0,0.0,0.0,0.0,0.0,0.0,0.0,0.0,0.0,0.0,0.0,0.0,0.0,0.0,0.0,0.0,0.0,0.0,0.0,0.0,0.0,0.0,0.0,0.0,0.0,0.0,0.0,0.0,0.0,0.0,0.0,0.0,0.0,0.0,0.0,0.0,0.0,0.0,0.0,0.0,0.0,0.0,0.0,0.0,0.0,0.0,0.0,0.0,0.0,0.0,0.0,0.0,0.0,0.0,0.0,0.0,0.0,0.0,0.0,0.0,0.0,0.0,0.0,0.0,0.0,0.0,0.0,0.0,0.0,0.0,0.0,0.0,0.0,0.0,0.0,0.0,0.0,0.0,0.0,0.0,0.0,0.0,0.0,0.0,0.0,0.0,0.0,0.0,0.0,0.0,0.0,0.0,0.0,0.0,0.0,0.0,0.0,0.0,0.0,0.0,0.0,0.0,0.0,0.0,0.0,0.0,0.0,0.0,0.0,0.0,0.0,0.0,0.0,0.0,0.0,0.0,0.0,0.0,0.0,0.0,0.0,0.0,0.0,0.0,0.0,0.0,0.0,0.0,0.0,0.0,0.0,0.0,0.0,0.0,0.0,0.0,0.0,0.0,0.0,0.0,0.0,0.0,0.0,0.0,0.0,0.0,0.0,0.0,0.0,0.0,0.0,0.0,0.0,0.0,0.0,0.0,0.0,0.0,0.0,0.0,0.0,0.0,0.0,0.0,0.0,0.0,0.0,0.0,0.0,0.0,0.0,0.0,0.0,0.0,0.0,0.0,0.0,0.0,0.0,0.0,0.0,0.0,0.0,0.0,0.0,0.0,0.0,0.0,0.0,0.0,0.0,0.0,0.0,0.0,0.0,0.0,0.0,0.0,0.0,0.0,0.0,0.0,0.0,0.0,0.0,0.0,0.0,0.0,0.0,0.0,0.0,0.0,0.0,0.0,0.0,0.0,0.0,0.0,0.0,0.0,0.0,0.0,0.0,0.0,0.0,0.0,0.0,0.0,0.0,0.0,0.0,0.0,0.0,0.0,0.0,0.0,0.0,0.0,0.0,0.0,0.0,0.0,0.0,0.0,0.0,0.0,0.0,0.0,0.0,0.0,0.0,0.0,0.0,0.0,0.0,0.0,0.0,0.0,0.0,0.0,0.0,0.0,0.0,0.0,0.0,0.0,0.0,0.0,0.0,0.0,0.0,0.0,0.0,0.0,0.0,0.0,0.0,0.0,0.0,0.0,0.0,0.0,0.0,0.0,0.0,0.0,0.0,0.0,0.0,0.0,0.0,0.0,0.0,0.0,0.0,0.0,0.0,0.0,0.0,0.0,0.0,0.0,0.0,0.0,0.0,0.0,0.0,0.0,0.0,0.0,0.0,0.0,0.0,0.0,0.0,0.0,0.0,0.0,0.0,0.0,0.0,0.0,0.0,0.0,0.0,0.0,0.0,0.0,0.0,0.0,0.0,0.0,0.0,0.0,0.0,0.0,0.0,0.0,0.0,0.0,0.0,0.0,0.0,0.0,0.0,0.0,0.0,0.0,0.0,0.0,0.0,0.0,0.0,0.0,0.0,0.0,0.0,0.0,0.0,0.0,0.0,0.0,0.0,0.0,0.0,0.019700000062584877,0.0,0.0,0.0,0.0,0.0,0.0,0.0,0.0,0.0,0.0,0.0,0.0,0.0,0.0,0.0,0.0,0.0,0.0,0.0,0.0,0.0,0.0,0.0,0.0,0.0,0.0,0.0,0.0,0.0,0.0,0.0,0.0,0.0,0.0,0.0,0.0,0.0,0.0,0.0,0.0,0.0,0.0,0.0,0.0,0.0,0.0,0.0,0.0,0.0,0.0,0.0,0.0,0.0,0.0,0.0,0.0,0.0,0.0,0.0,0.0,0.0,0.0,0.0,0.0,0.0,0.0,0.0,0.0,0.0,0.0,0.0,0.0,0.0,0.0,0.0,0.0,0.0,0.0,0.0,0.0,0.0,0.0,0.0,0.0,0.0,0.0,0.0,0.0,0.0,0.0,0.0,0.0,0.0,0.0,0.0,0.0,0.0,0.0,0.0,0.0,0.0,0.0,0.0,0.0,0.0,0.0,0.0,0.0,0.0,0.0,0.0,0.0,0.0,0.0,0.0,0.0,0.0,0.0,0.0,0.0,0.0,0.0,0.0,0.0,0.0,0.0,0.0,0.0,0.0,0.0,0.0,0.0,0.0,0.0,0.0,0.0,0.0,0.0,0.0,0.0,0.0,0.0,0.0,0.0,0.0,0.0,0.0,0.0,0.0,0.0,0.0,0.0,0.0,0.0,0.0,0.0,0.0,0.0,0.0,0.0,0.0,0.0,0.0,0.0,0.0,0.0,0.0,0.0,0.0,0.0,0.0,0.0,0.0,0.0,0.0,0.0,0.0,0.0,0.0,0.0,0.0,0.0,0.0,0.0,0.0,0.0,0.0,0.0,0.0,0.0,0.0,0.0,0.0,0.0,0.0,0.0,0.0,0.0,0.0,0.0,0.0,0.0,0.0,0.0,0.0,0.0,0.0,0.0,0.0,0.0,0.0,0.0,0.0,0.0,0.0,0.0,0.0,0.0,0.0,0.0,0.0,0.0,0.0,0.0,0.0,0.0,0.0,0.0,0.0,0.0,0.0,0.0,0.0,0.0,0.0,0.0,0.0,0.0,0.0,0.0,0.0,0.0,0.0,0.0,0.0,0.0,0.0,0.0,0.0,0.0,0.0,0.0,0.0,0.0,0.0,0.0,0.0,0.0,0.0,0.0,0.0,0.0,0.0,0.0,0.0,0.0,0.0,0.0,0.0,0.0,0.0,0.0,0.0,0.0,0.0,0.0,0.0,0.0,0.0,0.0,0.0,0.0,0.0,0.0,0.0,0.0,0.0,0.0,0.0,0.0,0.0,0.0,0.0,0.0,0.0,0.0,0.0,0.0,0.0,0.0,0.0,0.0,0.0,0.0,0.0,0.0,0.0,0.0,0.0,0.0,0.0,0.0,0.0,0.0,0.0,0.0,0.0,0.0,0.0,0.0,0.0,0.0,0.0,0.0,0.0,0.0,0.0,0.0,0.0,0.0,0.0,0.0,0.0,0.0,0.0,0.0,0.0,0.0,0.0,0.0,0.0,0.0,0.0,0.0,0.0,0.0,0.0,0.0,0.0,0.0,0.0,0.0,0.0,0.0,0.0,0.0,0.0,0.0,0.0,0.0,0.0,0.0,0.0,0.0,0.0,0.0,0.0,0.0,0.0,0.0,0.0,0.0,0.0,0.0,0.0,0.0,0.0,0.0,0.0,0.0,0.0,0.0,0.0,0.0,0.0,0.0,0.0,0.0,0.0,0.0,0.0,0.0,0.0,0.0,0.0,0.0,0.0,0.0,0.0,0.0,0.0,0.0,0.0,0.0,0.0,0.0,0.0,0.0,0.0,0.0,0.0,0.0,0.0,0.0,0.0,0.0,0.0,0.0,0.0,0.0,0.0,0.0,0.0,0.0,0.0,0.0,0.0,0.0,0.0,0.0,0.0,0.0,0.0,0.0,0.0,0.0,0.0,0.0,0.0,0.0,0.0,0.0,0.0,0.0,0.0,0.0,0.0,0.0,0.0,0.0,0.0,0.0,0.0,0.0,0.0,0.0,0.0,0.0,0.0,0.0,0.0,0.0,0.0,0.0,0.0,0.0,0.0,0.0,0.0,0.0,0.0,0.0,0.0,0.0,0.0,0.0,0.0,0.0,0.0,0.0,0.0,0.0,0.0,0.0,0.0,0.0,0.0,0.0,0.0,0.0,0.0,0.0,0.0,0.0,0.0,0.0,0.0,0.0,0.0,0.0,0.0,0.0,0.0,0.0,0.0,0.0,0.0,0.0,0.0,0.0,0.0,0.0,0.0,0.0,0.0,0.0,0.0,0.0,0.0,0.0,0.0,0.0,0.0,0.0,0.0,0.0,0.0,0.0,0.0,0.0,0.0,0.0,0.0,0.0,0.0,0.0,0.0,0.0,0.0,0.0,0.0,0.0,0.0,0.0,0.0,0.0,0.0,0.0,0.0,0.0,0.0,0.0,0.0,0.0,0.0,0.0,0.0,0.0,0.0,0.0,0.0,0.0,0.0,0.0,0.0,0.0,0.0,0.0,0.0,0.0,0.0,0.0,0.0,0.0,0.0,0.0,0.0,0.0,0.0,0.0,0.0,0.0,0.0,0.0,0.0,0.0,0.0,0.0,0.0,0.0,0.0,0.0,0.0,0.0,0.0,0.0,0.0,0.0,0.0,0.0,0.0,0.0,0.0,0.0,0.0,0.0,0.0,0.0,0.0,0.0,0.0,0.0,0.0,0.0,0.0,0.0,0.0,0.0,0.0,0.0,0.0,0.0,0.0,0.0,0.0,0.0,0.0,0.0,0.0,0.0,0.0,0.0,0.0,0.0,0.0,0.0,0.0,0.0,0.0,0.0,0.0,0.0,0.0,0.0,0.0,0.0,0.0,0.0,0.0,0.0,0.0,0.0,0.0,0.0,0.0,0.0,0.0,0.0,0.0,0.0,0.0,0.0,0.0,0.0,0.0,0.0,0.0,0.0,0.0,0.0,0.0,0.0,0.0,0.0,0.0,0.0,0.0,0.0,0.0,0.0,0.0,0.0,0.0,0.0,0.0,0.0,0.0,0.0,0.0,0.0,0.0,0.0,0.0,0.0,0.0,0.0,0.0,0.0,0.0,0.0,0.0,0.0,0.0,0.0,0.0,0.0,0.0,0.0,0.0,0.0,0.0,0.0,0.0,0.0,0.0,0.0,0.0,0.0,0.0,0.0,0.0,0.0,0.0,0.0,0.0,0.0,0.0,0.0,0.0,0.0,0.0,0.0,0.0,0.0,0.0,0.0,0.0,0.0,0.0,0.0,0.0,0.0,0.0,0.0,0.0,0.0,0.0,0.0,0.0,0.0,0.0,0.0,0.0,0.0,0.0,0.0,0.0,0.0,0.0,0.0,0.0,0.0,0.0,0.0,0.0,0.0,0.0,0.0,0.0,0.0,0.0,0.0,0.0,0.0,0.0,0.0,0.0,0.0,0.0,0.0,0.0,0.0,0.0,0.0,0.0,0.0,0.0,0.0,0.0,0.0,0.0,0.0,0.0,0.0,0.0,0.0,0.0,0.0,0.0,0.0,0.0,0.0,0.0,0.0,0.0,0.0,0.0,0.0,0.0,0.0,0.0,0.0,0.0,0.0,0.0,0.0,0.0,0.0,0.0,0.0,0.0,0.0,0.0,0.0,0.0,0.0,0.0,0.0,0.0,0.0,0.0,0.0,0.0,0.0,0.0,0.0,0.0,0.0,0.0,0.0,0.0,0.0,0.0,0.0,0.0,0.0,0.0,0.0,0.0,0.0,0.0,0.0,0.0,0.0,0.0,0.0,0.0,0.0,0.0,0.0,0.0,0.0,0.0,0.0,0.0,0.0,0.0,0.0,0.0,0.0,0.0,0.0,0.0,0.0,0.0,0.0,0.0,0.0,0.0,0.0,0.0,0.0,0.0,0.0,0.0,0.0,0.0,0.0,0.0,0.0,0.0,0.0,0.0,0.0,0.0,0.0,0.0,0.0,0.0,0.0,0.0,0.0,0.0,0.0,0.0,0.0,0.0,0.0,0.0,0.0,0.0,0.0,0.0,0.0,0.0,0.0,0.0,0.0,0.0,0.0,0.0,0.0,0.0,0.0,0.0,0.0,0.0,0.0,0.0,0.0,0.0,0.0,0.0,0.0,0.0,0.0,0.0,0.0,0.0,0.0,0.0,0.0,0.0,0.0,0.0,0.0,0.0,0.0,0.0,0.0,0.0,0.0,0.0,0.0,0.0,0.0,0.0,0.0,0.0,0.0,0.0,0.0,0.0,0.0,0.0,0.0,0.0,0.0,0.0,0.0,0.0,0.0,0.0,0.0,0.0,0.0,0.0,0.0,0.0,0.0,0.0,0.0,0.0,0.0,0.0,0.0,0.0,0.0,0.0,0.0,0.0,0.0,0.0,0.0,0.0,0.0,0.0,0.0,0.0,0.0,0.0,0.0,0.0,0.0,0.0,0.0,0.0,0.0,0.0,0.0,0.0,0.0,0.0,0.0,0.0,0.0,0.0,0.0,0.0,0.0,0.0,0.0,0.0,0.0,0.0,0.0,0.0,0.0,0.0,0.0,0.0,0.0,0.0,0.0,0.0,0.0,0.0,0.0,0.0,0.0,0.0,0.0,0.0,0.0,0.0,0.0,0.0,0.0,0.0,0.0,0.0,0.0,0.0,0.0,0.0,0.0,0.0,0.0,0.0,0.0,0.0,0.0,0.0,0.0,0.0,0.0,0.0,0.0,0.0,0.0,0.0,0.0,0.0,0.0,0.0,0.0,0.0,0.0,0.0,0.0,0.0,0.0,0.0,0.0,0.0,0.0,0.0,0.0,0.0,0.0,0.0,0.0,0.0,0.0,0.0,0.0,0.0,0.0,0.0,0.0,0.0,0.0,0.0,0.0,0.0,0.0,0.0,0.0,0.0,0.0,0.0,0.0,0.0,0.0,0.0,0.0,0.0,0.0,0.0,0.0,0.0,0.0,0.0,0.0,0.0,0.0,0.0,0.0,0.0,0.0,0.0,0.0,0.0,0.0,0.0,0.0,0.0,0.0,0.0,0.0,0.0,0.0,0.0,0.0,0.0,0.0,0.0,0.0,0.0,0.0,0.0,0.0,0.0,0.0,0.0,0.0,0.0,0.0,0.0,0.0,0.0,0.0,0.0,0.0,0.0,0.0,0.0,0.0,0.0,0.0,0.0,0.0,0.0,0.0,0.0,0.0,0.0,0.0,0.0,0.0,0.0,0.0,0.0,0.0,0.0,0.0,0.0,0.0,0.0,0.0,0.0,0.0,0.0,0.0,0.0,0.0,0.0,0.0,0.0,0.0,0.0,0.0,0.0,0.0,0.0,0.0,0.0,0.0,0.0,0.0,0.0,0.0,0.0,0.0,0.0,0.0,0.0,0.0,0.0,0.0,0.0,0.0,0.0,0.0,0.0,0.0,0.0,0.0,0.0,0.0,0.0,0.0,0.0,0.0,0.0,0.0,0.0,0.0,0.0,0.0,0.0,0.0,0.0,0.0,0.0,0.0,0.0,0.0,0.0,0.0,0.0,0.0,0.0,0.0,0.0,0.0,0.0,0.0,0.0,0.0,0.0,0.0,0.0,0.0,0.0,0.0,0.0,0.0,0.0,0.0,0.0,0.0,0.0,0.0,0.0,0.0,0.0,0.0,0.0,0.0,0.0,0.0,0.0,0.0,0.0,0.0,0.0,0.0,0.0,0.0,0.0,0.0,0.0,0.0,0.0,0.0,0.0,0.0,0.0,0.0,0.0,0.0,0.0,0.0,0.0,0.0,0.0,0.0,0.0,0.0,0.0,0.0,0.0,0.0,0.0,0.0,0.0,0.0,0.0,0.0,0.0,0.0,0.0,0.0,0.0,0.0,0.0,0.0,0.0,0.0,0.0,0.0,0.0,0.0,0.0,0.0,0.0,0.0,0.0,0.0,0.0,0.0,0.0,0.0,0.0,0.0,0.0,0.0,0.0,0.0,0.0,0.0,0.0,0.0,0.0,0.0,0.0,0.0,0.0,0.0,0.0,0.0,0.0,0.0,0.0,0.0,0.0,0.0,0.0,0.0,0.0,0.0,0.0,0.0,0.0,0.0,0.0,0.0,0.0,0.0,0.0,0.0,0.0,0.0,0.0,0.0,0.0,0.0,0.0,0.0,0.0,0.0,0.0,0.0,0.0,0.0,0.0,0.0,0.0,0.0,0.0,0.0,0.0,0.0,0.0,0.0,0.0,0.0,0.0,0.0,0.0,0.0,0.0,0.0,0.0,0.0,0.0,0.0,0.0,0.0,0.0,0.0,0.0,0.0,0.0,0.0,0.0,0.0,0.0,0.0,0.0,0.0,0.0,0.0,0.0,0.0,0.0,0.0,0.0,0.0,0.0,0.0,0.0,0.0,0.0,0.0,0.0,0.0,0.0,0.0,0.0,0.0,0.0,0.0,0.0,0.0,0.0,0.0,0.0,0.0,0.0,0.0,0.0,0.0,0.0,0.0,0.0,0.0,0.0,0.0,0.0,0.0,0.0,0.0,0.0,0.0,0.0,0.0,0.0,0.0,0.0,0.0,0.0,0.0,0.0,0.0,0.0,0.0,0.0,0.0,0.0,0.0,0.0,0.0,0.0,0.0,0.0,0.0,0.0,0.0,0.0,0.0,0.0,0.0,0.0,0.0,0.0,0.0,0.0,0.0,0.0,0.0,0.0,0.0,0.0,0.0,0.0,0.0,0.0,0.0,0.0,0.0,0.0,0.0,0.0,0.0,0.0,0.0,0.0,0.0,0.0,0.0,0.0,0.0,0.0,0.0,0.0,0.0,0.0,0.0,0.0,0.0,0.0,0.0,0.0,0.0,0.0,0.0,0.0,0.0,0.0,0.0,0.0,0.0,0.0,0.0,0.0,0.0,0.0,0.0,0.0,0.0,0.0,0.0,0.0,0.0,0.0,0.0,0.0,0.0,0.0,0.0,0.0,0.0,0.0,0.0,0.0,0.0,0.0,0.0,0.0,0.0,0.0,0.0,0.0,0.0,0.0,0.0,0.0,0.0,0.0,0.0,0.0,0.0,0.0,0.0,0.0,0.0,0.0,0.0,0.0,0.0,0.0,0.0,0.0,0.0,0.0,0.0,0.0,0.0,0.0,0.0,0.0,0.0,0.0,0.0,0.0,0.0,0.0,0.0,0.0,0.0
0.391400009393692,0.560699999332428,0.5703999996185303,0.6682999730110168,0.6934000253677368,0.7351999878883362,0.7286999821662903,0.7329999804496765,0.7461000084877014,0.7554000020027161,0.6980999708175659,0.6988999843597412,0.6959999799728394,0.6841999888420105,0.6980000138282776,0.6722999811172485,0.660099983215332,0.6633999943733215,0.6384000182151794,0.6309999823570251,0.6184999942779541,0.6233000159263611,0.6018999814987183,0.5993000268936157,0.5965999960899353,0.5957000255584717,0.5928000211715698,0.5835999846458435,0.5498999953269958,0.5386000275611877,0.5504999756813049,0.5566999912261963,0.5257999897003174,0.553600013256073,0.51910001039505,0.5144000053405762,0.4927000105381012,0.48919999599456787,0.5094000101089478,0.5285000205039978,0.5037999749183655,0.4975000023841858,0.5013999938964844,0.49959999322891235,0.49570000171661377,0.5023999810218811,0.5001000165939331,0.4984999895095825,0.5016000270843506,0.4984999895095825,0.5044999718666077,0.4984999895095825,0.48989999294281006,0.5005000233650208,0.5180000066757202,0.5185999870300293,0.4977000057697296,0.5108000040054321,0.5045999884605408,0.5073999762535095,0.5309000015258789,0.5008999705314636,0.4970000088214874,0.5034999847412109,0.5271999835968018,0.5098000168800354,0.5163000226020813,0.5389999747276306,0.4997999966144562,0.5159000158309937,0.5598999857902527,0.554099977016449,0.5386000275611877,0.5400000214576721,0.5454000234603882,0.5404999852180481,0.5210999846458435,0.5115000009536743,0.5120000243186951,0.5214999914169312,0.5511999726295471,0.5677000284194946,0.5335999727249146,0.5656999945640564,0.5855000019073486,0.5550000071525574,0.5723000168800354,0.608299970626831,0.5509999990463257,0.5997999906539917,0.5370000004768372,0.5695000290870667,0.5503000020980835,0.5978999733924866,0.6060000061988831,0.5860000252723694,0.5964999794960022,0.583899974822998,0.6086999773979187,0.5612999796867371,0.5910999774932861,0.6281999945640564,0.6072999835014343,0.6083999872207642,0.6025000214576721,0.5853999853134155,0.6100999712944031,0.6068999767303467,0.597000002861023,0.6211000084877014,0.6467000246047974,0.6155999898910522,0.6158000230789185,0.633400022983551,0.6420999765396118,0.6309999823570251,0.6272000074386597,0.6367999911308289,0.6317999958992004,0.6396999955177307,0.6261000037193298,0.6334999799728394,0.6377000212669373,0.6518999934196472,0.6420999765396118,0.6097999811172485,0.649399995803833,0.6273000240325928,0.6344000101089478,0.638700008392334,0.6269999742507935,0.654699981212616,0.6455000042915344,0.660099983215332,0.661899983882904,0.6452999711036682,0.6409000158309937,0.6715999841690063,0.6414999961853027,0.6585999727249146,0.6624000072479248,0.6417999863624573,0.6725999712944031,0.6747000217437744,0.6733999848365784,0.6474000215530396,0.6539999842643738,0.6581000089645386,0.6626999974250793,0.671999990940094,0.6876999735832214,0.6804999709129333,0.6852999925613403,0.6865000128746033,0.6848999857902527,0.6600000262260437,0.6686000227928162,0.684499979019165,0.6593999862670898,0.671500027179718,0.6657999753952026,0.6898000240325928,0.6722999811172485,0.6988999843597412,0.7055000066757202,0.7084000110626221,0.6996999979019165,0.7053999900817871,0.7075999975204468,0.6980999708175659,0.7023000121116638,0.6983000040054321,0.6966000199317932,0.694100022315979,0.7106999754905701,0.7038000226020813,0.6879000067710876,0.6898999810218811,0.7010999917984009,0.697700023651123,0.70660001039505,0.6960999965667725,0.6840999722480774,0.6942999958992004,0.6953999996185303,0.6995000243186951,0.6973999738693237,0.6976000070571899,0.7024000287055969,0.699999988079071,0.7019000053405762,0.7103999853134155,0.6933000087738037,0.7035999894142151,0.6965000033378601,0.6990000009536743,0.7059000134468079,0.7128999829292297,0.7099000215530396,0.7149999737739563,0.7148000001907349,0.7114999890327454,0.7150999903678894,0.7092999815940857,0.7166000008583069,0.7125999927520752,0.7179999947547913,0.7087000012397766,0.7103000283241272,0.7128000259399414,0.7128000259399414,0.704200029373169,0.7106999754905701,0.7032999992370605,0.715499997138977,0.7093999981880188,0.717199981212616,0.714900016784668,0.7096999883651733,0.7081999778747559,0.7120000123977661,0.7135000228881836,0.708899974822998,0.7088000178337097,0.7016000151634216,0.705299973487854,0.7153000235557556,0.7031999826431274,0.722599983215332,0.7141000032424927,0.7253000140190125,0.722000002861023,0.722599983215332,0.7192000150680542,0.7164999842643738,0.7251999974250793,0.7124000191688538,0.7240999937057495,0.7249000072479248,0.7161999940872192,0.7189000248908997,0.7117000222206116,0.7166000008583069,0.7245000004768372,0.7210000157356262,0.7215999960899353,0.7160999774932861,0.7159000039100647,0.718500018119812,0.7006999850273132,0.7257999777793884,0.7149999737739563,0.7206000089645386,0.7253000140190125,0.7235999703407288,0.7351999878883362,0.7181000113487244,0.7249000072479248,0.7166000008583069,0.7106999754905701,0.7200999855995178,0.7178000211715698,0.7235000133514404,0.7175999879837036,0.7184000015258789,0.7340999841690063,0.7200000286102295,0.718999981880188,0.7195000052452087,0.7264000177383423,0.732200026512146,0.732200026512146,0.7253000140190125,0.7281000018119812,0.7386000156402588,0.7281000018119812,0.7394999861717224,0.7444999814033508,0.7297999858856201,0.7383000254631042,0.7418000102043152,0.7476999759674072,0.734000027179718,0.7595999836921692,0.7368000149726868,0.7511000037193298,0.7513999938964844,0.7426999807357788,0.7577000260353088,0.7562999725341797,0.7721999883651733,0.7497000098228455,0.7498999834060669,0.7583000063896179,0.7663999795913696,0.7598000168800354,0.7534000277519226,0.7590000033378601,0.7603999972343445,0.765500009059906,0.75,0.7674999833106995,0.7656999826431274,0.7753000259399414,0.7786999940872192,0.7800999879837036,0.7836999893188477,0.7732999920845032,0.7778000235557556,0.7871000170707703,0.7864000201225281,0.7849000096321106,0.7897999882698059,0.7764999866485596,0.7827000021934509,0.7907999753952026,0.779699981212616,0.7807000279426575,0.7842000126838684,0.7907000184059143,0.7792999744415283,0.7888000011444092,0.7749999761581421,0.7846999764442444,0.789900004863739,0.7803000211715698,0.786300003528595,0.7851999998092651,0.7662000060081482,0.7932000160217285,0.7939000129699707,0.7983999848365784,0.7937999963760376,0.7960000038146973,0.7851999998092651,0.7839000225067139,0.7904000282287598,0.7839999794960022,0.7943999767303467,0.7904000282287598,0.7935000061988831,0.7940999865531921,0.7935000061988831,0.791100025177002,0.7882999777793884,0.7820000052452087,0.7857000231742859,0.7908999919891357,0.7911999821662903,0.7914999723434448,0.7904999852180481,0.7950999736785889,0.802299976348877,0.7997999787330627,0.7997999787330627,0.7954999804496765,0.796999990940094,0.8068000078201294,0.8011000156402588,0.8026999831199646,0.7982000112533569,0.8065000176429749,0.7954000234603882,0.8001999855041504,0.8019999861717224,0.8058000206947327,0.7979999780654907,0.8077999949455261,0.7975999712944031,0.8047000169754028,0.8094000220298767,0.7986000180244446,0.8033999800682068,0.8039000034332275,0.8133000135421753,0.8140000104904175,0.8192999958992004,0.8147000074386597,0.8123999834060669,0.8101000189781189,0.8062999844551086,0.8069999814033508,0.8133999705314636,0.8057000041007996,0.7919999957084656,0.8165000081062317,0.810699999332428,0.8126000165939331,0.8123999834060669,0.8119000196456909,0.808899998664856,0.8111000061035156,0.8037999868392944,0.8105000257492065,0.8064000010490417,0.8130999803543091,0.8027999997138977,0.8147000074386597,0.8066999912261963,0.8119000196456909,0.8068000078201294,0.8065000176429749,0.810699999332428,0.8058000206947327,0.8127999901771545,0.8102999925613403,0.8101999759674072,0.8151000142097473,0.8090999722480774,0.8137000203132629,0.8115000128746033,0.8102999925613403,0.8095999956130981,0.8144999742507935,0.8148999810218811,0.8127999901771545,0.814300000667572,0.8116000294685364,0.8091999888420105,0.8095999956130981,0.8138999938964844,0.8098000288009644,0.8062999844551086,0.8108999729156494,0.8050000071525574,0.8116999864578247,0.8093000054359436,0.8127999901771545,0.8148999810218811,0.8130999803543091,0.8158000111579895,0.8080000281333923,0.8137999773025513,0.8116999864578247,0.8101000189781189,0.8144000172615051,0.8051999807357788,0.8134999871253967,0.8141999840736389,0.805899977684021,0.8141000270843506,0.8133999705314636,0.8073999881744385,0.8130000233650208,0.8090999722480774,0.8097000122070312,0.8152999877929688,0.8180999755859375,0.8237000107765198,0.8190000057220459,0.8179000020027161,0.8180000185966492,0.8185999989509583,0.8213000297546387,0.8227999806404114,0.8201000094413757,0.8198000192642212,0.821399986743927,0.8209999799728394,0.8220999836921692,0.816100001335144,0.8191999793052673,0.8187000155448914,0.8208000063896179,0.819100022315979,0.8216000199317932,0.8248999714851379,0.8201000094413757,0.8119999766349792,0.8256999850273132,0.822700023651123,0.8259000182151794,0.8179000020027161,0.820900022983551,0.8238000273704529,0.8224999904632568,0.8227999806404114,0.8162000179290771,0.8203999996185303,0.8176000118255615,0.8202999830245972,0.8289999961853027,0.8224999904632568,0.8203999996185303,0.8281999826431274,0.8281000256538391,0.8263999819755554,0.8252999782562256,0.8235999941825867,0.8166000247001648,0.8260999917984009,0.823199987411499,0.8223000168800354,0.8263000249862671,0.8294000029563904,0.8285999894142151,0.8205999732017517,0.8319000005722046,0.833299994468689,0.826200008392334,0.8273000121116638,0.8288999795913696,0.8210999965667725,0.824400007724762,0.8203999996185303,0.8292999863624573,0.8410000205039978,0.8295000195503235,0.8348000049591064,0.829800009727478,0.8277999758720398,0.829800009727478,0.824999988079071,0.8209999799728394,0.8274000287055969,0.8263000249862671,0.8256000280380249,0.8288999795913696,0.8296999931335449,0.8238000273704529,0.8158000111579895,0.8292999863624573,0.8245000243186951,0.8317000269889832,0.8223000168800354,0.8241000175476074,0.8277999758720398,0.8234000205993652,0.830299973487854,0.8307999968528748,0.8253999948501587,0.8288999795913696,0.8216000199317932,0.8324999809265137,0.8263000249862671,0.8288000226020813,0.8331000208854675,0.8263999819755554,0.8222000002861023,0.8300999999046326,0.8317000269889832,0.8252999782562256,0.8345000147819519,0.8287000060081482,0.8227999806404114,0.835099995136261,0.8276000022888184,0.8339999914169312,0.8310999870300293,0.8260999917984009,0.8228999972343445,0.8325999975204468,0.8209999799728394,0.8278999924659729,0.8246999979019165,0.8281000256538391,0.828499972820282,0.8201000094413757,0.8274000287055969,0.8241000175476074,0.8323000073432922,0.8278999924659729,0.8289999961853027,0.8281999826431274,0.8246999979019165,0.8312000036239624,0.8242999911308289,0.830299973487854,0.8278999924659729,0.8306999802589417,0.8266000151634216,0.8241999745368958,0.830299973487854,0.8197000026702881,0.8313999772071838,0.8281000256538391,0.8278999924659729,0.8288999795913696,0.8264999985694885,0.8240000009536743,0.8248999714851379,0.824400007724762,0.821399986743927,0.829200029373169,0.822700023651123,0.8284000158309937,0.828000009059906,0.8309000134468079,0.8313999772071838,0.819599986076355,0.8328999876976013,0.8285999894142151,0.8282999992370605,0.8324000239372253,0.8263999819755554,0.8314999938011169,0.823199987411499,0.8209999799728394,0.8345999717712402,0.8270999789237976,0.8276000022888184,0.8245000243186951,0.8209999799728394,0.8216000199317932,0.826200008392334,0.8240000009536743,0.8259000182151794,0.8252000212669373,0.828499972820282,0.8296999931335449,0.8357999920845032,0.8266000151634216,0.8252000212669373,0.8296999931335449,0.8295999765396118,0.8295999765396118,0.8263999819755554,0.822700023651123,0.8325999975204468,0.8302000164985657,0.833299994468689,0.8212000131607056,0.8295999765396118,0.8248999714851379,0.833899974822998,0.8256999850273132,0.8245999813079834,0.8245000243186951,0.8235999941825867,0.823199987411499,0.8226000070571899,0.8282999992370605,0.8278999924659729,0.8264999985694885,0.8246999979019165,0.8302000164985657,0.8266000151634216,0.8260999917984009,0.8337000012397766,0.8324999809265137,0.8288000226020813,0.8222000002861023,0.8238000273704529,0.8274999856948853,0.8310999870300293,0.8270000219345093,0.824400007724762,0.8313999772071838,0.832099974155426,0.8274000287055969,0.8205000162124634,0.8291000127792358,0.821399986743927,0.822700023651123,0.8245000243186951,0.8269000053405762,0.8281999826431274,0.8325999975204468,0.8345999717712402,0.8317000269889832,0.8370000123977661,0.8349999785423279,0.8378999829292297,0.8352000117301941,0.8324000239372253,0.8378999829292297,0.8317000269889832,0.8349000215530396,0.8357999920845032,0.8355000019073486,0.8339999914169312,0.8356000185012817,0.8393999934196472,0.8381999731063843,0.8331999778747559,0.8331999778747559,0.8349000215530396,0.8393999934196472,0.8440999984741211,0.8367999792098999,0.8360000252723694,0.8410999774932861,0.8337000012397766,0.8385999798774719,0.8356000185012817,0.8360000252723694,0.8288000226020813,0.8324999809265137,0.8378999829292297,0.8349999785423279,0.8379999995231628,0.835099995136261,0.833299994468689,0.8338000178337097,0.8366000056266785,0.8367999792098999,0.8349999785423279,0.8335000276565552,0.8402000069618225,0.8317000269889832,0.8375999927520752,0.8370000123977661,0.8393999934196472,0.8345999717712402,0.8367999792098999,0.8447999954223633,0.8406000137329102,0.8356999754905701,0.8325999975204468,0.8317999839782715,0.8305000066757202,0.833899974822998,0.8345000147819519,0.8349999785423279,0.8416000008583069,0.8409000039100647,0.8392000198364258,0.8399999737739563,0.8312000036239624,0.8337000012397766,0.8370000123977661,0.8341000080108643,0.8409000039100647,0.832099974155426,0.8334000110626221,0.8414000272750854,0.8337000012397766,0.8413000106811523,0.8364999890327454,0.8392000198364258,0.8292999863624573,0.8342999815940857,0.8314999938011169,0.8384000062942505,0.8371999859809875,0.84170001745224,0.8303999900817871,0.8398000001907349,0.8337000012397766,0.8373000025749207,0.8414000272750854,0.8359000086784363,0.8349999785423279,0.8411999940872192,0.8432999849319458,0.8375999927520752,0.8341000080108643,0.8379999995231628,0.8299999833106995,0.8378000259399414,0.8399999737739563,0.8356000185012817,0.830299973487854,0.8273000121116638,0.838100016117096,0.8352000117301941,0.8323000073432922,0.8352000117301941,0.8400999903678894,0.8399999737739563,0.8410000205039978,0.8349000215530396,0.8319000005722046,0.839900016784668,0.8413000106811523,0.8396999835968018,0.8321999907493591,0.8395000100135803,0.8343999981880188,0.8342999815940857,0.8370000123977661,0.8391000032424927,0.8310999870300293,0.8360999822616577,0.8364999890327454,0.8324999809265137,0.8375999927520752,0.8360999822616577,0.8363000154495239,0.8349000215530396,0.8367000222206116,0.8343999981880188,0.8352000117301941,0.833299994468689,0.8355000019073486,0.8285999894142151,0.8345000147819519,0.8379999995231628,0.8407999873161316,0.8363999724388123,0.8324000239372253,0.8348000049591064,0.8388000130653381,0.8379999995231628,0.8349999785423279,0.8410000205039978,0.8364999890327454,0.8454999923706055,0.8314999938011169,0.8309000134468079,0.836899995803833,0.840399980545044,0.8389000296592712,0.8317999839782715,0.8342999815940857,0.8338000178337097,0.8330000042915344,0.8328999876976013,0.8330000042915344,0.8396999835968018,0.8395000100135803,0.8389000296592712,0.8349999785423279,0.8363000154495239,0.8306000232696533,0.8348000049591064,0.8342999815940857,0.8385000228881836,0.8309999704360962,0.8331000208854675,0.8339999914169312,0.8287000060081482,0.8370000123977661,0.8223000168800354,0.8317000269889832,0.8431000113487244,0.83160001039505,0.8299999833106995,0.8343999981880188,0.8359000086784363,0.8373000025749207,0.8353999853134155,0.8307999968528748,0.8319000005722046,0.8349000215530396,0.8330000042915344,0.836899995803833,0.8339999914169312,0.8348000049591064,0.8348000049591064,0.8339999914169312,0.8413000106811523,0.8260999917984009,0.8374999761581421,0.8342999815940857,0.8402000069618225,0.8360999822616577,0.8312000036239624,0.8367000222206116,0.8399999737739563,0.8327999711036682,0.842199981212616,0.8373000025749207,0.8391000032424927,0.8374000191688538,0.8341000080108643,0.8453999757766724,0.8327000141143799,0.838100016117096,0.838699996471405,0.8392000198364258,0.8319000005722046,0.8381999731063843,0.8291000127792358,0.8389000296592712,0.8324999809265137,0.8321999907493591,0.8342999815940857,0.8379999995231628,0.8379999995231628,0.8270000219345093,0.8378999829292297,0.8317999839782715,0.8342000246047974,0.833299994468689,0.8348000049591064,0.8363999724388123,0.8385000228881836,0.8370000123977661,0.8367999792098999,0.8335000276565552,0.8342999815940857,0.8331000208854675,0.8355000019073486,0.8370000123977661,0.8352000117301941,0.8373000025749207,0.835099995136261,0.8352000117301941,0.836899995803833,0.8352000117301941,0.8342000246047974,0.8360999822616577,0.8320000171661377,0.8359000086784363,0.8341000080108643,0.8277999758720398,0.8414999842643738,0.833899974822998,0.8349999785423279,0.8342999815940857,0.8345000147819519,0.8330000042915344,0.8398000001907349,0.8396000266075134,0.8378999829292297,0.8381999731063843,0.8334000110626221,0.8323000073432922,0.8269000053405762,0.838100016117096,0.8367000222206116,0.8360000252723694,0.8392000198364258,0.8403000235557556,0.8359000086784363,0.8385000228881836,0.8366000056266785,0.8296999931335449,0.8306000232696533,0.8345000147819519,0.8349000215530396,0.8364999890327454,0.8353000283241272,0.8356000185012817,0.8330000042915344,0.8382999897003174,0.8392999768257141,0.8314999938011169,0.8321999907493591,0.8449000120162964,0.8355000019073486,0.8371000289916992,0.8371000289916992,0.8319000005722046,0.8357999920845032,0.8402000069618225,0.8328999876976013,0.8409000039100647,0.8355000019073486,0.8349000215530396,0.8366000056266785,0.8382999897003174,0.8410000205039978,0.8338000178337097,0.8384000062942505,0.8349000215530396,0.8373000025749207,0.838699996471405,0.8289999961853027,0.8371000289916992,0.8319000005722046,0.8302000164985657,0.835099995136261,0.8328999876976013,0.8331999778747559,0.8396999835968018,0.8428999781608582,0.8342999815940857,0.8409000039100647,0.8357999920845032,0.8331000208854675,0.832099974155426,0.8367000222206116,0.8313000202178955,0.8407999873161316,0.8352000117301941,0.840399980545044,0.8360999822616577,0.8442999720573425,0.8357999920845032,0.8284000158309937,0.8406999707221985,0.8346999883651733,0.8395000100135803,0.8277000188827515,0.8360000252723694,0.8345000147819519,0.8385000228881836,0.8324000239372253,0.8389000296592712,0.8335000276565552,0.8238000273704529,0.8371999859809875,0.8317999839782715,0.8327000141143799,0.8299999833106995,0.833299994468689,0.8335000276565552,0.8327999711036682,0.8335000276565552,0.8338000178337097,0.8312000036239624,0.8414999842643738,0.8356999754905701,0.8288000226020813,0.8361999988555908,0.8305000066757202,0.8302000164985657,0.8346999883651733,0.8331999778747559,0.8355000019073486,0.8331999778747559,0.8442000150680542,0.8360000252723694,0.8324999809265137,0.833899974822998,0.8348000049591064,0.8414999842643738,0.8360999822616577,0.8330000042915344,0.8356999754905701,0.8353000283241272,0.8382999897003174,0.8338000178337097,0.8345000147819519,0.8349000215530396,0.840499997138977,0.8353999853134155,0.8363000154495239,0.8384000062942505,0.8396000266075134,0.8367000222206116,0.8299999833106995,0.833899974822998,0.832099974155426,0.8325999975204468,0.8306999802589417,0.8331999778747559,0.8324000239372253,0.8353000283241272,0.8359000086784363,0.8324000239372253,0.8324999809265137,0.8360000252723694,0.8327000141143799,0.8328999876976013,0.823199987411499,0.8356999754905701,0.839900016784668,0.8339999914169312,0.8330000042915344,0.8335000276565552,0.8438000082969666,0.8269000053405762,0.8310999870300293,0.8309999704360962,0.8341000080108643,0.8335000276565552,0.8378999829292297,0.8346999883651733,0.8337000012397766,0.8335999846458435,0.8434000015258789,0.8392000198364258,0.8432000279426575,0.8335000276565552,0.835099995136261,0.8345999717712402,0.8353000283241272,0.8360000252723694,0.8349999785423279,0.8325999975204468,0.8317000269889832,0.8392999768257141,0.8299000263214111,0.8302000164985657,0.8345999717712402,0.8360999822616577,0.83160001039505,0.8356999754905701,0.8370000123977661,0.8389999866485596,0.824400007724762,0.8411999940872192,0.8289999961853027,0.8341000080108643,0.8399999737739563,0.8299000263214111,0.8385999798774719,0.8263000249862671,0.8208000063896179,0.8273000121116638,0.8382999897003174,0.8361999988555908,0.8393999934196472,0.8300999999046326,0.8289999961853027,0.8371000289916992,0.8339999914169312,0.8353999853134155,0.8341000080108643,0.8342999815940857,0.8388000130653381,0.8348000049591064,0.8349000215530396,0.8391000032424927,0.8349999785423279,0.8325999975204468,0.8274000287055969,0.8385000228881836,0.8346999883651733,0.8330000042915344,0.8355000019073486,0.839900016784668,0.8410999774932861,0.8364999890327454,0.833899974822998,0.8396999835968018,0.8313000202178955,0.8407999873161316,0.8346999883651733,0.8371999859809875,0.8367999792098999,0.8371999859809875,0.8346999883651733,0.8337000012397766,0.8248999714851379,0.8398000001907349,0.8403000235557556,0.8360999822616577,0.8328999876976013,0.839900016784668,0.829200029373169,0.8305000066757202,0.83160001039505,0.8363000154495239,0.8388000130653381,0.8331999778747559,0.8379999995231628,0.8367999792098999,0.8346999883651733,0.8399999737739563,0.8346999883651733,0.8398000001907349,0.8398000001907349,0.8378000259399414,0.838699996471405,0.8400999903678894,0.8392000198364258,0.8360999822616577,0.833899974822998,0.8324999809265137,0.832099974155426,0.8319000005722046,0.838699996471405,0.8395000100135803,0.8374000191688538,0.8381999731063843,0.8338000178337097,0.8360999822616577,0.8360000252723694,0.8378000259399414,0.8345000147819519,0.8299000263214111,0.840499997138977,0.8349000215530396,0.833899974822998,0.8373000025749207,0.8346999883651733,0.8288000226020813,0.8364999890327454,0.8428999781608582,0.8361999988555908,0.8392999768257141,0.8370000123977661,0.8392999768257141,0.8339999914169312,0.8424999713897705,0.8359000086784363,0.8325999975204468,0.829200029373169,0.8374999761581421,0.8341000080108643,0.832099974155426,0.8406000137329102,0.8345000147819519,0.8317999839782715,0.8360000252723694,0.8295000195503235,0.836899995803833,0.8367000222206116,0.8360000252723694,0.8305000066757202,0.8373000025749207,0.8395000100135803,0.8378999829292297,0.8356000185012817,0.833299994468689,0.8320000171661377,0.8281000256538391,0.8335999846458435,0.8345999717712402,0.8259000182151794,0.8281000256538391,0.8357999920845032,0.8370000123977661,0.8337000012397766,0.8416000008583069,0.8349999785423279,0.8309000134468079,0.8414999842643738,0.8345999717712402,0.836899995803833,0.8357999920845032,0.8313999772071838,0.8392999768257141,0.8339999914169312,0.833299994468689,0.8402000069618225,0.8363999724388123,0.8356000185012817,0.8391000032424927,0.8263000249862671,0.833899974822998,0.835099995136261,0.840499997138977,0.8385000228881836,0.8313999772071838,0.8385000228881836,0.8363000154495239,0.8385999798774719,0.8349999785423279,0.8385000228881836,0.8325999975204468,0.8384000062942505,0.8396999835968018,0.8352000117301941,0.8324000239372253,0.8348000049591064,0.8310999870300293,0.8327999711036682,0.8420000076293945,0.8392000198364258,0.8366000056266785,0.8361999988555908,0.8375999927520752,0.8335999846458435,0.8277999758720398,0.8292999863624573,0.8375999927520752,0.840399980545044,0.8330000042915344,0.8421000242233276,0.8349999785423279,0.833899974822998,0.8353999853134155,0.8288999795913696,0.8319000005722046,0.8349000215530396,0.840499997138977,0.8341000080108643,0.8334000110626221,0.8346999883651733,0.830299973487854,0.8306999802589417,0.8427000045776367,0.8346999883651733,0.8374999761581421,0.8335999846458435,0.8406000137329102,0.840499997138977,0.8343999981880188,0.8335000276565552,0.8417999744415283,0.8335999846458435,0.8334000110626221,0.8388000130653381,0.8334000110626221,0.8356999754905701,0.8363999724388123,0.8384000062942505,0.833899974822998,0.8346999883651733,0.8349999785423279,0.8371999859809875,0.8337000012397766,0.8381999731063843,0.8292999863624573,0.8366000056266785,0.8374999761581421,0.8399999737739563,0.8341000080108643,0.8421000242233276,0.8327000141143799,0.8374000191688538,0.8359000086784363,0.8334000110626221,0.8314999938011169,0.8371999859809875,0.8396000266075134,0.8446999788284302,0.8349000215530396,0.8328999876976013,0.8399999737739563,0.8310999870300293,0.8373000025749207,0.8406000137329102,0.829800009727478,0.84170001745224,0.8306000232696533,0.8378999829292297,0.8327000141143799,0.8385000228881836,0.8335999846458435,0.838699996471405,0.8313999772071838,0.8324000239372253,0.8303999900817871,0.8342000246047974,0.8258000016212463,0.8319000005722046,0.8335999846458435,0.8348000049591064,0.8288999795913696,0.8377000093460083,0.8307999968528748,0.8327000141143799,0.8361999988555908,0.8335000276565552,0.8327999711036682,0.8378000259399414,0.8342000246047974,0.8266000151634216,0.8366000056266785,0.8416000008583069,0.8331999778747559,0.8388000130653381,0.8406999707221985,0.8389999866485596,0.8327000141143799,0.8363999724388123,0.8363999724388123,0.8389000296592712,0.8335000276565552,0.8356999754905701,0.8381999731063843,0.8371000289916992,0.8396000266075134,0.8385999798774719,0.835099995136261,0.8320000171661377,0.8379999995231628,0.8356999754905701,0.8359000086784363,0.8381999731063843,0.8395000100135803,0.8384000062942505,0.8407999873161316,0.8371000289916992,0.8345999717712402,0.832099974155426,0.8307999968528748,0.8321999907493591,0.8307999968528748,0.8429999947547913,0.8309999704360962,0.8410000205039978,0.8364999890327454,0.8309000134468079,0.84170001745224,0.829200029373169,0.8353000283241272,0.8378999829292297,0.8413000106811523,0.8353000283241272,0.8375999927520752,0.8381999731063843,0.8296999931335449,0.836899995803833,0.8349000215530396,0.8367000222206116,0.8331999778747559,0.8330000042915344,0.8361999988555908,0.8403000235557556,0.8399999737739563,0.828000009059906,0.835099995136261,0.8396000266075134,0.8363999724388123,0.8406000137329102,0.8356999754905701,0.8339999914169312,0.8338000178337097,0.8406999707221985,0.829800009727478,0.8335999846458435,0.8364999890327454,0.8335999846458435,0.8305000066757202,0.8317999839782715,0.8348000049591064,0.8324000239372253,0.8398000001907349,0.8305000066757202,0.8396000266075134,0.8392999768257141,0.8299000263214111,0.8349999785423279,0.8364999890327454,0.8396000266075134,0.8363999724388123,0.8353000283241272,0.8352000117301941,0.8327000141143799,0.8454999923706055,0.8345000147819519,0.8414000272750854,0.832099974155426,0.8338000178337097,0.8341000080108643,0.8324999809265137,0.8317000269889832,0.8349000215530396,0.8313000202178955,0.82669997215271,0.830299973487854,0.8353000283241272,0.8385000228881836,0.8317000269889832,0.8378000259399414,0.8356999754905701,0.833299994468689,0.8436999917030334,0.838100016117096,0.8396999835968018,0.8330000042915344,0.8338000178337097,0.8292999863624573,0.8374999761581421,0.8367999792098999,0.8363999724388123,0.8424000144004822,0.8334000110626221,0.8353999853134155,0.8300999999046326,0.8407999873161316,0.8330000042915344,0.8327000141143799,0.833899974822998,0.8398000001907349,0.8375999927520752,0.8431000113487244,0.8367000222206116,0.8277000188827515,0.8312000036239624,0.8317000269889832,0.8385999798774719,0.8327000141143799,0.8331000208854675,0.8382999897003174,0.8335000276565552,0.8319000005722046,0.8313999772071838,0.8427000045776367,0.8300999999046326,0.8341000080108643,0.8313999772071838,0.8314999938011169,0.833899974822998,0.8303999900817871,0.8348000049591064,0.840499997138977,0.838699996471405,0.8403000235557556,0.8391000032424927,0.8367999792098999,0.833299994468689,0.829200029373169,0.8384000062942505,0.8353000283241272,0.8373000025749207,0.8342999815940857,0.8320000171661377,0.8302000164985657,0.8309999704360962,0.833899974822998,0.8378000259399414,0.8302000164985657,0.8377000093460083,0.8371000289916992,0.8425999879837036,0.8349999785423279,0.8373000025749207,0.840499997138977,0.8317000269889832,0.8432000279426575,0.8374000191688538,0.8341000080108643,0.8299999833106995,0.8337000012397766,0.8367999792098999,0.8306999802589417,0.8366000056266785,0.8400999903678894,0.8416000008583069,0.8396000266075134,0.8305000066757202,0.8353000283241272,0.8331000208854675,0.8313999772071838,0.8395000100135803,0.8409000039100647,0.8389000296592712,0.8294000029563904,0.83160001039505,0.8378000259399414,0.8381999731063843,0.829200029373169,0.8396000266075134,0.8359000086784363,0.8360999822616577,0.8248999714851379,0.8349999785423279,0.8357999920845032,0.8367000222206116,0.8317000269889832,0.8343999981880188,0.8450000286102295,0.8303999900817871,0.8375999927520752,0.8356999754905701,0.8339999914169312,0.8388000130653381,0.8328999876976013,0.8327000141143799,0.8410000205039978,0.8360999822616577,0.8345999717712402,0.8395000100135803,0.8230999708175659,0.8410999774932861,0.8300999999046326,0.8314999938011169,0.8324000239372253,0.8327999711036682,0.8327000141143799,0.836899995803833,0.8309999704360962,0.8353999853134155,0.8331999778747559,0.8417999744415283,0.8341000080108643,0.8328999876976013,0.828000009059906,0.8360999822616577,0.8325999975204468,0.835099995136261,0.833299994468689,0.8352000117301941,0.8400999903678894,0.8424999713897705,0.8374999761581421,0.8374000191688538,0.8360000252723694,0.8364999890327454,0.8356000185012817,0.8371999859809875,0.835099995136261,0.8327999711036682,0.8360999822616577,0.8325999975204468,0.8396000266075134,0.836899995803833,0.83160001039505,0.8356999754905701,0.8360000252723694,0.8374999761581421,0.8385000228881836,0.8328999876976013,0.8334000110626221,0.8367000222206116,0.8324000239372253,0.8374999761581421,0.8335999846458435,0.8359000086784363,0.8345000147819519,0.8363000154495239,0.8385000228881836,0.8382999897003174,0.835099995136261,0.838100016117096,0.8384000062942505,0.8335000276565552,0.8359000086784363,0.8436999917030334,0.8367000222206116,0.8392999768257141,0.8302000164985657,0.83160001039505,0.8324999809265137,0.8363000154495239,0.8309999704360962,0.8309000134468079,0.8385000228881836,0.8307999968528748,0.8392999768257141,0.8307999968528748,0.8349000215530396,0.83160001039505,0.838699996471405,0.8335999846458435,0.8364999890327454,0.8349999785423279,0.830299973487854,0.8374000191688538,0.8328999876976013,0.8427000045776367,0.824400007724762,0.8385000228881836,0.8398000001907349,0.8337000012397766,0.8317000269889832,0.8319000005722046,0.8396999835968018,0.8327000141143799,0.8335999846458435,0.8327999711036682,0.8434000015258789,0.8361999988555908,0.8348000049591064,0.8384000062942505,0.8406999707221985,0.8382999897003174,0.8356000185012817,0.8309000134468079,0.8393999934196472,0.8338000178337097,0.8317999839782715,0.8325999975204468,0.824400007724762,0.8342999815940857,0.8440999984741211,0.829800009727478,0.835099995136261,0.8381999731063843,0.8356999754905701,0.8335999846458435,0.8288000226020813,0.8395000100135803,0.8374999761581421,0.8357999920845032,0.8353000283241272,0.8299000263214111,0.8343999981880188,0.8353000283241272,0.833299994468689,0.8363999724388123,0.8348000049591064,0.8410000205039978,0.8339999914169312,0.8391000032424927,0.8339999914169312,0.8335000276565552,0.8366000056266785,0.8389999866485596,0.8359000086784363,0.8371000289916992,0.8367000222206116,0.8367000222206116,0.840399980545044,0.8341000080108643,0.8359000086784363,0.8422999978065491,0.83160001039505,0.8357999920845032,0.8364999890327454,0.8389000296592712,0.8327000141143799,0.8323000073432922,0.8414000272750854,0.829800009727478,0.8349999785423279,0.8342999815940857,0.8392000198364258,0.833299994468689,0.829200029373169,0.8352000117301941,0.8343999981880188,0.8339999914169312,0.8328999876976013,0.8337000012397766,0.8312000036239624,0.8335999846458435,0.8321999907493591,0.8331999778747559,0.8342000246047974,0.8352000117301941,0.8379999995231628,0.8342000246047974,0.8309999704360962,0.8352000117301941,0.8337000012397766,0.8327999711036682,0.8342000246047974,0.8377000093460083,0.8302000164985657,0.8360999822616577,0.8327000141143799,0.8465999960899353,0.8291000127792358,0.8360999822616577,0.8343999981880188,0.833299994468689,0.8359000086784363,0.8314999938011169,0.8414000272750854,0.8303999900817871,0.8389999866485596,0.8424000144004822,0.8337000012397766,0.8352000117301941,0.842199981212616,0.8307999968528748,0.8305000066757202,0.8353999853134155,0.8356999754905701,0.8348000049591064,0.8355000019073486,0.8399999737739563,0.8402000069618225,0.8349000215530396,0.8364999890327454,0.8305000066757202,0.8330000042915344,0.8294000029563904,0.8420000076293945,0.8345000147819519,0.8328999876976013,0.8363999724388123,0.8335000276565552,0.8385000228881836,0.8327000141143799,0.8374999761581421,0.8381999731063843,0.8371999859809875,0.8346999883651733,0.8313999772071838,0.8353999853134155,0.8359000086784363,0.8348000049591064,0.8331999778747559,0.8330000042915344,0.8306999802589417,0.8321999907493591,0.836899995803833,0.8331000208854675,0.839900016784668,0.8348000049591064,0.8357999920845032,0.8342000246047974,0.8327999711036682,0.8353000283241272,0.8317000269889832,0.8396000266075134,0.8331000208854675,0.8327999711036682,0.8294000029563904,0.83160001039505,0.8312000036239624,0.8320000171661377,0.8355000019073486,0.8414000272750854,0.8363000154495239,0.8414000272750854,0.8349000215530396,0.8299000263214111,0.8263000249862671,0.8356000185012817,0.8371999859809875,0.832099974155426,0.8313999772071838,0.8335000276565552,0.8324999809265137,0.8364999890327454,0.8355000019073486,0.8353999853134155,0.8342999815940857,0.8353000283241272,0.8398000001907349,0.8335999846458435,0.8392000198364258,0.842199981212616,0.8287000060081482,0.8349999785423279,0.8349000215530396,0.8410000205039978,0.8331000208854675,0.8339999914169312,0.8310999870300293,0.8378999829292297,0.8359000086784363,0.8406999707221985,0.8361999988555908,0.829800009727478,0.8359000086784363,0.8361999988555908,0.8349999785423279,0.8371000289916992,0.8375999927520752,0.8309999704360962,0.8371999859809875,0.8313999772071838,0.8366000056266785,0.8348000049591064,0.8361999988555908,0.8370000123977661,0.8310999870300293,0.8353999853134155,0.8319000005722046,0.8339999914169312,0.8400999903678894,0.8339999914169312,0.8274000287055969,0.8420000076293945,0.8396999835968018,0.8337000012397766,0.8309999704360962,0.8374999761581421,0.8299999833106995,0.8366000056266785,0.8313999772071838,0.8306999802589417,0.8349000215530396,0.8356999754905701,0.8371000289916992,0.8385000228881836,0.8388000130653381,0.8345999717712402,0.8374999761581421,0.8392999768257141,0.8338000178337097,0.8317999839782715,0.8349999785423279,0.8325999975204468,0.8343999981880188,0.8346999883651733,0.8392999768257141,0.8373000025749207,0.8398000001907349,0.8353999853134155,0.840399980545044,0.8361999988555908,0.8424999713897705,0.8341000080108643,0.8389000296592712,0.8312000036239624,0.8360999822616577,0.8407999873161316,0.8312000036239624,0.8335000276565552,0.8349999785423279,0.835099995136261,0.8338000178337097,0.8328999876976013,0.8277000188827515,0.832099974155426,0.832099974155426,0.8396999835968018,0.8373000025749207,0.8413000106811523,0.8392000198364258,0.8299999833106995,0.8331000208854675,0.8349999785423279,0.8339999914169312,0.8309000134468079,0.8377000093460083,0.8373000025749207,0.8342000246047974,0.8366000056266785,0.8411999940872192,0.8327000141143799,0.8398000001907349,0.8366000056266785,0.8361999988555908,0.8379999995231628,0.8328999876976013,0.8374999761581421,0.8345000147819519,0.833299994468689,0.8349999785423279,0.8360999822616577,0.8281999826431274,0.8356999754905701,0.8302000164985657,0.8373000025749207,0.8361999988555908,0.8330000042915344,0.8378000259399414,0.8367000222206116,0.8373000025749207,0.8388000130653381,0.8317000269889832,0.8335000276565552,0.8385000228881836,0.8367000222206116,0.833899974822998,0.8359000086784363,0.8389000296592712,0.8325999975204468,0.8371999859809875,0.829800009727478,0.8392999768257141,0.8395000100135803,0.8349999785423279,0.8307999968528748,0.8464000225067139,0.8331000208854675,0.8422999978065491,0.8442999720573425,0.8409000039100647,0.8395000100135803,0.8353999853134155,0.8385000228881836,0.8375999927520752,0.8327000141143799,0.8353999853134155,0.8373000025749207,0.8399999737739563,0.8424999713897705,0.8353000283241272,0.8396000266075134,0.8373000025749207,0.8424999713897705,0.8307999968528748,0.836899995803833,0.8378999829292297,0.8388000130653381,0.8288999795913696,0.8292999863624573,0.8356999754905701,0.8360000252723694,0.8363999724388123,0.8330000042915344,0.8337000012397766,0.8342999815940857,0.8271999955177307,0.8361999988555908,0.8416000008583069,0.8349000215530396,0.8360999822616577,0.833899974822998,0.8345000147819519,0.8385000228881836,0.8367999792098999,0.8424999713897705,0.8300999999046326,0.8371000289916992,0.838100016117096,0.8379999995231628,0.8320000171661377,0.8392999768257141,0.8360000252723694,0.8320000171661377,0.833299994468689,0.8345000147819519,0.8328999876976013,0.8259999752044678,0.8313999772071838,0.8342000246047974,0.8360000252723694,0.8379999995231628,0.8385000228881836,0.8379999995231628,0.8342000246047974,0.8355000019073486,0.8363000154495239,0.8407999873161316,0.8349999785423279,0.8364999890327454,0.8321999907493591,0.8363999724388123,0.8343999981880188,0.8319000005722046,0.8409000039100647,0.839900016784668,0.8324999809265137,0.8375999927520752,0.833899974822998,0.8327000141143799,0.8328999876976013,0.8378999829292297,0.8324000239372253,0.8413000106811523,0.8335999846458435,0.8353999853134155,0.8424999713897705,0.8323000073432922,0.8335999846458435,0.8338000178337097,0.8348000049591064,0.835099995136261,0.8391000032424927,0.8427000045776367,0.8409000039100647,0.8349000215530396,0.8438000082969666,0.8385000228881836
0.4961000084877014,0.38260000944137573,0.28619998693466187,0.2648000121116638,0.26159998774528503,0.2596000134944916,0.24789999425411224,0.24070000648498535,0.24150000512599945,0.2484000027179718,0.24650000035762787,0.2498999983072281,0.25040000677108765,0.24300000071525574,0.24220000207424164,0.2554999887943268,0.24250000715255737,0.24709999561309814,0.24979999661445618,0.25699999928474426,0.26080000400543213,0.2475000023841858,0.2540999948978424,0.26089999079704285,0.2574000060558319,0.25589999556541443,0.24469999969005585,0.2554999887943268,0.24449999630451202,0.2558000087738037,0.2639000117778778,0.2623000144958496,0.23880000412464142,0.2467000037431717,0.2721000015735626,0.2492000013589859,0.24650000035762787,0.24500000476837158,0.25519999861717224,0.24140000343322754,0.24570000171661377,0.2362000048160553,0.24320000410079956,0.25600001215934753,0.23960000276565552,0.2517000138759613,0.24619999527931213,0.25290000438690186,0.25110000371932983,0.24300000071525574,0.2442999929189682,0.24549999833106995,0.24279999732971191,0.2442999929189682,0.2540000081062317,0.24560000002384186,0.2475000023841858,0.25200000405311584,0.2500999867916107,0.2581999897956848,0.2485000044107437,0.2628999948501587,0.24480000138282776,0.2540000081062317,0.25459998846054077,0.243599995970726,0.2484000027179718,0.25360000133514404,0.25200000405311584,0.24889999628067017,0.2506999969482422,0.2632000148296356,0.25189998745918274,0.25679999589920044,0.2538999915122986,0.24690000712871552,0.2662000060081482,0.24889999628067017,0.262800008058548,0.249099999666214,0.2621000111103058,0.24330000579357147,0.24699999392032623,0.2565999925136566,0.25,0.257099986076355,0.2531000077724457,0.25060001015663147,0.25360000133514404,0.251800000667572,0.24709999561309814,0.24740000069141388,0.24950000643730164,0.23849999904632568,0.24089999496936798,0.2506999969482422,0.2524999976158142,0.24889999628067017,0.24940000474452972,0.25429999828338623,0.2574999928474426,0.2493000030517578,0.24799999594688416,0.25920000672340393,0.2371000051498413,0.25110000371932983,0.24549999833106995,0.2483000010251999,0.2492000013589859,0.2434999942779541,0.24789999425411224,0.24040000140666962,0.24979999661445618,0.25110000371932983,0.24480000138282776,0.24379999935626984,0.26510000228881836,0.25,0.2572000026702881,0.25119999051094055,0.2460000067949295,0.24660000205039978,0.23690000176429749,0.24959999322891235,0.25529998540878296,0.24269999563694,0.2515000104904175,0.2459000051021576,0.24950000643730164,0.25209999084472656,0.24210000038146973,0.24709999561309814,0.24500000476837158,0.24619999527931213,0.25189998745918274,0.2460000067949295,0.24779999256134033,0.24560000002384186,0.2599000036716461,0.257099986076355,0.25279998779296875,0.2459000051021576,0.2513999938964844,0.25459998846054077,0.24160000681877136,0.24320000410079956,0.24799999594688416,0.2502000033855438,0.25429999828338623,0.24969999492168427,0.24529999494552612,0.25519999861717224,0.24459999799728394,0.2646999955177307,0.24950000643730164,0.24140000343322754,0.24539999663829803,0.26190000772476196,0.2522999942302704,0.2492000013589859,0.2563000023365021,0.25949999690055847,0.25940001010894775,0.24400000274181366,0.2615000009536743,0.24709999561309814,0.2451999932527542,0.25870001316070557,0.2531999945640564,0.2581999897956848,0.2493000030517578,0.24490000307559967,0.26249998807907104,0.26109999418258667,0.25940001010894775,0.25600001215934753,0.2581000030040741,0.27239999175071716,0.24869999289512634,0.2651999890804291,0.24979999661445618,0.24609999358654022,0.25780001282691956,0.25119999051094055,0.25049999356269836,0.2766000032424927,0.24709999561309814,0.24690000712871552,0.2653999924659729,0.24959999322891235,0.25110000371932983,0.2526000142097473,0.27090001106262207,0.24250000715255737,0.2515000104904175,0.27129998803138733,0.25920000672340393,0.28049999475479126,0.27720001339912415,0.2526000142097473,0.2492000013589859,0.24819999933242798,0.26930001378059387,0.2678000032901764,0.26100000739097595,0.2838999927043915,0.24869999289512634,0.2533000111579895,0.27160000801086426,0.2621999979019165,0.24570000171661377,0.2653999924659729,0.26600000262260437,0.2467000037431717,0.25839999318122864,0.25360000133514404,0.251800000667572,0.2750000059604645,0.25040000677108765,0.2759000062942505,0.2809999883174896,0.2718999981880188,0.26100000739097595,0.26570001244544983,0.2799000144004822,0.26190000772476196,0.2793999910354614,0.25920000672340393,0.2498999983072281,0.2976999878883362,0.30149999260902405,0.2752000093460083,0.28119999170303345,0.2849000096321106,0.26910001039505005,0.27489998936653137,0.298799991607666,0.26339998841285706,0.26330000162124634,0.27799999713897705,0.2825999855995178,0.30390000343322754,0.24809999763965607,0.2793999910354614,0.2549000084400177,0.2831000089645386,0.28630000352859497,0.30059999227523804,0.2824000120162964,0.26019999384880066,0.2583000063896179,0.3057999908924103,0.28850001096725464,0.28839999437332153,0.2703999876976013,0.26339998841285706,0.29100000858306885,0.28459998965263367,0.2660999894142151,0.2800999879837036,0.27300000190734863,0.27959999442100525,0.3037000000476837,0.24660000205039978,0.27410000562667847,0.26570001244544983,0.25850000977516174,0.2590000033378601,0.28700000047683716,0.2678000032901764,0.27799999713897705,0.2833000123500824,0.2581999897956848,0.275299996137619,0.2558000087738037,0.3003999888896942,0.2743000090122223,0.2808000147342682,0.2773999869823456,0.27880001068115234,0.25920000672340393,0.29789999127388,0.2694000005722046,0.24469999969005585,0.30309998989105225,0.29600000381469727,0.2985000014305115,0.28060001134872437,0.3043000102043152,0.30230000615119934,0.296999990940094,0.30730000138282776,0.3025999963283539,0.28600001335144043,0.29420000314712524,0.27140000462532043,0.2822999954223633,0.25429999828338623,0.2709999978542328,0.28619998693466187,0.28349998593330383,0.302700012922287,0.25760000944137573,0.2847999930381775,0.27410000562667847,0.3160000145435333,0.3199000060558319,0.31700000166893005,0.3077999949455261,0.3125,0.28110000491142273,0.2799000144004822,0.31700000166893005,0.30410000681877136,0.3102000057697296,0.2782999873161316,0.3034999966621399,0.29420000314712524,0.31200000643730164,0.32109999656677246,0.2955000102519989,0.296999990940094,0.30239999294281006,0.29100000858306885,0.3197999894618988,0.3215000033378601,0.25940001010894775,0.3174999952316284,0.310699999332428,0.30979999899864197,0.3082999885082245,0.30480000376701355,0.274399995803833,0.31040000915527344,0.3203999996185303,0.29980000853538513,0.33070001006126404,0.33709999918937683,0.29319998621940613,0.3156999945640564,0.3043000102043152,0.31369999051094055,0.2992999851703644,0.3000999987125397,0.3050999939441681,0.32739999890327454,0.2874999940395355,0.3131999969482422,0.3061999976634979,0.31189998984336853,0.32179999351501465,0.3122999966144562,0.32820001244544983,0.3028999865055084,0.3116999864578247,0.2964000105857849,0.31790000200271606,0.2782999873161316,0.3093999922275543,0.3221000134944916,0.3043999969959259,0.3160000145435333,0.33239999413490295,0.32330000400543213,0.32109999656677246,0.30640000104904175,0.31029999256134033,0.30489999055862427,0.32269999384880066,0.301800012588501,0.2996000051498413,0.3158999979496002,0.3273000121116638,0.3188999891281128,0.29510000348091125,0.3172000050544739,0.3005000054836273,0.3100000023841858,0.3018999993801117,0.3174999952316284,0.3230000138282776,0.3075000047683716,0.33169999718666077,0.27090001106262207,0.3224000036716461,0.3003999888896942,0.3077000081539154,0.299699991941452,0.32089999318122864,0.30059999227523804,0.32089999318122864,0.3046000003814697,0.3224000036716461,0.2946999967098236,0.2833000123500824,0.30880001187324524,0.3086000084877014,0.3077000081539154,0.3264000117778778,0.33250001072883606,0.3151000142097473,0.3271999955177307,0.3312000036239624,0.31450000405311584,0.32089999318122864,0.31200000643730164,0.30309998989105225,0.29100000858306885,0.33169999718666077,0.30309998989105225,0.30660000443458557,0.3192000091075897,0.3183000087738037,0.29249998927116394,0.2754000127315521,0.28619998693466187,0.311599999666214,0.32829999923706055,0.2996000051498413,0.34310001134872437,0.3188999891281128,0.3181999921798706,0.31700000166893005,0.3163999915122986,0.30329999327659607,0.34130001068115234,0.30309998989105225,0.3321000039577484,0.30410000681877136,0.32760000228881836,0.3172000050544739,0.32919999957084656,0.2946999967098236,0.30630001425743103,0.32899999618530273,0.3215999901294708,0.30559998750686646,0.32330000400543213,0.328000009059906,0.32739999890327454,0.30079999566078186,0.3319999873638153,0.3474000096321106,0.30000001192092896,0.2721000015735626,0.33340001106262207,0.3668999969959259,0.3285999894142151,0.32249999046325684,0.27950000762939453,0.2992999851703644,0.3758000135421753,0.32710000872612,0.3637000024318695,0.3176000118255615,0.3255999982357025,0.3621000051498413,0.3652999997138977,0.3400000035762787,0.34880000352859497,0.3472000062465668,0.35530000925064087,0.3767000138759613,0.34389999508857727,0.3549000024795532,0.3601999878883362,0.34850001335144043,0.3621000051498413,0.35100001096725464,0.36410000920295715,0.36160001158714294,0.3549000024795532,0.3619000017642975,0.3384000062942505,0.35670000314712524,0.36059999465942383,0.3091000020503998,0.36660000681877136,0.3280999958515167,0.35850000381469727,0.35929998755455017,0.35839998722076416,0.3425000011920929,0.3456000089645386,0.37049999833106995,0.34769999980926514,0.35260000824928284,0.33059999346733093,0.3158999979496002,0.3312000036239624,0.35989999771118164,0.3619000017642975,0.30889999866485596,0.3325999975204468,0.30660000443458557,0.3691999912261963,0.35659998655319214,0.33079999685287476,0.31200000643730164,0.3328999876976013,0.36090001463890076,0.3418999910354614,0.3495999872684479,0.33889999985694885,0.3127000033855438,0.36340001225471497,0.33160001039505005,0.33880001306533813,0.35899999737739563,0.36160001158714294,0.3361999988555908,0.367000013589859,0.3702999949455261,0.3587000072002411,0.3499000072479248,0.3409000039100647,0.3709999918937683,0.3343000113964081,0.34619998931884766,0.3467999994754791,0.34470000863075256,0.35839998722076416,0.37229999899864197,0.35929998755455017,0.3723999857902527,0.35010001063346863,0.3662000000476837,0.336899995803833,0.33160001039505005,0.32589998841285706,0.3433000147342682,0.3598000109195709,0.336899995803833,0.35670000314712524,0.31380000710487366,0.35040000081062317,0.32510000467300415,0.32739999890327454,0.3190999925136566,0.36230000853538513,0.3490999937057495,0.33340001106262207,0.3425000011920929,0.3393999934196472,0.3458999991416931,0.3441999852657318,0.362199991941452,0.3488999903202057,0.3303000032901764,0.3395000100135803,0.3549000024795532,0.35499998927116394,0.3686999976634979,0.37290000915527344,0.3260999917984009,0.3353999853134155,0.3684000074863434,0.3637000024318695,0.3515999913215637,0.3817000091075897,0.3395000100135803,0.3515999913215637,0.3582000136375427,0.3716999888420105,0.3546000123023987,0.32580000162124634,0.3675999939441681,0.37470000982284546,0.3490000069141388,0.329800009727478,0.36329999566078186,0.30889999866485596,0.3671000003814697,0.38440001010894775,0.365200012922287,0.34790000319480896,0.36340001225471497,0.3522999882698059,0.3546000123023987,0.367000013589859,0.36550000309944153,0.3596999943256378,0.3682999908924103,0.3758000135421753,0.3619999885559082,0.3337000012397766,0.3596999943256378,0.3653999865055084,0.3677999973297119,0.33239999413490295,0.3521000146865845,0.33250001072883606,0.3427000045776367,0.336899995803833,0.3472999930381775,0.3621000051498413,0.3495999872684479,0.3521000146865845,0.35690000653266907,0.3280999958515167,0.32749998569488525,0.3714999854564667,0.35030001401901245,0.34150001406669617,0.34360000491142273,0.3700999915599823,0.31690001487731934,0.3244999945163727,0.36469998955726624,0.3723999857902527,0.35850000381469727,0.36719998717308044,0.35670000314712524,0.36070001125335693,0.35409998893737793,0.3621000051498413,0.3431999981403351,0.34139999747276306,0.34619998931884766,0.34869998693466187,0.35899999737739563,0.36660000681877136,0.362199991941452,0.36340001225471497,0.35749998688697815,0.38530001044273376,0.36079999804496765,0.36390000581741333,0.3684999942779541,0.38609999418258667,0.376800000667572,0.3418999910354614,0.3635999858379364,0.3560999929904938,0.3725000023841858,0.35190001130104065,0.34940001368522644,0.3785000145435333,0.3400999903678894,0.3806999921798706,0.36910000443458557,0.38019999861717224,0.3684999942779541,0.3582000136375427,0.36820000410079956,0.3741999864578247,0.37310001254081726,0.37790000438690186,0.3725000023841858,0.3880999982357025,0.38530001044273376,0.3702999949455261,0.3765000104904175,0.3352999985218048,0.36010000109672546,0.3790999948978424,0.35040000081062317,0.3702999949455261,0.37929999828338623,0.3407999873161316,0.36480000615119934,0.35749998688697815,0.3765000104904175,0.3553999960422516,0.34700000286102295,0.364300012588501,0.34200000762939453,0.374099999666214,0.35339999198913574,0.37869998812675476,0.34619998931884766,0.3671000003814697,0.3416000008583069,0.3659999966621399,0.3799999952316284,0.35260000824928284,0.3440000116825104,0.3046000003814697,0.3447999954223633,0.3837999999523163,0.36559998989105225,0.3513000011444092,0.37700000405311584,0.3529999852180481,0.3452000021934509,0.37040001153945923,0.3686999976634979,0.3605000078678131,0.3443000018596649,0.3653999865055084,0.33000001311302185,0.367900013923645,0.3612000048160553,0.3903000056743622,0.3707999885082245,0.3693000078201294,0.3677999973297119,0.37790000438690186,0.3702000081539154,0.37229999899864197,0.3691999912261963,0.353300005197525,0.3630000054836273,0.36660000681877136,0.365200012922287,0.36230000853538513,0.37400001287460327,0.35370001196861267,0.36419999599456787,0.3580999970436096,0.3361000120639801,0.36649999022483826,0.374099999666214,0.37700000405311584,0.3718000054359436,0.3662000000476837,0.33489999175071716,0.35019999742507935,0.3801000118255615,0.3828999996185303,0.3529999852180481,0.3402999937534332,0.3725999891757965,0.3614000082015991,0.3817000091075897,0.37959998846054077,0.37310001254081726,0.35670000314712524,0.3736000061035156,0.3718000054359436,0.3513999879360199,0.35350000858306885,0.3695000112056732,0.38350000977516174,0.36820000410079956,0.3596999943256378,0.35690000653266907,0.3560999929904938,0.3767000138759613,0.3666999936103821,0.32359999418258667,0.3221000134944916,0.35740000009536743,0.3458000123500824,0.35600000619888306,0.3643999993801117,0.3840000033378601,0.375900000333786,0.37220001220703125,0.37950000166893005,0.3488999903202057,0.3587999939918518,0.36160001158714294,0.4020000100135803,0.35600000619888306,0.3774000108242035,0.38530001044273376,0.3513999879360199,0.3700000047683716,0.36070001125335693,0.36169999837875366,0.37439998984336853,0.37389999628067017,0.34529998898506165,0.40059998631477356,0.385699987411499,0.3499000072479248,0.3671000003814697,0.34950000047683716,0.3643999993801117,0.36239999532699585,0.3343000113964081,0.3815999925136566,0.3864000141620636,0.3846000134944916,0.3781000077724457,0.3100999891757965,0.38350000977516174,0.390500009059906,0.3693000078201294,0.38499999046325684,0.3831000030040741,0.3488999903202057,0.3889999985694885,0.38499999046325684,0.33719998598098755,0.3882000148296356,0.3490000069141388,0.3840999901294708,0.3962000012397766,0.37950000166893005,0.4011000096797943,0.38420000672340393,0.3709999918937683,0.388700008392334,0.38749998807907104,0.33090001344680786,0.3750999867916107,0.35910001397132874,0.38999998569488525,0.3797000050544739,0.38749998807907104,0.3785000145435333,0.390500009059906,0.39259999990463257,0.3628999888896942,0.3813000023365021,0.3571000099182129,0.40310001373291016,0.39259999990463257,0.38179999589920044,0.3878999948501587,0.3862000107765198,0.35839998722076416,0.3849000036716461,0.3596999943256378,0.4007999897003174,0.3799000084400177,0.40130001306533813,0.3971000015735626,0.35569998621940613,0.3831999897956848,0.3797000050544739,0.36719998717308044,0.35030001401901245,0.3953999876976013,0.34060001373291016,0.39750000834465027,0.3718999922275543,0.390500009059906,0.39969998598098755,0.3846000134944916,0.3986999988555908,0.41819998621940613,0.390500009059906,0.38530001044273376,0.4088999927043915,0.3321000039577484,0.34769999980926514,0.4066999852657318,0.3944999873638153,0.40950000286102295,0.4032999873161316,0.3817000091075897,0.40779998898506165,0.3937999904155731,0.3431999981403351,0.3921000063419342,0.3806000053882599,0.3871000111103058,0.3822999894618988,0.38850000500679016,0.375,0.3853999972343445,0.3833000063896179,0.384799987077713,0.3905999958515167,0.41130000352859497,0.39959999918937683,0.40880000591278076,0.4147999882698059,0.41179999709129333,0.4124999940395355,0.4293999969959259,0.4196000099182129,0.40849998593330383,0.40700000524520874,0.4424000084400177,0.40450000762939453,0.3961000144481659,0.4189999997615814,0.42170000076293945,0.4043000042438507,0.40310001373291016,0.4374000132083893,0.3912999927997589,0.3946000039577484,0.44190001487731934,0.40290001034736633,0.46059998869895935,0.40450000762939453,0.43849998712539673,0.4332999885082245,0.4108999967575073,0.42320001125335693,0.4366999864578247,0.4343999922275543,0.40619999170303345,0.3837999999523163,0.3926999866962433,0.45660001039505005,0.45249998569488525,0.4018999934196472,0.3968999981880188,0.4169999957084656,0.4406999945640564,0.41819998621940613,0.4154999852180481,0.4325999915599823,0.4530999958515167,0.46959999203681946,0.48570001125335693,0.41929998993873596,0.42899999022483826,0.41449999809265137,0.4323999881744385,0.43560001254081726,0.4832000136375427,0.4699000120162964,0.44859999418258667,0.44850000739097595,0.44350001215934753,0.4203000068664551,0.4812999963760376,0.4950999915599823,0.453900009393692,0.4909000098705292,0.44339999556541443,0.47940000891685486,0.4715000092983246,0.4708000123500824,0.420199990272522,0.45399999618530273,0.40790000557899475,0.4092999994754791,0.42570000886917114,0.47290000319480896,0.4659000039100647,0.46070000529289246,0.4708999991416931,0.4652999937534332,0.4763999879360199,0.4975999891757965,0.4674000144004822,0.46129998564720154,0.4733000099658966,0.47029998898506165,0.5098999738693237,0.482699990272522,0.4609000086784363,0.4887999892234802,0.4277999997138977,0.4196999967098236,0.4706000089645386,0.453900009393692,0.47290000319480896,0.4970000088214874,0.45559999346733093,0.4537000060081482,0.4916999936103821,0.47119998931884766,0.46149998903274536,0.44029998779296875,0.4740000069141388,0.49300000071525574,0.4339999854564667,0.4830000102519989,0.4578999876976013,0.43779999017715454,0.48820000886917114,0.4275999963283539,0.45320001244544983,0.46959999203681946,0.4790000021457672,0.4778999984264374,0.462799996137619,0.46209999918937683,0.4900999963283539,0.5023000240325928,0.47679999470710754,0.4339999854564667,0.4691999852657318,0.4724000096321106,0.45089998841285706,0.44609999656677246,0.4490000009536743,0.4564000070095062,0.44290000200271606,0.4787999987602234,0.4805000126361847,0.46799999475479126,0.5005999803543091,0.46880000829696655,0.462799996137619,0.45730000734329224,0.45100000500679016,0.44110000133514404,0.4986000061035156,0.4546000063419342,0.41850000619888306,0.4839000105857849,0.4311000108718872,0.4462999999523163,0.4742000102996826,0.48330000042915344,0.4269999861717224,0.503600001335144,0.5084999799728394,0.525600016117096,0.47760000824928284,0.489300012588501,0.5134999752044678,0.44609999656677246,0.4812999963760376,0.4456999897956848,0.46149998903274536,0.48840001225471497,0.46470001339912415,0.48570001125335693,0.44749999046325684,0.46459999680519104,0.4814000129699707,0.5052000284194946,0.4855000078678131,0.43549999594688416,0.41019999980926514,0.47769999504089355,0.45829999446868896,0.46950000524520874,0.46630001068115234,0.4163999855518341,0.47600001096725464,0.4722999930381775,0.4973999857902527,0.5195000171661377,0.4837999939918518,0.46709999442100525,0.489300012588501,0.4819999933242798,0.476500004529953,0.4839000105857849,0.4706999957561493,0.47110000252723694,0.4975999891757965,0.558899998664856,0.47540000081062317,0.5325999855995178,0.5022000074386597,0.4634999930858612,0.49309998750686646,0.4609000086784363,0.48420000076293945,0.47679999470710754,0.5029000043869019,0.47269999980926514,0.4706000089645386,0.5031999945640564,0.5044000148773193,0.4399000108242035,0.46050000190734863,0.49480000138282776,0.49149999022483826,0.515999972820282,0.4794999957084656,0.4106999933719635,0.4672999978065491,0.47040000557899475,0.45649999380111694,0.46709999442100525,0.4571000039577484,0.5217000246047974,0.49959999322891235,0.47029998898506165,0.4666000008583069,0.450300008058548,0.4794999957084656,0.4690000116825104,0.46889999508857727,0.483599990606308,0.4453999996185303,0.4397999942302704,0.4657000005245209,0.5503000020980835,0.510699987411499,0.525600016117096,0.510200023651123,0.4814999997615814,0.4481000006198883,0.5263000130653381,0.48500001430511475,0.49939998984336853,0.5,0.4828999936580658,0.43560001254081726,0.4945000112056732,0.5098000168800354,0.4934000074863434,0.4846999943256378,0.5174000263214111,0.5031999945640564,0.5090000033378601,0.41600000858306885,0.487199991941452,0.5286999940872192,0.5160999894142151,0.4666000008583069,0.47130000591278076,0.45559999346733093,0.47780001163482666,0.5102999806404114,0.4909999966621399,0.47600001096725464,0.5511999726295471,0.4726000130176544,0.4530999958515167,0.4607999920845032,0.4837000072002411,0.5098999738693237,0.5777999758720398,0.46320000290870667,0.5447999835014343,0.45719999074935913,0.5063999891281128,0.4758000075817108,0.5108000040054321,0.5148000121116638,0.4625000059604645,0.48069998621940613,0.5343999862670898,0.48539999127388,0.524399995803833,0.47600001096725464,0.5148000121116638,0.4772999882698059,0.4893999993801117,0.5151000022888184,0.42149999737739563,0.5091000199317932,0.4494999945163727,0.5127000212669373,0.4943999946117401,0.45399999618530273,0.46799999475479126,0.5026000142097473,0.4700999855995178,0.48249998688697815,0.5238999724388123,0.5182999968528748,0.4862000048160553,0.4903999865055084,0.5309000015258789,0.48840001225471497,0.5128999948501587,0.5378999710083008,0.5285999774932861,0.4900999963283539,0.5091999769210815,0.48190000653266907,0.48570001125335693,0.454800009727478,0.46149998903274536,0.5324000120162964,0.49729999899864197,0.4846999943256378,0.5471000075340271,0.5394999980926514,0.5526000261306763,0.45419999957084656,0.5299999713897705,0.5404000282287598,0.49410000443458557,0.4918999969959259,0.5199999809265137,0.4975999891757965,0.4722999930381775,0.5171999931335449,0.48989999294281006,0.5400999784469604,0.49880000948905945,0.5428000092506409,0.5169000029563904,0.46619999408721924,0.44589999318122864,0.49900001287460327,0.4975000023841858,0.5055999755859375,0.5353999733924866,0.5699999928474426,0.5713000297546387,0.5194000005722046,0.478300005197525,0.46299999952316284,0.5472000241279602,0.5418000221252441,0.4982999861240387,0.4959999918937683,0.4724999964237213,0.5041000247001648,0.4593000113964081,0.4945000112056732,0.4228000044822693,0.489300012588501,0.4616999924182892,0.5354999899864197,0.43320000171661377,0.527999997138977,0.5587999820709229,0.5407999753952026,0.5784000158309937,0.5121999979019165,0.5105000138282776,0.4408999979496002,0.5001999735832214,0.5350000262260437,0.5392000079154968,0.5042999982833862,0.5038999915122986,0.5410000085830688,0.4620000123977661,0.49129998683929443,0.5024999976158142,0.5185999870300293,0.5238000154495239,0.5228999853134155,0.5231000185012817,0.5476999878883362,0.5773000121116638,0.5062000155448914,0.5149999856948853,0.5016000270843506,0.5291000008583069,0.5198000073432922,0.589900016784668,0.5239999890327454,0.5425999760627747,0.5547999739646912,0.5296000242233276,0.5213000178337097,0.5424000024795532,0.503000020980835,0.45899999141693115,0.4478999972343445,0.5461999773979187,0.5289999842643738,0.5264000296592712,0.5060999989509583,0.5379999876022339,0.572700023651123,0.4823000133037567,0.5722000002861023,0.5196999907493591,0.5076000094413757,0.4577000141143799,0.43529999256134033,0.526199996471405,0.5252000093460083,0.5509999990463257,0.46129998564720154,0.4941999912261963,0.532800018787384,0.4982999861240387,0.47620001435279846,0.49230000376701355,0.5037000179290771,0.5205000042915344,0.5170000195503235,0.5590999722480774,0.5260000228881836,0.5619999766349792,0.5257999897003174,0.5374000072479248,0.5317000150680542,0.5389000177383423,0.4603999853134155,0.5702999830245972,0.4447000026702881,0.4964999854564667,0.5437999963760376,0.5076000094413757,0.51910001039505,0.504800021648407,0.5800999999046326,0.45590001344680786,0.5429999828338623,0.5618000030517578,0.5568000078201294,0.5228000283241272,0.5236999988555908,0.5188999772071838,0.5356000065803528,0.49070000648498535,0.5390999913215637,0.5285999774932861,0.5263000130653381,0.5274999737739563,0.525600016117096,0.49070000648498535,0.5081999897956848,0.5234000086784363,0.5238000154495239,0.5266000032424927,0.5568000078201294,0.5177000164985657,0.5238000154495239,0.5537999868392944,0.5138000249862671,0.5637000203132629,0.5167999863624573,0.5338000059127808,0.5073000192642212,0.5209000110626221,0.571399986743927,0.5835000276565552,0.5486999750137329,0.4869000017642975,0.5277000069618225,0.570900022983551,0.574999988079071,0.5555999875068665,0.4887000024318695,0.5853000283241272,0.49889999628067017,0.47040000557899475,0.5006999969482422,0.5223000049591064,0.5153999924659729,0.5453000068664551,0.45829999446868896,0.5167999863624573,0.4975999891757965,0.5855000019073486,0.5842999815940857,0.4846000075340271,0.5846999883651733,0.590399980545044,0.4462999999523163,0.5253000259399414,0.4984000027179718,0.5414000153541565,0.52920001745224,0.5327000021934509,0.4975999891757965,0.4733000099658966,0.47350001335144043,0.5672000050544739,0.5473999977111816,0.506600022315979,0.555899977684021,0.513700008392334,0.5476999878883362,0.5134999752044678,0.5522000193595886,0.5149000287055969,0.5127000212669373,0.5343999862670898,0.534500002861023,0.5396999716758728,0.5404000282287598,0.5378999710083008,0.48730000853538513,0.5508999824523926,0.5289000272750854,0.5236999988555908,0.5633000135421753,0.5152999758720398,0.47679999470710754,0.5558000206947327,0.4797999858856201,0.5444999933242798,0.5771999955177307,0.48159998655319214,0.5547000169754028,0.5568000078201294,0.5339999794960022,0.4629000127315521,0.5202000141143799,0.5090000033378601,0.5526999831199646,0.5310999751091003,0.5339999794960022,0.6001999974250793,0.5199999809265137,0.5432999730110168,0.5364000201225281,0.524399995803833,0.5241000056266785,0.5230000019073486,0.5396999716758728,0.5490000247955322,0.5218999981880188,0.5335000157356262,0.5831999778747559,0.5446000099182129,0.5547999739646912,0.5931000113487244,0.5525000095367432,0.5539000034332275,0.5012999773025513,0.5504000186920166,0.5257999897003174,0.5435000061988831,0.5365999937057495,0.5040000081062317,0.5336999893188477,0.512499988079071,0.5182999968528748,0.5454999804496765,0.5415999889373779,0.5286999940872192,0.5479000210762024,0.5300999879837036,0.5267000198364258,0.529699981212616,0.5774999856948853,0.5407999753952026,0.5449000000953674,0.5394999980926514,0.5232999920845032,0.49709999561309814,0.5109999775886536,0.5627999901771545,0.4715999960899353,0.5428000092506409,0.5440000295639038,0.5076000094413757,0.5375999808311462,0.4869000017642975,0.5320000052452087,0.48089998960494995,0.515500009059906,0.5501999855041504,0.5241000056266785,0.5625,0.5266000032424927,0.5432000160217285,0.49939998984336853,0.5016999840736389,0.51419997215271,0.5498999953269958,0.5242000222206116,0.515999972820282,0.5360000133514404,0.5519000291824341,0.5741999745368958,0.5249999761581421,0.5353999733924866,0.5274999737739563,0.5418000221252441,0.5343999862670898,0.5081999897956848,0.5218999981880188,0.5494999885559082,0.48590001463890076,0.5467000007629395,0.5401999950408936,0.4925999939441681,0.5796999931335449,0.487199991941452,0.5133000016212463,0.5526000261306763,0.5199999809265137,0.5601999759674072,0.524399995803833,0.5460000038146973,0.5533000230789185,0.4296000003814697,0.5806000232696533,0.5677000284194946,0.5218999981880188,0.5440000295639038,0.5468000173568726,0.5385000109672546,0.5713000297546387,0.5803999900817871,0.49570000171661377,0.5480999946594238,0.5199000239372253,0.5242999792098999,0.5407999753952026,0.519599974155426,0.588100016117096,0.5336999893188477,0.546500027179718,0.6075999736785889,0.554099977016449,0.5180000066757202,0.5130000114440918,0.4925999939441681,0.48669999837875366,0.5127999782562256,0.5285000205039978,0.5005000233650208,0.5271999835968018,0.5249999761581421,0.5856000185012817,0.5636000037193298,0.5029000043869019,0.5698999762535095,0.5616000294685364,0.6071000099182129,0.5533999800682068,0.545799970626831,0.5651999711990356,0.5406000018119812,0.5490000247955322,0.5437999963760376,0.5479999780654907,0.5192000269889832,0.47769999504089355,0.5559999942779541,0.5873000025749207,0.5461999773979187,0.5235999822616577,0.5519000291824341,0.5357999801635742,0.5720999836921692,0.5008999705314636,0.48350000381469727,0.5128999948501587,0.4878999888896942,0.5170999765396118,0.5672000050544739,0.558899998664856,0.57669997215271,0.5706999897956848,0.5501000285148621,0.49540001153945923,0.5583000183105469,0.5400999784469604,0.5169000029563904,0.5424000024795532,0.5641000270843506,0.5139999985694885,0.5284000039100647,0.5266000032424927,0.5625,0.5781000256538391,0.5824000239372253,0.5874000191688538,0.5478000044822693,0.5705999732017517,0.5220000147819519,0.5630000233650208,0.551800012588501,0.5541999936103821,0.5508000254631042,0.5479999780654907,0.5234000086784363,0.5260000228881836,0.5365999937057495,0.5393000245094299,0.5354999899864197,0.5139999985694885,0.5357000231742859,0.5394999980926514,0.5659999847412109,0.5428000092506409,0.5598000288009644,0.5042999982833862,0.5449000000953674,0.5141000151634216,0.5667999982833862,0.5566999912261963,0.5098000168800354,0.503600001335144,0.48010000586509705,0.5045999884605408,0.511900007724762,0.5497000217437744,0.5322999954223633,0.5529999732971191,0.5679000020027161,0.5414999723434448,0.5479999780654907,0.6272000074386597,0.4878999888896942,0.5432000160217285,0.5799000263214111,0.49079999327659607,0.5662999749183655,0.5511000156402588,0.6004999876022339,0.5695000290870667,0.5529999732971191,0.5338000059127808,0.504800021648407,0.5271999835968018,0.5275999903678894,0.550599992275238,0.5602999925613403,0.5070000290870667,0.5630000233650208,0.5846999883651733,0.560699999332428,0.569599986076355,0.5275999903678894,0.4803999960422516,0.5508000254631042,0.5105999708175659,0.5511000156402588,0.5044999718666077,0.5800999999046326,0.506600022315979,0.5659999847412109,0.5389999747276306,0.5861999988555908,0.5719000101089478,0.5687999725341797,0.5468000173568726,0.5134999752044678,0.5393000245094299,0.510699987411499,0.5597000122070312,0.5587000250816345,0.5902000069618225,0.5512999892234802,0.5626999735832214,0.5590999722480774,0.5188000202178955,0.5978999733924866,0.5647000074386597,0.5083000063896179,0.5360000133514404,0.557200014591217,0.5562999844551086,0.5335000157356262,0.48730000853538513,0.4794999957084656,0.5583000183105469,0.5543000102043152,0.5791000127792358,0.5227000117301941,0.5626999735832214,0.5525000095367432,0.5227000117301941,0.536899983882904,0.5175999999046326,0.5175999999046326,0.6000000238418579,0.5522000193595886,0.49079999327659607,0.564300000667572,0.5515000224113464,0.49399998784065247,0.54339998960495,0.5163999795913696,0.5386999845504761,0.5649999976158142,0.5335999727249146,0.5742999911308289,0.5656999945640564,0.6201000213623047,0.47999998927116394,0.5623999834060669,0.5396000146865845,0.5411999821662903,0.526199996471405,0.5200999975204468,0.5145999789237976,0.5310999751091003,0.5769000053405762,0.6040999889373779,0.5856000185012817,0.59170001745224,0.5845000147819519,0.5235999822616577,0.559499979019165,0.5685999989509583,0.5198000073432922,0.5270000100135803,0.5383999943733215,0.60589998960495,0.5503000020980835,0.5623999834060669,0.5625,0.5450999736785889,0.5662000179290771,0.49470001459121704,0.5105999708175659,0.48010000586509705,0.5134000182151794,0.4848000109195709,0.5605999827384949,0.5950000286102295,0.5393999814987183,0.5562999844551086,0.49300000071525574,0.578499972820282,0.531499981880188,0.5701000094413757,0.5503000020980835,0.51419997215271,0.5230000019073486,0.5626000165939331,0.5823000073432922,0.5109000205993652,0.5835000276565552,0.5297999978065491,0.4986000061035156,0.5073000192642212,0.5529999732971191,0.5795000195503235,0.5252000093460083,0.535099983215332,0.4912000000476837,0.5138999819755554,0.5918999910354614,0.48910000920295715,0.5680000185966492,0.5120999813079834,0.544700026512146,0.5307000279426575,0.5945000052452087,0.5315999984741211,0.5583000183105469,0.593500018119812,0.5472000241279602,0.5913000106811523,0.508899986743927,0.5232999920845032,0.5450999736785889,0.5665000081062317,0.5630000233650208,0.48739999532699585,0.5393000245094299,0.5640000104904175,0.5669999718666077,0.5424000024795532,0.5123000144958496,0.5501000285148621,0.5116999745368958,0.5210999846458435,0.5457000136375427,0.5778999924659729,0.5321999788284302,0.5508000254631042,0.554099977016449,0.554099977016449,0.5099999904632568,0.5213000178337097,0.6205999851226807,0.5288000106811523,0.5814999938011169,0.5250999927520752,0.5565999746322632,0.4957999885082245,0.49160000681877136,0.5099999904632568,0.5333999991416931,0.5580000281333923,0.5541999936103821,0.583899974822998,0.5695000290870667,0.5386999845504761,0.5299999713897705,0.567799985408783,0.5465999841690063,0.5440999865531921,0.5735999941825867,0.5454999804496765,0.5565999746322632,0.5291000008583069,0.5249999761581421,0.5332000255584717,0.527400016784668,0.5706999897956848,0.5512999892234802,0.5587999820709229,0.5336999893188477,0.552299976348877,0.5263000130653381,0.5662000179290771,0.545199990272522,0.5429999828338623,0.5090000033378601,0.5360000133514404,0.5968999862670898,0.5435000061988831,0.5659000277519226,0.5896999835968018,0.5690000057220459,0.5570999979972839,0.5601999759674072,0.5115000009536743,0.5149000287055969,0.5041999816894531,0.5615000128746033,0.4884999990463257,0.5734000205993652,0.5620999932289124,0.5652999877929688,0.5371999740600586,0.5285999774932861,0.4925000071525574,0.49059998989105225,0.5760999917984009,0.4684000015258789,0.5468999743461609,0.4975999891757965,0.5842000246047974,0.6154000163078308,0.5637000203132629,0.5396999716758728,0.5547000169754028,0.551800012588501,0.5254999995231628,0.5268999934196472,0.5541999936103821,0.5697000026702881,0.47519999742507935,0.5210999846458435,0.505299985408783,0.4900999963283539,0.5584999918937683,0.5467000007629395,0.5116999745368958,0.5063999891281128,0.4934999942779541,0.571399986743927,0.58160001039505,0.5138000249862671,0.5407000184059143,0.5108000040054321,0.5753999948501587,0.5371000170707703,0.5396000146865845,0.5339999794960022,0.5209000110626221,0.48500001430511475,0.5418999791145325,0.5493000149726868,0.4772000014781952,0.5760999917984009,0.5338000059127808,0.5572999715805054,0.5123000144958496,0.4916999936103821,0.5676000118255615,0.5042999982833862,0.5602999925613403,0.5388000011444092,0.5504999756813049,0.5302000045776367,0.5282999873161316,0.5392000079154968,0.5026999711990356,0.5401999950408936,0.5303999781608582,0.4717999994754791,0.5099999904632568,0.5619999766349792,0.5299999713897705,0.5758000016212463,0.5716000199317932,0.5284000039100647,0.508400022983551,0.4912000000476837,0.5428000092506409,0.508400022983551,0.477400004863739,0.5332000255584717,0.4909000098705292,0.551800012588501,0.550599992275238,0.5365999937057495,0.4876999855041504,0.4909000098705292,0.4575999975204468,0.5205000042915344,0.508899986743927,0.4693000018596649,0.5257999897003174,0.5577999949455261,0.5234000086784363,0.5321999788284302,0.5544000267982483,0.541700005531311,0.506600022315979,0.5378999710083008,0.5701000094413757,0.525600016117096,0.4936999976634979,0.5437999963760376,0.5217000246047974,0.5260000228881836,0.5605000257492065,0.5128999948501587,0.5497999787330627,0.5462999939918518,0.536899983882904,0.5177000164985657,0.5120999813079834,0.5288000106811523,0.4936999976634979,0.5256999731063843,0.5475999712944031,0.6007000207901001,0.5727999806404114,0.5034000277519226,0.5435000061988831,0.5759999752044678,0.5928000211715698,0.5072000026702881,0.5250999927520752,0.5735999941825867,0.5503000020980835,0.5095999836921692,0.513700008392334,0.5306000113487244,0.5422000288963318,0.5055000185966492,0.4787999987602234,0.5878000259399414,0.5318999886512756,0.5615000128746033,0.524399995803833,0.5271999835968018,0.5221999883651733,0.5576000213623047,0.5817999839782715,0.49300000071525574,0.5062999725341797,0.5339000225067139,0.5559999942779541,0.5425999760627747,0.5109000205993652,0.5062000155448914,0.5777999758720398,0.5759999752044678,0.5551000237464905,0.5616000294685364,0.5120000243186951,0.5318999886512756,0.5151000022888184,0.4880000054836273,0.535099983215332,0.5662000179290771,0.5461000204086304,0.5893999934196472,0.559499979019165,0.551800012588501,0.5813000202178955,0.5519000291824341,0.5521000027656555,0.5626999735832214,0.4733000099658966,0.5494999885559082,0.5507000088691711,0.574999988079071,0.5648000240325928,0.5859000086784363,0.5608999729156494,0.5277000069618225,0.5289000272750854,0.5329999923706055,0.5292999744415283,0.5515999794006348,0.5231999754905701,0.5738999843597412,0.5220000147819519,0.5224999785423279,0.5558000206947327,0.5493000149726868,0.522599995136261,0.5695000290870667,0.5112000107765198,0.5418000221252441,0.5476999878883362,0.48510000109672546,0.5493999719619751,0.5385000109672546,0.5428000092506409,0.5432000160217285,0.5367000102996826,0.5393000245094299,0.5539000034332275,0.5058000087738037,0.4921000003814697,0.6255000233650208,0.5042999982833862,0.5259000062942505,0.5486000180244446,0.462799996137619,0.5328999757766724,0.5120000243186951,0.5333999991416931,0.519599974155426,0.45879998803138733,0.5135999917984009,0.48100000619888306,0.5424000024795532,0.6011999845504761,0.5134999752044678,0.49540001153945923,0.5593000054359436,0.5195000171661377,0.6000999808311462,0.5534999966621399,0.5633999705314636,0.5713000297546387,0.5270000100135803,0.541700005531311,0.5450999736785889,0.5460000038146973,0.5371999740600586,0.5698999762535095,0.5608000159263611,0.5770000219345093,0.5368000268936157,0.5271999835968018
0.4715999960899353,0.3869999945163727,0.2574999928474426,0.26089999079704285,0.26510000228881836,0.263700008392334,0.2572000026702881,0.25360000133514404,0.2538999915122986,0.25119999051094055,0.2565000057220459,0.2515999972820282,0.2603999972343445,0.25450000166893005,0.25459998846054077,0.2628999948501587,0.2653999924659729,0.25870001316070557,0.24969999492168427,0.25999999046325684,0.25429999828338623,0.24979999661445618,0.25,0.24539999663829803,0.24639999866485596,0.24040000140666962,0.24580000340938568,0.2524999976158142,0.24490000307559967,0.25270000100135803,0.25029999017715454,0.2542000114917755,0.24150000512599945,0.25220000743865967,0.2583000063896179,0.2442999929189682,0.2460000067949295,0.24729999899864197,0.25459998846054077,0.24699999392032623,0.24699999392032623,0.24799999594688416,0.251800000667572,0.24639999866485596,0.24369999766349792,0.2475000023841858,0.2492000013589859,0.25119999051094055,0.2533000111579895,0.24619999527931213,0.24799999594688416,0.2524000108242035,0.23669999837875366,0.243599995970726,0.2524000108242035,0.24809999763965607,0.24699999392032623,0.24660000205039978,0.24619999527931213,0.24719999730587006,0.2485000044107437,0.25429999828338623,0.2409999966621399,0.25040000677108765,0.24979999661445618,0.2410999983549118,0.2467000037431717,0.2493000030517578,0.2535000145435333,0.24709999561309814,0.25290000438690186,0.2498999983072281,0.24809999763965607,0.24490000307559967,0.25679999589920044,0.25440001487731934,0.24740000069141388,0.24809999763965607,0.2639999985694885,0.24789999425411224,0.25850000977516174,0.24690000712871552,0.24449999630451202,0.2572000026702881,0.2572999894618988,0.24740000069141388,0.25060001015663147,0.25220000743865967,0.24009999632835388,0.24629999697208405,0.2467000037431717,0.2526000142097473,0.25209999084472656,0.2517000138759613,0.2533999979496002,0.24709999561309814,0.24719999730587006,0.2574000060558319,0.2484000027179718,0.2442999929189682,0.25060001015663147,0.2529999911785126,0.24809999763965607,0.2524000108242035,0.24199999868869781,0.2475000023841858,0.24410000443458557,0.24410000443458557,0.24120000004768372,0.2475000023841858,0.24490000307559967,0.24279999732971191,0.2443999946117401,0.2483000010251999,0.2475000023841858,0.24449999630451202,0.2632000148296356,0.24449999630451202,0.24490000307559967,0.250900000333786,0.250900000333786,0.24799999594688416,0.24089999496936798,0.2515000104904175,0.25999999046325684,0.24740000069141388,0.25029999017715454,0.25270000100135803,0.24220000207424164,0.24729999899864197,0.2459000051021576,0.24639999866485596,0.23890000581741333,0.23770000040531158,0.2596000134944916,0.24529999494552612,0.25619998574256897,0.2551000118255615,0.25189998745918274,0.2524000108242035,0.24809999763965607,0.24789999425411224,0.25450000166893005,0.2484000027179718,0.2498999983072281,0.24609999358654022,0.25380000472068787,0.25060001015663147,0.24740000069141388,0.24819999933242798,0.24330000579357147,0.26109999418258667,0.24779999256134033,0.259799987077713,0.25119999051094055,0.2524999976158142,0.2526000142097473,0.24869999289512634,0.2524999976158142,0.24230000376701355,0.24650000035762787,0.24940000474452972,0.2574999928474426,0.2433999925851822,0.26969999074935913,0.24539999663829803,0.2529999911785126,0.24959999322891235,0.26330000162124634,0.2556000053882599,0.25110000371932983,0.24240000545978546,0.25780001282691956,0.25110000371932983,0.2612999975681305,0.2578999996185303,0.2451999932527542,0.250900000333786,0.24469999969005585,0.2443999946117401,0.25760000944137573,0.24160000681877136,0.25279998779296875,0.2531000077724457,0.2492000013589859,0.25859999656677246,0.2502000033855438,0.2493000030517578,0.2483000010251999,0.24799999594688416,0.2460000067949295,0.24619999527931213,0.2549000084400177,0.24699999392032623,0.24639999866485596,0.2535000145435333,0.2524000108242035,0.2702000141143799,0.27160000801086426,0.24869999289512634,0.2410999983549118,0.2484000027179718,0.265500009059906,0.24320000410079956,0.24869999289512634,0.25929999351501465,0.2538999915122986,0.25040000677108765,0.25029999017715454,0.24629999697208405,0.24969999492168427,0.2540000081062317,0.24160000681877136,0.24469999969005585,0.2736000120639801,0.2671999931335449,0.24789999425411224,0.2517000138759613,0.25060001015663147,0.25450000166893005,0.24879999458789825,0.2483000010251999,0.26010000705718994,0.2635999917984009,0.2515999972820282,0.2492000013589859,0.2538999915122986,0.2583000063896179,0.25369998812675476,0.2574000060558319,0.27399998903274536,0.250900000333786,0.27790001034736633,0.27709999680519104,0.2563999891281128,0.2524999976158142,0.2515000104904175,0.2563000023365021,0.25279998779296875,0.24570000171661377,0.2508000135421753,0.2483000010251999,0.24860000610351562,0.24220000207424164,0.2460000067949295,0.2721000015735626,0.26019999384880066,0.2702000141143799,0.2680000066757202,0.25029999017715454,0.24390000104904175,0.273499995470047,0.25380000472068787,0.2671000063419342,0.2515000104904175,0.2578999996185303,0.2540999948978424,0.2567000091075897,0.2662000060081482,0.26809999346733093,0.2732999920845032,0.27160000801086426,0.26910001039505005,0.24580000340938568,0.2597000002861023,0.24480000138282776,0.2563999891281128,0.2606000006198883,0.2694999873638153,0.2612999975681305,0.27309998869895935,0.2639000117778778,0.26910001039505005,0.2694999873638153,0.2581000030040741,0.24879999458789825,0.27140000462532043,0.26420000195503235,0.2662999927997589,0.25699999928474426,0.24789999425411224,0.243599995970726,0.24279999732971191,0.24629999697208405,0.266400009393692,0.25600001215934753,0.2784000039100647,0.2799000144004822,0.28029999136924744,0.2687999904155731,0.27090001106262207,0.27219998836517334,0.27390000224113464,0.24639999866485596,0.2757999897003174,0.27559998631477356,0.2806999981403351,0.24549999833106995,0.2676999866962433,0.27489998936653137,0.24729999899864197,0.2766999900341034,0.2700999975204468,0.258899986743927,0.2741999924182892,0.28040000796318054,0.2590000033378601,0.2685000002384186,0.2468000054359436,0.2718000113964081,0.2680000066757202,0.2578999996185303,0.260699987411499,0.2799000144004822,0.2563000023365021,0.24369999766349792,0.24469999969005585,0.2718000113964081,0.24199999868869781,0.2833999991416931,0.24899999797344208,0.2874999940395355,0.27410000562667847,0.25589999556541443,0.25540000200271606,0.2872999906539917,0.24719999730587006,0.24799999594688416,0.24500000476837158,0.2680000066757202,0.28119999170303345,0.24779999256134033,0.2506999969482422,0.2858999967575073,0.2712000012397766,0.27300000190734863,0.2720000147819519,0.2799000144004822,0.24619999527931213,0.2752000093460083,0.2728999853134155,0.2612000107765198,0.24639999866485596,0.27720001339912415,0.2856000065803528,0.28110000491142273,0.2529999911785126,0.2703999876976013,0.26600000262260437,0.2558000087738037,0.27390000224113464,0.25839999318122864,0.2935999929904938,0.28040000796318054,0.25360000133514404,0.32179999351501465,0.266400009393692,0.25189998745918274,0.2962000072002411,0.2802000045776367,0.2651999890804291,0.2842999994754791,0.26649999618530273,0.28369998931884766,0.2870999872684479,0.3264999985694885,0.3021000027656555,0.3125,0.30489999055862427,0.3084000051021576,0.31700000166893005,0.3208000063896179,0.27239999175071716,0.2992999851703644,0.31290000677108765,0.3068000078201294,0.2870999872684479,0.32670000195503235,0.32409998774528503,0.32260000705718994,0.31060001254081726,0.3163999915122986,0.3190000057220459,0.3012999892234802,0.3237999975681305,0.2919999957084656,0.30070000886917114,0.30889999866485596,0.27459999918937683,0.2921999990940094,0.31290000677108765,0.30790001153945923,0.3264000117778778,0.2928999960422516,0.30250000953674316,0.29910001158714294,0.3158999979496002,0.3109000027179718,0.3188999891281128,0.2700999975204468,0.2939999997615814,0.2964000105857849,0.2985000014305115,0.31619998812675476,0.3237999975681305,0.32109999656677246,0.30070000886917114,0.3068999946117401,0.3375999927520752,0.3310999870300293,0.34310001134872437,0.3181000053882599,0.31209999322891235,0.334199994802475,0.28450000286102295,0.2937000095844269,0.3409000039100647,0.3028999865055084,0.33180001378059387,0.32589998841285706,0.33219999074935913,0.3084000051021576,0.31540000438690186,0.3149999976158142,0.32710000872612,0.3199999928474426,0.31929999589920044,0.3447999954223633,0.29190000891685486,0.3237999975681305,0.31459999084472656,0.3089999854564667,0.28929999470710754,0.3336000144481659,0.28850001096725464,0.3287999927997589,0.325300008058548,0.3154999911785126,0.32350000739097595,0.32100000977516174,0.3391000032424927,0.33329999446868896,0.3287999927997589,0.31380000710487366,0.3303999900817871,0.3249000012874603,0.3377000093460083,0.3321000039577484,0.31209999322891235,0.2948000133037567,0.28929999470710754,0.321399986743927,0.3190000057220459,0.29260000586509705,0.329800009727478,0.2890999913215637,0.33390000462532043,0.35600000619888306,0.3325999975204468,0.3149000108242035,0.3398999869823456,0.301800012588501,0.3474999964237213,0.3273000121116638,0.31929999589920044,0.31769999861717224,0.3467000126838684,0.3418999910354614,0.3100999891757965,0.3513999879360199,0.3625999987125397,0.3617999851703644,0.3407999873161316,0.3400999903678894,0.3359000086784363,0.32190001010894775,0.35359999537467957,0.35440000891685486,0.32199999690055847,0.3610999882221222,0.3296999931335449,0.33090001344680786,0.35929998755455017,0.3564000129699707,0.3587999939918518,0.3294000029563904,0.3248000144958496,0.35830000042915344,0.36039999127388,0.35670000314712524,0.3384999930858612,0.33230000734329224,0.33009999990463257,0.3382999897003174,0.3181999921798706,0.34049999713897705,0.3499999940395355,0.32659998536109924,0.3499999940395355,0.34290000796318054,0.36250001192092896,0.3544999957084656,0.3391999900341034,0.33570000529289246,0.3296999931335449,0.3474000096321106,0.3474999964237213,0.3506999909877777,0.335099995136261,0.3686999976634979,0.33809998631477356,0.31859999895095825,0.321399986743927,0.362199991941452,0.3587000072002411,0.3483999967575073,0.3668000102043152,0.3637000024318695,0.358599990606308,0.3422999978065491,0.357699990272522,0.3610999882221222,0.3400999903678894,0.3546999990940094,0.3601999878883362,0.31209999322891235,0.3522000014781952,0.36340001225471497,0.3546000123023987,0.3619000017642975,0.3589000105857849,0.35350000858306885,0.3544999957084656,0.33399999141693115,0.3564999997615814,0.3619999885559082,0.3684999942779541,0.35179999470710754,0.3068999946117401,0.3476000130176544,0.36469998955726624,0.35839998722076416,0.3785000145435333,0.36489999294281006,0.3476000130176544,0.35839998722076416,0.3596000075340271,0.3684999942779541,0.3140000104904175,0.352400004863739,0.3555000126361847,0.38109999895095825,0.37290000915527344,0.3391000032424927,0.34380000829696655,0.35010001063346863,0.3619000017642975,0.36980000138282776,0.3580000102519989,0.3686999976634979,0.36820000410079956,0.3474000096321106,0.3693000078201294,0.34769999980926514,0.3449000120162964,0.35249999165534973,0.33180001378059387,0.37040001153945923,0.3555999994277954,0.36899998784065247,0.3492000102996826,0.37529999017715454,0.34610000252723694,0.3767000138759613,0.366100013256073,0.36160001158714294,0.3546999990940094,0.3709000051021576,0.36640000343322754,0.3695000112056732,0.3492000102996826,0.3303999900817871,0.3508000075817108,0.34290000796318054,0.36039999127388,0.3603000044822693,0.3409000039100647,0.37220001220703125,0.3400000035762787,0.36579999327659607,0.36059999465942383,0.36800000071525574,0.3659999966621399,0.32030001282691956,0.37209999561309814,0.3783999979496002,0.37290000915527344,0.3497999906539917,0.34850001335144043,0.3596000075340271,0.36579999327659607,0.36169999837875366,0.37380000948905945,0.38659998774528503,0.3513999879360199,0.320499986410141,0.35830000042915344,0.36719998717308044,0.367900013923645,0.3610000014305115,0.350600004196167,0.3650999963283539,0.35839998722076416,0.3573000133037567,0.3628000020980835,0.3813999891281128,0.3691999912261963,0.3668000102043152,0.34279999136924744,0.34689998626708984,0.3727000057697296,0.36629998683929443,0.34279999136924744,0.38019999861717224,0.36820000410079956,0.3783999979496002,0.3483000099658966,0.36629998683929443,0.3546999990940094,0.3734000027179718,0.36899998784065247,0.3499999940395355,0.37119999527931213,0.36039999127388,0.33000001311302185,0.34459999203681946,0.3497999906539917,0.36730000376701355,0.35420000553131104,0.3804999887943268,0.3587000072002411,0.37400001287460327,0.3684999942779541,0.3547999858856201,0.3734000027179718,0.3709000051021576,0.36880001425743103,0.36550000309944153,0.35040000081062317,0.367000013589859,0.3531000018119812,0.3644999861717224,0.3700999915599823,0.3686999976634979,0.36890000104904175,0.3700999915599823,0.375,0.37929999828338623,0.35339999198913574,0.3522999882698059,0.3822999894618988,0.3506999909877777,0.3797000050544739,0.35989999771118164,0.34209999442100525,0.38109999895095825,0.3677000105381012,0.3490000069141388,0.36000001430511475,0.35920000076293945,0.36559998989105225,0.3610000014305115,0.3605000078678131,0.3596999943256378,0.3781999945640564,0.357699990272522,0.3538999855518341,0.34049999713897705,0.34389999508857727,0.3732999861240387,0.3521000146865845,0.36419999599456787,0.34630000591278076,0.37940001487731934,0.37790000438690186,0.36820000410079956,0.34279999136924744,0.3702000081539154,0.36559998989105225,0.3723999857902527,0.33640000224113464,0.3644999861717224,0.3605000078678131,0.3723999857902527,0.3666999936103821,0.33980000019073486,0.3776000142097473,0.36899998784065247,0.35269999504089355,0.37059998512268066,0.3781999945640564,0.3695000112056732,0.3587999939918518,0.3801000118255615,0.35499998927116394,0.36480000615119934,0.3361999988555908,0.3578000068664551,0.3682999908924103,0.37400001287460327,0.36800000071525574,0.37389999628067017,0.3702999949455261,0.3822000026702881,0.37059998512268066,0.3666999936103821,0.34470000863075256,0.34869998693466187,0.3734999895095825,0.3725000023841858,0.357699990272522,0.37619999051094055,0.3806999921798706,0.36329999566078186,0.36390000581741333,0.3564999997615814,0.3668999969959259,0.37470000982284546,0.35670000314712524,0.36890000104904175,0.33000001311302185,0.37450000643730164,0.32269999384880066,0.3698999881744385,0.3630000054836273,0.3140000104904175,0.3547999858856201,0.34790000319480896,0.3476000130176544,0.36469998955726624,0.37119999527931213,0.3659999966621399,0.36469998955726624,0.34369999170303345,0.3693000078201294,0.367900013923645,0.375900000333786,0.35530000925064087,0.3797000050544739,0.37139999866485596,0.3544999957084656,0.3853999972343445,0.3483999967575073,0.37610000371932983,0.3626999855041504,0.35350000858306885,0.3937999904155731,0.3817000091075897,0.39259999990463257,0.3808000087738037,0.37779998779296875,0.3930000066757202,0.37229999899864197,0.3903999924659729,0.3513999879360199,0.3707999885082245,0.3677000105381012,0.3783999979496002,0.3935999870300293,0.3849000036716461,0.37560001015663147,0.38929998874664307,0.38999998569488525,0.3617999851703644,0.391400009393692,0.36419999599456787,0.365200012922287,0.3797999918460846,0.3783000111579895,0.38269999623298645,0.34929999709129333,0.390500009059906,0.38760000467300415,0.3675000071525574,0.3718000054359436,0.3490000069141388,0.3944000005722046,0.39340001344680786,0.3869999945163727,0.396699994802475,0.362199991941452,0.38679999113082886,0.3928999900817871,0.3465999960899353,0.3546000123023987,0.3950999975204468,0.38260000944137573,0.3862000107765198,0.38359999656677246,0.3921000063419342,0.3693999946117401,0.34290000796318054,0.3783999979496002,0.33730000257492065,0.4016999900341034,0.3828999996185303,0.39399999380111694,0.3962000012397766,0.36399999260902405,0.38839998841285706,0.3774999976158142,0.38339999318122864,0.3490999937057495,0.39649999141693115,0.38449999690055847,0.32829999923706055,0.3894999921321869,0.382999986410141,0.41679999232292175,0.4043000042438507,0.4056999981403351,0.4018000066280365,0.3776000142097473,0.40450000762939453,0.38429999351501465,0.40149998664855957,0.3301999866962433,0.3718999922275543,0.3840000033378601,0.3691999912261963,0.39890000224113464,0.3472999930381775,0.3700000047683716,0.4009000062942505,0.38609999418258667,0.37400001287460327,0.3686999976634979,0.3659999966621399,0.39910000562667847,0.3961000144481659,0.40529999136924744,0.3628999888896942,0.38260000944137573,0.3847000002861023,0.385699987411499,0.3864000141620636,0.3758000135421753,0.3587999939918518,0.4011000096797943,0.3919000029563904,0.4083000123500824,0.3878999948501587,0.4027999937534332,0.3815000057220459,0.4050999879837036,0.39160001277923584,0.39890000224113464,0.4244999885559082,0.38679999113082886,0.3781999945640564,0.4099999964237213,0.3880999982357025,0.37619999051094055,0.42419999837875366,0.39070001244544983,0.37630000710487366,0.3779999911785126,0.3785000145435333,0.3727000057697296,0.38670000433921814,0.39100000262260437,0.4092999994754791,0.4090000092983246,0.3986999988555908,0.42419999837875366,0.4088999927043915,0.4348999857902527,0.40310001373291016,0.4052000045776367,0.3855000138282776,0.39739999175071716,0.39590001106262207,0.40209999680519104,0.36570000648498535,0.4050999879837036,0.41990000009536743,0.41819998621940613,0.4058000147342682,0.39899998903274536,0.40689998865127563,0.41110000014305115,0.4239000082015991,0.41190001368522644,0.4043999910354614,0.4147000014781952,0.3968999981880188,0.4359000027179718,0.41530001163482666,0.41100001335144043,0.39079999923706055,0.4318000078201294,0.45489999651908875,0.4023999869823456,0.4196999967098236,0.3896999955177307,0.41940000653266907,0.35510000586509705,0.3878999948501587,0.43700000643730164,0.40959998965263367,0.3971000015735626,0.3935000002384186,0.41620001196861267,0.385699987411499,0.39500001072883606,0.41670000553131104,0.40799999237060547,0.39969998598098755,0.43389999866485596,0.4415999948978424,0.41690000891685486,0.4194999933242798,0.4334000051021576,0.3776000142097473,0.4253000020980835,0.3894999921321869,0.41760000586509705,0.42730000615119934,0.4081999957561493,0.398499995470047,0.4336000084877014,0.4345000088214874,0.4494999945163727,0.42750000953674316,0.42160001397132874,0.43059998750686646,0.3767000138759613,0.41359999775886536,0.4083999991416931,0.4027999937534332,0.43709999322891235,0.40529999136924744,0.38920000195503235,0.4106999933719635,0.421099990606308,0.42260000109672546,0.41530001163482666,0.43779999017715454,0.4235000014305115,0.4334999918937683,0.3871000111103058,0.44279998540878296,0.3944000005722046,0.421099990606308,0.4207000136375427,0.40549999475479126,0.4311000108718872,0.41449999809265137,0.45320001244544983,0.40529999136924744,0.42910000681877136,0.43700000643730164,0.42480000853538513,0.41769999265670776,0.4291999936103821,0.4065000116825104,0.4296000003814697,0.42899999022483826,0.4620000123977661,0.43630000948905945,0.41339999437332153,0.45399999618530273,0.42879998683929443,0.4169999957084656,0.4260999858379364,0.4440000057220459,0.41280001401901245,0.42489999532699585,0.4187999963760376,0.4372999966144562,0.42309999465942383,0.41679999232292175,0.41659998893737793,0.4474000036716461,0.38659998774528503,0.44040000438690186,0.4235999882221222,0.3917999863624573,0.3919000029563904,0.4034000039100647,0.39730000495910645,0.3878999948501587,0.42399999499320984,0.4140999913215637,0.41370001435279846,0.3598000109195709,0.42080000042915344,0.436599999666214,0.4390000104904175,0.41679999232292175,0.44510000944137573,0.4023999869823456,0.45170000195503235,0.4090000092983246,0.3862000107765198,0.4643999934196472,0.4237000048160553,0.44859999418258667,0.460999995470047,0.39739999175071716,0.39890000224113464,0.43479999899864197,0.4528999924659729,0.41429999470710754,0.40849998593330383,0.43880000710487366,0.45739999413490295,0.42989999055862427,0.448199987411499,0.48410001397132874,0.36160001158714294,0.45570001006126404,0.4442000091075897,0.43970000743865967,0.49540001153945923,0.42579999566078186,0.435699999332428,0.42160001397132874,0.4090999960899353,0.4277999997138977,0.4325999915599823,0.4327000081539154,0.4133000075817108,0.48170000314712524,0.46950000524520874,0.4586000144481659,0.4424999952316284,0.47760000824928284,0.4120999872684479,0.3986999988555908,0.48559999465942383,0.4401000142097473,0.45719999074935913,0.4097000062465668,0.3921000063419342,0.46540001034736633,0.46880000829696655,0.3840999901294708,0.3779999911785126,0.41679999232292175,0.45170000195503235,0.447299987077713,0.3984000086784363,0.4153999984264374,0.38040000200271606,0.3961000144481659,0.4129999876022339,0.44519999623298645,0.4603999853134155,0.4357999861240387,0.4097999930381775,0.39010000228881836,0.4440999925136566,0.4196000099182129,0.4090999960899353,0.4293999969959259,0.43369999527931213,0.39500001072883606,0.4237000048160553,0.41999998688697815,0.47609999775886536,0.399399995803833,0.45509999990463257,0.4065999984741211,0.46709999442100525,0.4722000062465668,0.4424999952316284,0.46070000529289246,0.482699990272522,0.45410001277923584,0.4650000035762787,0.44940000772476196,0.4115999937057495,0.4675000011920929,0.4415999948978424,0.46140000224113464,0.47940000891685486,0.42890000343322754,0.4462999999523163,0.46459999680519104,0.4275999963283539,0.414900004863739,0.4551999866962433,0.4244999885559082,0.41269999742507935,0.40720000863075256,0.4375,0.4034000039100647,0.4207000136375427,0.4544999897480011,0.44850000739097595,0.4171000123023987,0.43389999866485596,0.40950000286102295,0.398499995470047,0.435699999332428,0.4535999894142151,0.46549999713897705,0.45570001006126404,0.4553000032901764,0.44359999895095825,0.42089998722076416,0.48190000653266907,0.4708999991416931,0.4652000069618225,0.44600000977516174,0.41780000925064087,0.4480000138282776,0.4350000023841858,0.4494999945163727,0.45339998602867126,0.45660001039505005,0.4332999885082245,0.42489999532699585,0.4733000099658966,0.49570000171661377,0.46230000257492065,0.44029998779296875,0.47099998593330383,0.4652000069618225,0.4350000023841858,0.4359000027179718,0.4307999908924103,0.4440999925136566,0.447299987077713,0.4120999872684479,0.47269999980926514,0.4747999906539917,0.41690000891685486,0.4499000012874603,0.47110000252723694,0.43799999356269836,0.4133000075817108,0.4553999900817871,0.4684999883174896,0.44920000433921814,0.4447000026702881,0.4429999887943268,0.4584999978542328,0.4156999886035919,0.4595000147819519,0.46880000829696655,0.4440000057220459,0.421999990940094,0.4672999978065491,0.4745999872684479,0.46880000829696655,0.4778999984264374,0.45339998602867126,0.43869999051094055,0.48420000076293945,0.4431999921798706,0.4442000091075897,0.47450000047683716,0.46129998564720154,0.44609999656677246,0.45419999957084656,0.4668999910354614,0.42910000681877136,0.491100013256073,0.453000009059906,0.4745999872684479,0.4578999876976013,0.5076000094413757,0.43689998984336853,0.44920000433921814,0.4544000029563904,0.4713999927043915,0.4399000108242035,0.5,0.4650000035762787,0.46059998869895935,0.4088999927043915,0.4699000120162964,0.4377000033855438,0.4717999994754791,0.453000009059906,0.4634999930858612,0.42320001125335693,0.48820000886917114,0.4239000082015991,0.47130000591278076,0.45669999718666077,0.47200000286102295,0.4896000027656555,0.45350000262260437,0.4731999933719635,0.48539999127388,0.4472000002861023,0.46470001339912415,0.4244000017642975,0.4097000062465668,0.44350001215934753,0.447299987077713,0.47850000858306885,0.5515000224113464,0.5131999850273132,0.4787999987602234,0.4553000032901764,0.39890000224113464,0.4401000142097473,0.4699999988079071,0.5067999958992004,0.4740999937057495,0.4661000072956085,0.5266000032424927,0.46239998936653137,0.44920000433921814,0.4569999873638153,0.4821000099182129,0.4408999979496002,0.4481000006198883,0.4916999936103821,0.42879998683929443,0.4961000084877014,0.49309998750686646,0.44780001044273376,0.4844000041484833,0.45239999890327454,0.4681999981403351,0.4325999915599823,0.4943000078201294,0.4713999927043915,0.4722999930381775,0.42489999532699585,0.4733999967575073,0.4553999900817871,0.4875999987125397,0.5134000182151794,0.49779999256134033,0.4982999861240387,0.4683000147342682,0.45890000462532043,0.44780001044273376,0.4683000147342682,0.4860999882221222,0.49869999289512634,0.5020999908447266,0.4489000141620636,0.44670000672340393,0.41510000824928284,0.4359000027179718,0.5078999996185303,0.45879998803138733,0.4950999915599823,0.5335999727249146,0.43549999594688416,0.4381999969482422,0.46239998936653137,0.4708999991416931,0.45320001244544983,0.4578000009059906,0.4950999915599823,0.477400004863739,0.512499988079071,0.4851999878883362,0.4810999929904938,0.4991999864578247,0.44190001487731934,0.4918000102043152,0.46630001068115234,0.4657000005245209,0.4812000095844269,0.46389999985694885,0.5048999786376953,0.46709999442100525,0.4871000051498413,0.4706999957561493,0.4645000100135803,0.5037000179290771,0.4636000096797943,0.47269999980926514,0.48660001158714294,0.4864000082015991,0.4828999936580658,0.4853000044822693,0.5019999742507935,0.46880000829696655,0.45179998874664307,0.4717000126838684,0.46149998903274536,0.4171999990940094,0.45080000162124634,0.46309998631477356,0.4966000020503998,0.48579999804496765,0.45509999990463257,0.4902999997138977,0.5030999779701233,0.4832000136375427,0.4722999930381775,0.4878000020980835,0.489300012588501,0.4634000062942505,0.46650001406669617,0.45239999890327454,0.4729999899864197,0.5102999806404114,0.5059999823570251,0.4535999894142151,0.5001000165939331,0.4207000136375427,0.44130000472068787,0.47360000014305115,0.4230000078678131,0.4629000127315521,0.4853000044822693,0.4431999921798706,0.42080000042915344,0.48260000348091125,0.45509999990463257,0.5339000225067139,0.4641999900341034,0.4738999903202057,0.4839000105857849,0.4438999891281128,0.4562000036239624,0.5073999762535095,0.4754999876022339,0.4401000142097473,0.439300000667572,0.4805000126361847,0.4794999957084656,0.43869999051094055,0.39640000462532043,0.4803999960422516,0.46059998869895935,0.522599995136261,0.4641999900341034,0.47940000891685486,0.4715000092983246,0.45179998874664307,0.486299991607666,0.45260000228881836,0.47920000553131104,0.4562000036239624,0.43959999084472656,0.42640000581741333,0.5019999742507935,0.501800000667572,0.4893999993801117,0.4934000074863434,0.4530999958515167,0.46950000524520874,0.4803999960422516,0.45649999380111694,0.5146999955177307,0.3993000090122223,0.43959999084472656,0.4553000032901764,0.4733999967575073,0.4661000072956085,0.47699999809265137,0.5128999948501587,0.4413999915122986,0.4781000018119812,0.4952999949455261,0.4503999948501587,0.4595000147819519,0.41920000314712524,0.47769999504089355,0.46470001339912415,0.5117999911308289,0.45579999685287476,0.48069998621940613,0.450300008058548,0.4805999994277954,0.45080000162124634,0.4699000120162964,0.453900009393692,0.46209999918937683,0.47760000824928284,0.46470001339912415,0.4860000014305115,0.47699999809265137,0.49230000376701355,0.47119998931884766,0.4424999952316284,0.4729999899864197,0.4634000062942505,0.4675000011920929,0.4560000002384186,0.4417000114917755,0.4657000005245209,0.4526999890804291,0.4975000023841858,0.45100000500679016,0.460999995470047,0.4733000099658966,0.46140000224113464,0.4975999891757965,0.517799973487854,0.49570000171661377,0.4851999878883362,0.49900001287460327,0.5293999910354614,0.48410001397132874,0.43059998750686646,0.48030000925064087,0.475600004196167,0.4869000017642975,0.46790000796318054,0.4691999852657318,0.49000000953674316,0.43939998745918274,0.46129998564720154,0.49939998984336853,0.4997999966144562,0.4593000113964081,0.4903999865055084,0.486299991607666,0.46140000224113464,0.46320000290870667,0.4675999879837036,0.4964999854564667,0.4577000141143799,0.4691999852657318,0.4586000144481659,0.4722999930381775,0.4675999879837036,0.47690001130104065,0.4846999943256378,0.4846999943256378,0.5184000134468079,0.510699987411499,0.4657000005245209,0.4968999922275543,0.49410000443458557,0.48890000581741333,0.45750001072883606,0.45590001344680786,0.4596000015735626,0.48579999804496765,0.48100000619888306,0.43939998745918274,0.4587000012397766,0.46970000863075256,0.48190000653266907,0.4620000123977661,0.4966000020503998,0.476500004529953,0.5121999979019165,0.4645000100135803,0.5440999865531921,0.4984999895095825,0.4586000144481659,0.504800021648407,0.515500009059906,0.49939998984336853,0.4490000009536743,0.46860000491142273,0.4433000087738037,0.5098999738693237,0.46320000290870667,0.44519999623298645,0.46320000290870667,0.47279998660087585,0.47040000557899475,0.5092999935150146,0.46209999918937683,0.5375999808311462,0.4986000061035156,0.4860999882221222,0.5146999955177307,0.48809999227523804,0.4706000089645386,0.47519999742507935,0.4790000021457672,0.4675999879837036,0.4948999881744385,0.4645000100135803,0.4648999869823456,0.5006999969482422,0.4489000141620636,0.4860000014305115,0.4959999918937683,0.5109999775886536,0.45320001244544983,0.46950000524520874,0.5083000063896179,0.5141000151634216,0.5083000063896179,0.492000013589859,0.48649999499320984,0.45080000162124634,0.5077999830245972,0.4580000042915344,0.44269999861717224,0.49970000982284546,0.47780001163482666,0.48350000381469727,0.5311999917030334,0.47450000047683716,0.4788999855518341,0.5210000276565552,0.4645000100135803,0.420199990272522,0.4474000036716461,0.5324000120162964,0.4645000100135803,0.44609999656677246,0.4657999873161316,0.5181999802589417,0.5077999830245972,0.4708000123500824,0.5049999952316284,0.48969998955726624,0.4794999957084656,0.450300008058548,0.47279998660087585,0.48019999265670776,0.5016999840736389,0.4700999855995178,0.4564000070095062,0.48980000615119934,0.4731999933719635,0.48980000615119934,0.5094000101089478,0.48660001158714294,0.5054000020027161,0.4359000027179718,0.44510000944137573,0.4950999915599823,0.4699999988079071,0.4708999991416931,0.46959999203681946,0.49889999628067017,0.48829999566078186,0.4668999910354614,0.4586000144481659,0.4812999963760376,0.4878999888896942,0.4392000138759613,0.43299999833106995,0.4706999957561493,0.4487000107765198,0.4544999897480011,0.4620000123977661,0.4348999857902527,0.474700003862381,0.41339999437332153,0.5020999908447266,0.47940000891685486,0.5013999938964844,0.4814000129699707,0.4781999886035919,0.4691999852657318,0.4674000144004822,0.47940000891685486,0.49709999561309814,0.4587000012397766,0.47620001435279846,0.49810001254081726,0.4431000053882599,0.47540000081062317,0.4772000014781952,0.49459999799728394,0.49900001287460327,0.43970000743865967,0.47690001130104065,0.5059999823570251,0.49129998683929443,0.5271999835968018,0.5169000029563904,0.4925000071525574,0.45750001072883606,0.4779999852180481,0.4683000147342682,0.4871000051498413,0.522599995136261,0.4415000081062317,0.4456000030040741,0.45829999446868896,0.4853000044822693,0.48159998655319214,0.459199994802475,0.4587000012397766,0.4693000018596649,0.46399998664855957,0.477400004863739,0.4494999945163727,0.4984000027179718,0.4805000126361847,0.4779999852180481,0.4918000102043152,0.4722000062465668,0.5206000208854675,0.4690999984741211,0.4968000054359436,0.4178999960422516,0.45399999618530273,0.46560001373291016,0.4726000130176544,0.4505000114440918,0.45730000734329224,0.44440001249313354,0.5148000121116638,0.5094000101089478,0.414900004863739,0.5099999904632568,0.5159000158309937,0.5101000070571899,0.49129998683929443,0.48019999265670776,0.4474000036716461,0.44999998807907104,0.45660001039505005,0.4700999855995178,0.478300005197525,0.5187000036239624,0.5067999958992004,0.45019999146461487,0.5195000171661377,0.4722999930381775,0.46709999442100525,0.49239999055862427,0.48750001192092896,0.45260000228881836,0.4505999982357025,0.4855000078678131,0.4763000011444092,0.5242999792098999,0.5034999847412109,0.4722999930381775,0.44929999113082886,0.46219998598098755,0.44530001282691956,0.5153999924659729,0.5130000114440918,0.5182999968528748,0.4677000045776367,0.47369998693466187,0.46219998598098755,0.4837999939918518,0.4921000003814697,0.4650000035762787,0.4438000023365021,0.4650999903678894,0.4586000144481659,0.4821000099182129,0.47929999232292175,0.48739999532699585,0.48750001192092896,0.4422999918460846,0.45579999685287476,0.5056999921798706,0.4740000069141388,0.4196999967098236,0.45509999990463257,0.48260000348091125,0.5178999900817871,0.489300012588501,0.5116000175476074,0.4968999922275543,0.4580000042915344,0.49399998784065247,0.4925000071525574,0.4462999999523163,0.48489999771118164,0.4966999888420105,0.4747999906539917,0.4830999970436096,0.4846999943256378,0.49900001287460327,0.4375999867916107,0.4900999963283539,0.4406999945640564,0.5238999724388123,0.506600022315979,0.522599995136261,0.46939998865127563,0.46889999508857727,0.4584999978542328,0.5202999711036682,0.5494999885559082,0.45509999990463257,0.4634000062942505,0.48919999599456787,0.44679999351501465,0.4388999938964844,0.4429999887943268,0.4900999963283539,0.43309998512268066,0.48579999804496765,0.4489000141620636,0.4510999917984009,0.5041999816894531,0.4659999907016754,0.4699999988079071,0.4487000107765198,0.5094000101089478,0.43639999628067017,0.478300005197525,0.46050000190734863,0.5022000074386597,0.45879998803138733,0.49619999527931213,0.5374000072479248,0.4521999955177307,0.44999998807907104,0.4927999973297119,0.45210000872612,0.5217000246047974,0.44369998574256897,0.43130001425743103,0.45840001106262207,0.474700003862381,0.4729999899864197,0.4758000075817108,0.475600004196167,0.5196999907493591,0.5206999778747559,0.527899980545044,0.5109999775886536,0.5083000063896179,0.4690000116825104,0.4970000088214874,0.4916999936103821,0.42489999532699585,0.49050000309944153,0.508400022983551,0.541700005531311,0.5184999704360962,0.5013999938964844,0.4912000000476837,0.46219998598098755,0.46959999203681946,0.47290000319480896,0.5181999802589417,0.4702000021934509,0.482699990272522,0.4758000075817108,0.5260999798774719,0.5002999901771545,0.5131000280380249,0.4674000144004822,0.49050000309944153,0.4812999963760376,0.4814999997615814,0.4909000098705292,0.5023000240325928,0.5063999891281128,0.506600022315979,0.49619999527931213,0.47269999980926514,0.5214999914169312,0.48840001225471497,0.48019999265670776,0.49079999327659607,0.4943000078201294,0.5013999938964844,0.49880000948905945,0.519599974155426,0.4706000089645386,0.44679999351501465,0.46700000762939453,0.48089998960494995,0.4925000071525574,0.4733000099658966,0.46239998936653137,0.4438000023365021,0.47200000286102295,0.49970000982284546,0.4474000036716461,0.4239000082015991,0.4115999937057495,0.4410000145435333,0.4578999876976013,0.4959999918937683,0.4884999990463257,0.48010000586509705,0.459199994802475,0.5077999830245972,0.46549999713897705,0.4869999885559082,0.5008999705314636,0.5223000049591064,0.5392000079154968,0.4787999987602234,0.511900007724762,0.542900025844574,0.5038999915122986,0.47929999232292175,0.4959000051021576,0.525600016117096,0.4934999942779541,0.413100004196167,0.4948999881744385,0.48170000314712524,0.453000009059906,0.4424000084400177,0.503600001335144,0.48190000653266907,0.5318999886512756,0.4779999852180481,0.4650000035762787,0.4966000020503998,0.43779999017715454,0.510699987411499,0.4959999918937683,0.5101000070571899,0.5131999850273132,0.4894999861717224,0.5041000247001648,0.4823000133037567,0.4742000102996826,0.506600022315979,0.4104999899864197,0.46619999408721924,0.4880000054836273,0.5034999847412109,0.4726000130176544,0.49939998984336853,0.5196999907493591,0.4964999854564667,0.4982999861240387,0.5063999891281128,0.5394999980926514,0.46230000257492065,0.4683000147342682,0.4372999966144562,0.46540001034736633,0.46630001068115234,0.48179998993873596,0.4575999975204468,0.47859999537467957,0.4805000126361847,0.49050000309944153,0.3944999873638153,0.45210000872612,0.4478999972343445,0.4578999876976013,0.4178999960422516,0.4952999949455261,0.4352000057697296,0.46209999918937683,0.4593000113964081,0.4830000102519989,0.4684000015258789,0.5120000243186951,0.5231999754905701,0.48080000281333923,0.5291000008583069,0.4875999987125397,0.498199999332428,0.5101000070571899,0.47760000824928284,0.476500004529953,0.4560999870300293,0.4693000018596649,0.45969998836517334,0.41530001163482666,0.46869999170303345,0.4959999918937683,0.4593999981880188,0.45100000500679016,0.44999998807907104,0.47029998898506165,0.49219998717308044,0.5091999769210815,0.5170000195503235,0.44920000433921814,0.5148000121116638,0.4722000062465668,0.5491999983787537,0.48100000619888306,0.47519999742507935,0.42179998755455017,0.46790000796318054,0.5095999836921692,0.44510000944137573,0.4708999991416931,0.49459999799728394,0.44589999318122864,0.46950000524520874,0.5120000243186951,0.4885999858379364,0.4708000123500824,0.47620001435279846,0.45100000500679016,0.4562999904155731,0.5239999890327454,0.47099998593330383,0.5163000226020813,0.47769999504089355,0.49889999628067017,0.5097000002861023,0.4742000102996826,0.46230000257492065,0.44859999418258667,0.5141000151634216,0.43149998784065247,0.5238000154495239,0.4426000118255615,0.5239999890327454,0.4722999930381775,0.508899986743927,0.47290000319480896,0.44909998774528503,0.5062999725341797,0.44530001282691956,0.4839000105857849,0.45329999923706055,0.44760000705718994,0.4999000132083893,0.45509999990463257,0.4000000059604645,0.4530999958515167,0.5174000263214111,0.5041000247001648,0.4754999876022339,0.47360000014305115,0.4478999972343445,0.4375999867916107,0.475600004196167,0.4756999909877777,0.4318000078201294,0.4287000000476837,0.48350000381469727,0.4569000005722046,0.49540001153945923,0.46650001406669617,0.5170000195503235,0.4927999973297119,0.4706999957561493,0.4893999993801117,0.4724000096321106,0.41029998660087585,0.49070000648498535,0.4799000024795532,0.4675000011920929,0.4927000105381012,0.43720000982284546,0.4839000105857849,0.5181000232696533,0.4706000089645386,0.4894999861717224,0.4634000062942505,0.4611999988555908,0.5128999948501587,0.5151000022888184,0.5192999839782715,0.4544000029563904,0.4925000071525574,0.4945000112056732,0.4731999933719635,0.49470001459121704,0.5253000259399414,0.5097000002861023,0.4620000123977661,0.4832000136375427,0.4821999967098236,0.4235000014305115,0.45840001106262207,0.4300999939441681,0.5169000029563904,0.4999000132083893,0.4699000120162964,0.5178999900817871,0.46230000257492065,0.46720001101493835,0.4984999895095825,0.421999990940094,0.49720001220703125,0.4618000090122223,0.5026999711990356,0.4763000011444092,0.5059999823570251,0.49239999055862427,0.4108000099658966,0.4634999930858612,0.48559999465942383,0.5455999970436096,0.45829999446868896,0.46630001068115234,0.476500004529953,0.4383000135421753,0.4754999876022339,0.4404999911785126,0.515999972820282,0.5252000093460083,0.4603999853134155,0.46160000562667847,0.46140000224113464,0.47760000824928284,0.5281000137329102,0.43560001254081726,0.5027999877929688,0.5027999877929688,0.43779999017715454
0.46309998631477356,0.1500999927520752,0.1573999971151352,0.16050000488758087,0.15649999678134918,0.15629999339580536,0.15800000727176666,0.15039999783039093,0.15240000188350677,0.15080000460147858,0.1525000035762787,0.15690000355243683,0.1526000052690506,0.1517000049352646,0.14259999990463257,0.14869999885559082,0.15700000524520874,0.15950000286102295,0.15800000727176666,0.15790000557899475,0.14640000462532043,0.1451999992132187,0.14509999752044678,0.14550000429153442,0.14589999616146088,0.14350000023841858,0.14350000023841858,0.1453000009059906,0.14489999413490295,0.1462000012397766,0.15119999647140503,0.15160000324249268,0.13899999856948853,0.14380000531673431,0.15119999647140503,0.14399999380111694,0.1429000049829483,0.1477999985218048,0.15199999511241913,0.1437000036239624,0.14249999821186066,0.13760000467300415,0.1445000022649765,0.15610000491142273,0.14259999990463257,0.15000000596046448,0.14550000429153442,0.15109999477863312,0.14229999482631683,0.14329999685287476,0.14640000462532043,0.1476999968290329,0.14300000667572021,0.1387999951839447,0.1468999981880188,0.1460999995470047,0.1453000009059906,0.14569999277591705,0.1421000063419342,0.14749999344348907,0.14579999446868896,0.14560000598430634,0.14259999990463257,0.14910000562667847,0.14650000631809235,0.1412999927997589,0.14579999446868896,0.14910000562667847,0.1509000062942505,0.14880000054836273,0.14380000531673431,0.1454000025987625,0.14480000734329224,0.1429000049829483,0.14149999618530273,0.14920000731945038,0.14740000665187836,0.14489999413490295,0.15839999914169312,0.14920000731945038,0.15129999816417694,0.14380000531673431,0.14339999854564667,0.15279999375343323,0.14830000698566437,0.1468999981880188,0.15150000154972076,0.15000000596046448,0.1412000060081482,0.1467999964952469,0.14010000228881836,0.15060000121593475,0.14730000495910645,0.1395999938249588,0.1476999968290329,0.14509999752044678,0.14020000398159027,0.1468999981880188,0.15139999985694885,0.14749999344348907,0.14190000295639038,0.1501999944448471,0.14339999854564667,0.15230000019073486,0.1420000046491623,0.14949999749660492,0.14839999377727509,0.1421000063419342,0.1420000046491623,0.14790000021457672,0.1444000005722046,0.14079999923706055,0.14560000598430634,0.14869999885559082,0.14710000157356262,0.13779999315738678,0.15760000050067902,0.1404000073671341,0.14190000295639038,0.14579999446868896,0.1428000032901764,0.14390000700950623,0.1396999955177307,0.1476999968290329,0.14499999582767487,0.14959999918937683,0.14489999413490295,0.14669999480247498,0.14480000734329224,0.147599995136261,0.14159999787807465,0.14190000295639038,0.14139999449253082,0.13729999959468842,0.14990000426769257,0.1462000012397766,0.14830000698566437,0.14390000700950623,0.1460999995470047,0.14090000092983246,0.15150000154972076,0.13979999721050262,0.14800000190734863,0.14839999377727509,0.13950000703334808,0.14219999313354492,0.14800000190734863,0.14970000088214874,0.1436000019311905,0.14810000360012054,0.1420000046491623,0.15039999783039093,0.1500999927520752,0.148499995470047,0.15029999613761902,0.1477999985218048,0.1454000025987625,0.14409999549388885,0.14650000631809235,0.13760000467300415,0.1445000022649765,0.14659999310970306,0.14350000023841858,0.14329999685287476,0.14910000562667847,0.14229999482631683,0.1444000005722046,0.1436000019311905,0.14589999616146088,0.15279999375343323,0.14659999310970306,0.14079999923706055,0.14589999616146088,0.14229999482631683,0.1459999978542328,0.14800000190734863,0.14480000734329224,0.14730000495910645,0.14399999380111694,0.14659999310970306,0.14749999344348907,0.13860000669956207,0.14630000293254852,0.14309999346733093,0.15039999783039093,0.14980000257492065,0.15219999849796295,0.14740000665187836,0.1429000049829483,0.13910000026226044,0.14970000088214874,0.14180000126361847,0.15320000052452087,0.14550000429153442,0.1437000036239624,0.1421000063419342,0.1446000039577484,0.1542000025510788,0.14980000257492065,0.14399999380111694,0.13860000669956207,0.14720000326633453,0.14790000021457672,0.14159999787807465,0.1468999981880188,0.1518000066280365,0.14390000700950623,0.1459999978542328,0.14949999749660492,0.14839999377727509,0.14079999923706055,0.14480000734329224,0.14720000326633453,0.14270000159740448,0.14470000565052032,0.15070000290870667,0.14329999685287476,0.14489999413490295,0.14810000360012054,0.15029999613761902,0.14589999616146088,0.14169999957084656,0.14650000631809235,0.14339999854564667,0.15299999713897705,0.15649999678134918,0.14839999377727509,0.1451999992132187,0.14569999277591705,0.14419999718666077,0.1509999930858612,0.15070000290870667,0.14219999313354492,0.14720000326633453,0.14319999516010284,0.14110000431537628,0.14569999277591705,0.14790000021457672,0.147599995136261,0.14480000734329224,0.14239999651908875,0.1469999998807907,0.14669999480247498,0.13910000026226044,0.14270000159740448,0.1451999992132187,0.15189999341964722,0.148499995470047,0.148499995470047,0.14569999277591705,0.14550000429153442,0.15049999952316284,0.14390000700950623,0.1371999979019165,0.14350000023841858,0.1429000049829483,0.1469999998807907,0.14630000293254852,0.15729999542236328,0.1404000073671341,0.14079999923706055,0.14880000054836273,0.14720000326633453,0.14419999718666077,0.14249999821186066,0.14270000159740448,0.14830000698566437,0.14640000462532043,0.14159999787807465,0.13809999823570251,0.13930000364780426,0.1412000060081482,0.14169999957084656,0.14730000495910645,0.15289999544620514,0.14830000698566437,0.14880000054836273,0.1421000063419342,0.1454000025987625,0.1446000039577484,0.1509999930858612,0.14380000531673431,0.14509999752044678,0.14489999413490295,0.13809999823570251,0.14409999549388885,0.1467999964952469,0.15639999508857727,0.14589999616146088,0.1477999985218048,0.14869999885559082,0.14300000667572021,0.14910000562667847,0.14259999990463257,0.14869999885559082,0.14509999752044678,0.1476999968290329,0.1467999964952469,0.14399999380111694,0.1451999992132187,0.14669999480247498,0.14020000398159027,0.1462000012397766,0.1476999968290329,0.14749999344348907,0.14499999582767487,0.15309999883174896,0.1460999995470047,0.14569999277591705,0.14509999752044678,0.14429999887943268,0.15690000355243683,0.14259999990463257,0.1615999937057495,0.1421000063419342,0.1437000036239624,0.14380000531673431,0.14429999887943268,0.1445000022649765,0.14489999413490295,0.14790000021457672,0.15360000729560852,0.14100000262260437,0.14270000159740448,0.14810000360012054,0.14659999310970306,0.13519999384880066,0.14749999344348907,0.1395999938249588,0.13689999282360077,0.1468999981880188,0.14659999310970306,0.15080000460147858,0.14390000700950623,0.1459999978542328,0.1454000025987625,0.14489999413490295,0.15289999544620514,0.14329999685287476,0.14880000054836273,0.14710000157356262,0.14090000092983246,0.14820000529289246,0.14139999449253082,0.15129999816417694,0.14880000054836273,0.14749999344348907,0.14470000565052032,0.1437000036239624,0.1469999998807907,0.1509999930858612,0.1459999978542328,0.14669999480247498,0.15870000422000885,0.14329999685287476,0.14839999377727509,0.15060000121593475,0.13979999721050262,0.14749999344348907,0.1412999927997589,0.1437000036239624,0.14100000262260437,0.1404000073671341,0.14569999277591705,0.1404999941587448,0.15680000185966492,0.14319999516010284,0.14100000262260437,0.1476999968290329,0.1679999977350235,0.147599995136261,0.15620000660419464,0.14669999480247498,0.14139999449253082,0.14380000531673431,0.14509999752044678,0.13979999721050262,0.15530000627040863,0.1436000019311905,0.1525000035762787,0.15080000460147858,0.16779999434947968,0.17010000348091125,0.14429999887943268,0.16359999775886536,0.14959999918937683,0.14339999854564667,0.1467999964952469,0.14589999616146088,0.14790000021457672,0.156700000166893,0.16859999299049377,0.15710000693798065,0.14740000665187836,0.1688999980688095,0.14949999749660492,0.155799999833107,0.14970000088214874,0.14390000700950623,0.14720000326633453,0.14579999446868896,0.1453000009059906,0.149399995803833,0.15369999408721924,0.16339999437332153,0.1421000063419342,0.14190000295639038,0.15690000355243683,0.14489999413490295,0.14740000665187836,0.1543000042438507,0.14650000631809235,0.14489999413490295,0.14110000431537628,0.13699999451637268,0.1379999965429306,0.14180000126361847,0.15000000596046448,0.1437000036239624,0.1737000048160553,0.13519999384880066,0.14800000190734863,0.15690000355243683,0.14339999854564667,0.15800000727176666,0.1420000046491623,0.13819999992847443,0.16449999809265137,0.14270000159740448,0.14270000159740448,0.14749999344348907,0.13940000534057617,0.14100000262260437,0.14650000631809235,0.1451999992132187,0.13930000364780426,0.1559000015258789,0.15219999849796295,0.14650000631809235,0.14959999918937683,0.1412999927997589,0.13519999384880066,0.14300000667572021,0.1412000060081482,0.1476999968290329,0.14399999380111694,0.14810000360012054,0.1446000039577484,0.14020000398159027,0.14219999313354492,0.14659999310970306,0.14480000734329224,0.1459999978542328,0.13950000703334808,0.13950000703334808,0.14509999752044678,0.14509999752044678,0.1509999930858612,0.1451999992132187,0.16349999606609344,0.15189999341964722,0.14910000562667847,0.15139999985694885,0.14390000700950623,0.1467999964952469,0.1589999943971634,0.14630000293254852,0.14800000190734863,0.14830000698566437,0.1462000012397766,0.1468999981880188,0.14949999749660492,0.1421000063419342,0.13699999451637268,0.14319999516010284,0.1454000025987625,0.1477999985218048,0.16050000488758087,0.1500999927520752,0.14650000631809235,0.16599999368190765,0.14270000159740448,0.14890000224113464,0.14350000023841858,0.14509999752044678,0.1459999978542328,0.1477999985218048,0.148499995470047,0.15049999952316284,0.14579999446868896,0.15850000083446503,0.14800000190734863,0.1436000019311905,0.1446000039577484,0.1436000019311905,0.14839999377727509,0.15649999678134918,0.14800000190734863,0.13940000534057617,0.1445000022649765,0.14499999582767487,0.14740000665187836,0.15629999339580536,0.15639999508857727,0.1477999985218048,0.14820000529289246,0.13979999721050262,0.14270000159740448,0.14970000088214874,0.14970000088214874,0.148499995470047,0.1680999994277954,0.14890000224113464,0.1429000049829483,0.14579999446868896,0.15049999952316284,0.1550000011920929,0.1445000022649765,0.1468999981880188,0.1485999971628189,0.16110000014305115,0.1573999971151352,0.13940000534057617,0.1462000012397766,0.15189999341964722,0.156700000166893,0.1485999971628189,0.16009999811649323,0.14339999854564667,0.1446000039577484,0.1445000022649765,0.1712999939918518,0.14499999582767487,0.14059999585151672,0.1437000036239624,0.14579999446868896,0.14319999516010284,0.1412999927997589,0.1428000032901764,0.1404999941587448,0.16179999709129333,0.14329999685287476,0.16899999976158142,0.14329999685287476,0.14329999685287476,0.1363999992609024,0.1404999941587448,0.14830000698566437,0.1420000046491623,0.14970000088214874,0.1451999992132187,0.1454000025987625,0.14569999277591705,0.15530000627040863,0.14300000667572021,0.14169999957084656,0.14419999718666077,0.14910000562667847,0.1412000060081482,0.1462000012397766,0.1436000019311905,0.15610000491142273,0.14659999310970306,0.14839999377727509,0.1517000049352646,0.14020000398159027,0.13850000500679016,0.15800000727176666,0.15600000321865082,0.16519999504089355,0.14830000698566437,0.1429000049829483,0.148499995470047,0.14429999887943268,0.1404000073671341,0.1445000022649765,0.14030000567436218,0.15129999816417694,0.14470000565052032,0.14569999277591705,0.16359999775886536,0.14219999313354492,0.15459999442100525,0.1421000063419342,0.14329999685287476,0.14190000295639038,0.14180000126361847,0.15369999408721924,0.1378999948501587,0.14800000190734863,0.1451999992132187,0.14489999413490295,0.14090000092983246,0.13899999856948853,0.14749999344348907,0.14569999277591705,0.15119999647140503,0.1949000060558319,0.1451999992132187,0.14720000326633453,0.15760000050067902,0.14390000700950623,0.14880000054836273,0.14990000426769257,0.1451999992132187,0.14749999344348907,0.14169999957084656,0.14259999990463257,0.14830000698566437,0.1428000032901764,0.14749999344348907,0.14229999482631683,0.14800000190734863,0.15150000154972076,0.14249999821186066,0.14650000631809235,0.1501999944448471,0.14480000734329224,0.1518000066280365,0.1436000019311905,0.13860000669956207,0.1599999964237213,0.1396999955177307,0.14579999446868896,0.13860000669956207,0.14550000429153442,0.1420000046491623,0.14800000190734863,0.1467999964952469,0.14259999990463257,0.14890000224113464,0.14429999887943268,0.14480000734329224,0.1444000005722046,0.14560000598430634,0.1388999968767166,0.14499999582767487,0.14509999752044678,0.1444000005722046,0.14659999310970306,0.14740000665187836,0.15780000388622284,0.1446000039577484,0.155799999833107,0.1462000012397766,0.16290000081062317,0.14169999957084656,0.14869999885559082,0.14270000159740448,0.14749999344348907,0.17299999296665192,0.13809999823570251,0.14100000262260437,0.1476999968290329,0.14669999480247498,0.1469999998807907,0.1485999971628189,0.14319999516010284,0.14030000567436218,0.1445000022649765,0.14390000700950623,0.15109999477863312,0.14489999413490295,0.14820000529289246,0.18129999935626984,0.1509999930858612,0.14720000326633453,0.14470000565052032,0.1712999939918518,0.14910000562667847,0.14480000734329224,0.14550000429153442,0.14630000293254852,0.14399999380111694,0.14839999377727509,0.1467999964952469,0.14399999380111694,0.14569999277591705,0.1421000063419342,0.14059999585151672,0.1436000019311905,0.14309999346733093,0.14869999885559082,0.14110000431537628,0.14190000295639038,0.13979999721050262,0.1607999950647354,0.14640000462532043,0.1395999938249588,0.1436000019311905,0.14569999277591705,0.14259999990463257,0.14740000665187836,0.1437000036239624,0.15790000557899475,0.16699999570846558,0.15399999916553497,0.14390000700950623,0.14569999277591705,0.14710000157356262,0.14839999377727509,0.14020000398159027,0.14710000157356262,0.1517000049352646,0.14550000429153442,0.14550000429153442,0.14579999446868896,0.14219999313354492,0.1454000025987625,0.1460999995470047,0.14229999482631683,0.147599995136261,0.14990000426769257,0.14480000734329224,0.14550000429153442,0.14000000059604645,0.1420000046491623,0.1444000005722046,0.1459999978542328,0.1534000039100647,0.14010000228881836,0.1526000052690506,0.14429999887943268,0.18440000712871552,0.14550000429153442,0.1679999977350235,0.14300000667572021,0.14339999854564667,0.14640000462532043,0.14579999446868896,0.15440000593662262,0.1574999988079071,0.14820000529289246,0.14409999549388885,0.1436000019311905,0.14489999413490295,0.1445000022649765,0.15489999949932098,0.14920000731945038,0.1615999937057495,0.1679999977350235,0.1581999957561493,0.1444000005722046,0.1467999964952469,0.14059999585151672,0.15139999985694885,0.16030000150203705,0.1437000036239624,0.14669999480247498,0.14839999377727509,0.13860000669956207,0.1451999992132187,0.1453000009059906,0.14589999616146088,0.1599999964237213,0.1429000049829483,0.14810000360012054,0.1665000021457672,0.1453000009059906,0.1526000052690506,0.14560000598430634,0.1453000009059906,0.14069999754428864,0.14740000665187836,0.1429000049829483,0.14020000398159027,0.15070000290870667,0.14409999549388885,0.14579999446868896,0.14339999854564667,0.14350000023841858,0.15160000324249268,0.1429000049829483,0.14270000159740448,0.14069999754428864,0.1597999930381775,0.14069999754428864,0.16140000522136688,0.14229999482631683,0.14579999446868896,0.148499995470047,0.14839999377727509,0.147599995136261,0.1509000062942505,0.14509999752044678,0.1477999985218048,0.14350000023841858,0.14409999549388885,0.14139999449253082,0.15150000154972076,0.14399999380111694,0.14839999377727509,0.14589999616146088,0.1446000039577484,0.14839999377727509,0.147599995136261,0.15070000290870667,0.14720000326633453,0.14239999651908875,0.1485999971628189,0.1428000032901764,0.14259999990463257,0.14239999651908875,0.14920000731945038,0.14659999310970306,0.14509999752044678,0.149399995803833,0.14650000631809235,0.16910000145435333,0.14920000731945038,0.147599995136261,0.14010000228881836,0.15790000557899475,0.14710000157356262,0.16099999845027924,0.15189999341964722,0.15150000154972076,0.15809999406337738,0.16179999709129333,0.14740000665187836,0.14470000565052032,0.14480000734329224,0.1395999938249588,0.15940000116825104,0.14319999516010284,0.13729999959468842,0.149399995803833,0.14429999887943268,0.1468999981880188,0.14409999549388885,0.148499995470047,0.1436000019311905,0.1469999998807907,0.1363999992609024,0.17309999465942383,0.14630000293254852,0.1468999981880188,0.14110000431537628,0.15360000729560852,0.1445000022649765,0.14550000429153442,0.14749999344348907,0.14409999549388885,0.1485999971628189,0.1590999960899353,0.1453000009059906,0.1468999981880188,0.1535000056028366,0.14010000228881836,0.15559999644756317,0.1462000012397766,0.14139999449253082,0.13750000298023224,0.1467999964952469,0.181099995970726,0.1526000052690506,0.14350000023841858,0.15850000083446503,0.15530000627040863,0.15320000052452087,0.16740000247955322,0.15060000121593475,0.14839999377727509,0.1467999964952469,0.1598999947309494,0.1607999950647354,0.14239999651908875,0.14339999854564667,0.1460999995470047,0.1574999988079071,0.1582999974489212,0.14079999923706055,0.14489999413490295,0.14720000326633453,0.14270000159740448,0.15680000185966492,0.14640000462532043,0.15790000557899475,0.14319999516010284,0.1429000049829483,0.14419999718666077,0.14730000495910645,0.14990000426769257,0.14710000157356262,0.14339999854564667,0.15379999577999115,0.14990000426769257,0.14560000598430634,0.16030000150203705,0.14730000495910645,0.14419999718666077,0.14350000023841858,0.1445000022649765,0.14419999718666077,0.14970000088214874,0.1454000025987625,0.1476999968290329,0.14319999516010284,0.1444000005722046,0.147599995136261,0.16060000658035278,0.149399995803833,0.1582999974489212,0.15610000491142273,0.15620000660419464,0.15369999408721924,0.1704999953508377,0.15569999814033508,0.16850000619888306,0.14550000429153442,0.14030000567436218,0.16740000247955322,0.16670000553131104,0.16859999299049377,0.149399995803833,0.1518000066280365,0.14710000157356262,0.15760000050067902,0.15839999914169312,0.17110000550746918,0.15649999678134918,0.14800000190734863,0.1459999978542328,0.15880000591278076,0.13580000400543213,0.14480000734329224,0.15880000591278076,0.1412000060081482,0.14169999957084656,0.14669999480247498,0.16060000658035278,0.14820000529289246,0.14309999346733093,0.14309999346733093,0.15209999680519104,0.14059999585151672,0.14429999887943268,0.1454000025987625,0.1454000025987625,0.14390000700950623,0.1462000012397766,0.14390000700950623,0.1444000005722046,0.1454000025987625,0.15060000121593475,0.14630000293254852,0.14190000295639038,0.14169999957084656,0.15289999544620514,0.14869999885559082,0.14270000159740448,0.15119999647140503,0.14159999787807465,0.16060000658035278,0.14409999549388885,0.14390000700950623,0.1453000009059906,0.14139999449253082,0.14339999854564667,0.147599995136261,0.18389999866485596,0.14380000531673431,0.14579999446868896,0.15860000252723694,0.15129999816417694,0.14560000598430634,0.14640000462532043,0.14589999616146088,0.14630000293254852,0.15139999985694885,0.14650000631809235,0.14560000598430634,0.14830000698566437,0.1436000019311905,0.14219999313354492,0.1469999998807907,0.14470000565052032,0.1607999950647354,0.14550000429153442,0.1680999994277954,0.14059999585151672,0.14900000393390656,0.14470000565052032,0.14090000092983246,0.15289999544620514,0.15299999713897705,0.14409999549388885,0.1462000012397766,0.14390000700950623,0.14589999616146088,0.1467999964952469,0.14820000529289246,0.1420000046491623,0.14319999516010284,0.14659999310970306,0.14710000157356262,0.1467999964952469,0.14419999718666077,0.14380000531673431,0.14839999377727509,0.14259999990463257,0.14650000631809235,0.14959999918937683,0.13920000195503235,0.14749999344348907,0.1476999968290329,0.14399999380111694,0.14669999480247498,0.14970000088214874,0.15649999678134918,0.1468999981880188,0.14470000565052032,0.14550000429153442,0.14589999616146088,0.15449999272823334,0.1451999992132187,0.14380000531673431,0.13979999721050262,0.14429999887943268,0.14339999854564667,0.14499999582767487,0.1453000009059906,0.13840000331401825,0.14249999821186066,0.14339999854564667,0.1445000022649765,0.1459999978542328,0.15070000290870667,0.15119999647140503,0.14169999957084656,0.14740000665187836,0.14640000462532043,0.1412000060081482,0.14749999344348907,0.1459999978542328,0.14499999582767487,0.14499999582767487,0.14579999446868896,0.1460999995470047,0.1476999968290329,0.1453000009059906,0.1485999971628189,0.14390000700950623,0.14820000529289246,0.15410000085830688,0.15080000460147858,0.148499995470047,0.14560000598430634,0.14399999380111694,0.14640000462532043,0.14300000667572021,0.14820000529289246,0.1551000028848648,0.14100000262260437,0.14259999990463257,0.14489999413490295,0.1437000036239624,0.14820000529289246,0.14390000700950623,0.14509999752044678,0.1444000005722046,0.14949999749660492,0.1412999927997589,0.15459999442100525,0.14820000529289246,0.14300000667572021,0.14409999549388885,0.14499999582767487,0.1476999968290329,0.14990000426769257,0.14270000159740448,0.14020000398159027,0.14010000228881836,0.14710000157356262,0.14489999413490295,0.14730000495910645,0.14229999482631683,0.16060000658035278,0.1451999992132187,0.15459999442100525,0.15070000290870667,0.14740000665187836,0.1534000039100647,0.14970000088214874,0.1451999992132187,0.14630000293254852,0.1454000025987625,0.15060000121593475,0.14489999413490295,0.15360000729560852,0.1574999988079071,0.1421000063419342,0.14740000665187836,0.14869999885559082,0.14669999480247498,0.14149999618530273,0.1420000046491623,0.14810000360012054,0.1437000036239624,0.14499999582767487,0.1468999981880188,0.15060000121593475,0.14990000426769257,0.14959999918937683,0.14259999990463257,0.1388999968767166,0.14740000665187836,0.14309999346733093,0.13850000500679016,0.13830000162124634,0.1509999930858612,0.14550000429153442,0.14339999854564667,0.14509999752044678,0.1509000062942505,0.14550000429153442,0.14920000731945038,0.14830000698566437,0.14300000667572021,0.14949999749660492,0.14959999918937683,0.14730000495910645,0.13940000534057617,0.14640000462532043,0.14749999344348907,0.14710000157356262,0.1550000011920929,0.14339999854564667,0.1446000039577484,0.1485999971628189,0.14669999480247498,0.14380000531673431,0.14409999549388885,0.1462000012397766,0.1412999927997589,0.13950000703334808,0.14869999885559082,0.14169999957084656,0.1428000032901764,0.13860000669956207,0.1437000036239624,0.14730000495910645,0.14650000631809235,0.14810000360012054,0.1550000011920929,0.14839999377727509,0.14309999346733093,0.1454000025987625,0.14650000631809235,0.15279999375343323,0.1396999955177307,0.14920000731945038,0.14470000565052032,0.1467999964952469,0.14159999787807465,0.14259999990463257,0.14790000021457672,0.148499995470047,0.14720000326633453,0.14720000326633453,0.14970000088214874,0.14800000190734863,0.15279999375343323,0.14339999854564667,0.15109999477863312,0.14329999685287476,0.14090000092983246,0.14659999310970306,0.1459999978542328,0.1437000036239624,0.1543000042438507,0.14429999887943268,0.1429000049829483,0.15219999849796295,0.1500999927520752,0.14880000054836273,0.15469999611377716,0.14869999885559082,0.1451999992132187,0.14159999787807465,0.14319999516010284,0.14020000398159027,0.14990000426769257,0.1500999927520752,0.14169999957084656,0.1551000028848648,0.14480000734329224,0.14489999413490295,0.14710000157356262,0.14499999582767487,0.14319999516010284,0.1525000035762787,0.14329999685287476,0.15150000154972076,0.15039999783039093,0.14669999480247498,0.1477999985218048,0.15119999647140503,0.13770000636577606,0.14710000157356262,0.14219999313354492,0.14820000529289246,0.14470000565052032,0.14480000734329224,0.1477999985218048,0.1444000005722046,0.14300000667572021,0.14259999990463257,0.13920000195503235,0.14669999480247498,0.14640000462532043,0.1518000066280365,0.1436000019311905,0.1428000032901764,0.148499995470047,0.1421000063419342,0.14390000700950623,0.14669999480247498,0.14569999277591705,0.14959999918937683,0.1527000069618225,0.14489999413490295,0.14820000529289246,0.1485999971628189,0.14839999377727509,0.13809999823570251,0.14069999754428864,0.15440000593662262,0.14409999549388885,0.1412999927997589,0.1501999944448471,0.1525000035762787,0.14429999887943268,0.14149999618530273,0.14560000598430634,0.14489999413490295,0.14869999885559082,0.1462000012397766,0.14419999718666077,0.14309999346733093,0.14419999718666077,0.14329999685287476,0.1468999981880188,0.14480000734329224,0.14730000495910645,0.14890000224113464,0.14790000021457672,0.14890000224113464,0.15379999577999115,0.13989999890327454,0.1436000019311905,0.14920000731945038,0.14219999313354492,0.1469999998807907,0.1429000049829483,0.14749999344348907,0.14740000665187836,0.13680000603199005,0.14470000565052032,0.15070000290870667,0.15119999647140503,0.14589999616146088,0.14820000529289246,0.14730000495910645,0.14300000667572021,0.15710000693798065,0.14669999480247498,0.14630000293254852,0.1459999978542328,0.14419999718666077,0.1444000005722046,0.14640000462532043,0.14419999718666077,0.1468999981880188,0.14509999752044678,0.14419999718666077,0.1453000009059906,0.14350000023841858,0.14149999618530273,0.14669999480247498,0.14399999380111694,0.1404000073671341,0.14560000598430634,0.1404999941587448,0.1386999934911728,0.14659999310970306,0.1468999981880188,0.14990000426769257,0.14319999516010284,0.1500999927520752,0.14409999549388885,0.14110000431537628,0.13989999890327454,0.14869999885559082,0.13979999721050262,0.14329999685287476,0.1501999944448471,0.1451999992132187,0.1445000022649765,0.13989999890327454,0.14249999821186066,0.14869999885559082,0.1446000039577484,0.14100000262260437,0.14880000054836273,0.14480000734329224,0.14480000734329224,0.15000000596046448,0.14399999380111694,0.1467999964952469,0.1454000025987625,0.15199999511241913,0.1518000066280365,0.1453000009059906,0.14419999718666077,0.13819999992847443,0.15309999883174896,0.14470000565052032,0.148499995470047,0.14270000159740448,0.1446000039577484,0.14339999854564667,0.1467999964952469,0.15279999375343323,0.1429000049829483,0.14710000157356262,0.14790000021457672,0.1429000049829483,0.1477999985218048,0.14059999585151672,0.1428000032901764,0.1420000046491623,0.14589999616146088,0.14069999754428864,0.14229999482631683,0.14339999854564667,0.13989999890327454,0.14509999752044678,0.14980000257492065,0.14079999923706055,0.149399995803833,0.14509999752044678,0.14669999480247498,0.1421000063419342,0.14470000565052032,0.1420000046491623,0.1454000025987625,0.14589999616146088,0.1445000022649765,0.14409999549388885,0.1454000025987625,0.15139999985694885,0.14219999313354492,0.1428000032901764,0.1462000012397766,0.14030000567436218,0.14800000190734863,0.14470000565052032,0.1444000005722046,0.14810000360012054,0.15029999613761902,0.1459999978542328,0.1509999930858612,0.1429000049829483,0.14589999616146088,0.14749999344348907,0.14509999752044678,0.1469999998807907,0.1460999995470047,0.14429999887943268,0.14560000598430634,0.13760000467300415,0.15080000460147858,0.1436000019311905,0.1467999964952469,0.14059999585151672,0.1428000032901764,0.1460999995470047,0.14710000157356262,0.14409999549388885,0.1459999978542328,0.14550000429153442,0.149399995803833,0.14159999787807465,0.14959999918937683,0.1421000063419342,0.14169999957084656,0.1444000005722046,0.148499995470047,0.14419999718666077,0.148499995470047,0.14589999616146088,0.14589999616146088,0.1476999968290329,0.14499999582767487,0.14429999887943268,0.1421000063419342,0.1469999998807907,0.14499999582767487,0.14720000326633453,0.14560000598430634,0.14560000598430634,0.14579999446868896,0.14309999346733093,0.15129999816417694,0.1453000009059906,0.1428000032901764,0.14800000190734863,0.15029999613761902,0.15199999511241913,0.14159999787807465,0.1460999995470047,0.14380000531673431,0.14489999413490295,0.14309999346733093,0.15049999952316284,0.14569999277591705,0.14830000698566437,0.15029999613761902,0.14579999446868896,0.1453000009059906,0.14350000023841858,0.14579999446868896,0.1420000046491623,0.14390000700950623,0.1446000039577484,0.1437000036239624,0.14329999685287476,0.14229999482631683,0.15049999952316284,0.1501999944448471,0.1462000012397766,0.1476999968290329,0.1454000025987625,0.1485999971628189,0.14229999482631683,0.14499999582767487,0.1454000025987625,0.13910000026226044,0.14470000565052032,0.147599995136261,0.1454000025987625,0.1476999968290329,0.1477999985218048,0.14550000429153442,0.14710000157356262,0.1492999941110611,0.1501999944448471,0.1467999964952469,0.14350000023841858,0.14059999585151672,0.1468999981880188,0.14010000228881836,0.15039999783039093,0.15080000460147858,0.14409999549388885,0.1469999998807907,0.14869999885559082,0.1477999985218048,0.14339999854564667,0.1436000019311905,0.14749999344348907,0.14710000157356262,0.14159999787807465,0.14730000495910645,0.14090000092983246,0.1412999927997589,0.14579999446868896,0.14509999752044678,0.14990000426769257,0.14839999377727509,0.14509999752044678,0.14659999310970306,0.14489999413490295,0.14810000360012054,0.14489999413490295,0.14980000257492065,0.14810000360012054,0.1454000025987625,0.1420000046491623,0.14730000495910645,0.14669999480247498,0.1445000022649765,0.14720000326633453,0.14180000126361847,0.1437000036239624,0.1453000009059906,0.1444000005722046,0.14650000631809235,0.14409999549388885,0.1451999992132187,0.14020000398159027,0.14480000734329224,0.14339999854564667,0.1518000066280365,0.14880000054836273,0.14249999821186066,0.14329999685287476,0.14659999310970306,0.14249999821186066,0.14740000665187836,0.1437000036239624,0.1421000063419342,0.1477999985218048,0.14419999718666077,0.14429999887943268,0.1509999930858612,0.14659999310970306,0.1501999944448471,0.14499999582767487,0.14480000734329224,0.14100000262260437,0.14409999549388885,0.15049999952316284,0.14949999749660492,0.1446000039577484,0.14810000360012054,0.15139999985694885,0.1476999968290329,0.14489999413490295,0.14350000023841858,0.14550000429153442,0.14429999887943268,0.1437000036239624,0.14249999821186066,0.149399995803833,0.13689999282360077,0.1421000063419342,0.15150000154972076,0.14990000426769257,0.14229999482631683,0.15440000593662262,0.1444000005722046,0.14569999277591705,0.14980000257492065,0.14589999616146088,0.1459999978542328,0.14059999585151672,0.15160000324249268,0.14069999754428864,0.14730000495910645,0.15000000596046448,0.14219999313354492,0.1412999927997589,0.14300000667572021,0.1444000005722046,0.14390000700950623,0.1467999964952469,0.1446000039577484,0.14630000293254852,0.14550000429153442,0.13989999890327454,0.15060000121593475,0.1469999998807907,0.14020000398159027,0.1527000069618225,0.14800000190734863,0.14470000565052032,0.14470000565052032,0.14839999377727509,0.1453000009059906,0.14509999752044678,0.14380000531673431,0.14890000224113464,0.14579999446868896,0.1477999985218048,0.14470000565052032,0.13989999890327454,0.1428000032901764,0.1445000022649765,0.1412000060081482,0.1559000015258789,0.14100000262260437,0.15530000627040863,0.1462000012397766,0.1459999978542328,0.14090000092983246,0.148499995470047,0.14339999854564667,0.14499999582767487,0.14259999990463257,0.1451999992132187,0.1404000073671341,0.14229999482631683,0.14790000021457672,0.13979999721050262,0.14229999482631683,0.1509000062942505,0.14429999887943268,0.14589999616146088,0.14710000157356262,0.15029999613761902,0.1454000025987625,0.14990000426769257,0.14749999344348907,0.14319999516010284,0.14509999752044678,0.14429999887943268,0.147599995136261,0.14419999718666077,0.1446000039577484,0.14720000326633453,0.1437000036239624,0.14589999616146088,0.14390000700950623,0.1420000046491623,0.14159999787807465,0.14560000598430634,0.14579999446868896,0.14869999885559082,0.15109999477863312,0.14640000462532043,0.14730000495910645,0.14319999516010284,0.14100000262260437,0.14399999380111694,0.14309999346733093,0.15479999780654907,0.1542000025510788,0.14749999344348907,0.14470000565052032,0.1446000039577484,0.14669999480247498,0.14300000667572021,0.1454000025987625,0.14740000665187836,0.14820000529289246,0.14139999449253082,0.1437000036239624,0.14669999480247498,0.1436000019311905,0.14569999277591705,0.14509999752044678,0.14259999990463257,0.1437000036239624,0.1453000009059906,0.1446000039577484,0.14239999651908875,0.14560000598430634,0.1451999992132187,0.14110000431537628,0.14110000431537628,0.14630000293254852,0.14270000159740448,0.14790000021457672,0.1477999985218048,0.14830000698566437,0.1454000025987625,0.1509000062942505,0.15060000121593475,0.1477999985218048,0.14329999685287476,0.14319999516010284,0.14419999718666077,0.13809999823570251,0.14010000228881836,0.14820000529289246,0.14740000665187836,0.14419999718666077,0.14550000429153442,0.14890000224113464,0.15139999985694885,0.1551000028848648,0.14839999377727509,0.14239999651908875,0.14419999718666077,0.1451999992132187,0.14990000426769257,0.14139999449253082,0.14579999446868896,0.15049999952316284,0.14219999313354492,0.14959999918937683,0.14579999446868896,0.14380000531673431,0.14339999854564667,0.147599995136261,0.1509000062942505,0.14669999480247498,0.1492999941110611,0.1534000039100647,0.14180000126361847,0.14630000293254852,0.14480000734329224,0.14399999380111694,0.14720000326633453,0.14790000021457672,0.1459999978542328,0.1500999927520752,0.13940000534057617,0.1459999978542328,0.14910000562667847,0.14259999990463257,0.15129999816417694,0.14650000631809235,0.14020000398159027,0.14830000698566437,0.14869999885559082,0.14589999616146088,0.15129999816417694,0.14169999957084656,0.14409999549388885,0.14710000157356262,0.1437000036239624,0.14480000734329224,0.14480000734329224,0.14920000731945038,0.14569999277591705,0.1535000056028366,0.14149999618530273,0.14350000023841858,0.14669999480247498,0.14550000429153442,0.1420000046491623,0.14550000429153442,0.14350000023841858,0.14920000731945038,0.15209999680519104,0.14730000495910645,0.14229999482631683,0.1412000060081482,0.1420000046491623,0.1468999981880188,0.14509999752044678,0.1518000066280365,0.1429000049829483,0.1500999927520752,0.14399999380111694,0.1460999995470047,0.14339999854564667,0.14959999918937683,0.14350000023841858,0.14399999380111694,0.1469999998807907,0.14069999754428864,0.15379999577999115,0.14329999685287476,0.15199999511241913,0.14839999377727509,0.1492999941110611,0.1404000073671341,0.1462000012397766,0.14229999482631683,0.14720000326633453,0.14399999380111694,0.15080000460147858,0.14970000088214874,0.1462000012397766,0.14190000295639038,0.14720000326633453,0.14480000734329224,0.1446000039577484,0.1477999985218048,0.14980000257492065,0.15119999647140503,0.1412999927997589,0.14790000021457672,0.1429000049829483,0.14569999277591705,0.14239999651908875,0.1454000025987625,0.1525000035762787,0.14669999480247498,0.14800000190734863,0.1477999985218048,0.1386999934911728,0.14740000665187836,0.14959999918937683,0.14749999344348907,0.14139999449253082,0.14730000495910645,0.14820000529289246,0.1469999998807907,0.14910000562667847,0.13750000298023224,0.14010000228881836,0.1462000012397766,0.14579999446868896,0.14890000224113464,0.14480000734329224,0.13689999282360077,0.1467999964952469,0.1559000015258789,0.1446000039577484,0.14499999582767487,0.1477999985218048,0.14550000429153442,0.14480000734329224,0.14710000157356262,0.1462000012397766,0.15330000221729279,0.14180000126361847,0.14720000326633453,0.14740000665187836,0.15119999647140503,0.15109999477863312,0.14309999346733093,0.15080000460147858,0.14180000126361847,0.14010000228881836,0.1501999944448471,0.14669999480247498,0.14390000700950623,0.1509000062942505,0.14579999446868896,0.1436000019311905,0.14100000262260437,0.14550000429153442,0.147599995136261,0.1460999995470047,0.14949999749660492,0.15279999375343323,0.14219999313354492,0.1501999944448471,0.14560000598430634,0.14409999549388885,0.1421000063419342,0.14980000257492065,0.15080000460147858,0.15150000154972076,0.1459999978542328,0.14169999957084656,0.14820000529289246,0.15569999814033508,0.1476999968290329,0.14970000088214874,0.1429000049829483,0.14079999923706055,0.1462000012397766,0.14249999821186066,0.14749999344348907,0.14720000326633453,0.1485999971628189,0.15399999916553497,0.1454000025987625,0.148499995470047,0.14020000398159027,0.1518000066280365,0.14300000667572021,0.1446000039577484,0.14270000159740448,0.14139999449253082,0.14640000462532043,0.14669999480247498,0.1462000012397766,0.14329999685287476,0.14980000257492065,0.14970000088214874,0.14239999651908875,0.14229999482631683,0.15209999680519104,0.1476999968290329,0.1468999981880188,0.1445000022649765,0.1459999978542328,0.14589999616146088,0.14399999380111694,0.1446000039577484,0.14579999446868896,0.1501999944448471,0.14139999449253082,0.1492999941110611,0.14569999277591705,0.14869999885559082,0.15070000290870667,0.14740000665187836,0.14740000665187836,0.14959999918937683,0.14429999887943268,0.1485999971628189,0.15000000596046448,0.1451999992132187,0.14399999380111694,0.1451999992132187,0.14100000262260437,0.14139999449253082,0.14159999787807465,0.1421000063419342,0.14810000360012054,0.14079999923706055,0.14820000529289246,0.14219999313354492,0.14300000667572021,0.1485999971628189,0.14910000562667847,0.1436000019311905,0.1476999968290329,0.14190000295639038,0.1469999998807907,0.1477999985218048,0.1444000005722046,0.1485999971628189,0.1396999955177307,0.1436000019311905,0.1467999964952469,0.1509000062942505,0.14229999482631683,0.14339999854564667,0.14219999313354492,0.14300000667572021,0.15029999613761902,0.14910000562667847,0.1404999941587448,0.14180000126361847,0.1542000025510788,0.14740000665187836,0.1420000046491623,0.15320000052452087,0.14229999482631683,0.15240000188350677,0.14030000567436218,0.14350000023841858,0.1476999968290329,0.14339999854564667,0.14159999787807465,0.14740000665187836,0.1436000019311905,0.1501999944448471,0.14740000665187836,0.14419999718666077,0.14390000700950623,0.14589999616146088,0.14579999446868896,0.148499995470047,0.14489999413490295,0.14190000295639038,0.14900000393390656,0.14499999582767487,0.13979999721050262,0.14669999480247498,0.14630000293254852,0.15109999477863312,0.14319999516010284,0.15680000185966492,0.1469999998807907,0.14959999918937683,0.14270000159740448,0.1436000019311905,0.14869999885559082,0.13860000669956207,0.14920000731945038,0.14229999482631683,0.1446000039577484,0.14100000262260437,0.14149999618530273,0.14669999480247498,0.14659999310970306,0.14149999618530273,0.14669999480247498,0.14650000631809235,0.15070000290870667,0.1428000032901764,0.14579999446868896,0.14100000262260437,0.1444000005722046,0.14910000562667847,0.14579999446868896,0.147599995136261,0.14560000598430634,0.14800000190734863,0.14300000667572021,0.14419999718666077,0.14270000159740448,0.14059999585151672,0.14990000426769257,0.147599995136261,0.14650000631809235,0.1446000039577484,0.14749999344348907,0.1485999971628189,0.14390000700950623,0.14820000529289246,0.14970000088214874,0.15299999713897705,0.14550000429153442,0.1453000009059906,0.14579999446868896,0.14380000531673431,0.1462000012397766,0.14720000326633453,0.14589999616146088,0.1460999995470047,0.14749999344348907,0.1436000019311905,0.14869999885559082,0.14020000398159027,0.1404999941587448,0.1459999978542328,0.13760000467300415,0.14259999990463257,0.14830000698566437,0.14399999380111694,0.14229999482631683,0.15129999816417694,0.1421000063419342,0.14059999585151672,0.14579999446868896,0.14319999516010284,0.1454000025987625,0.1395999938249588
0.4399999976158142,0.32019999623298645,0.2558000087738037,0.2606000006198883,0.2646999955177307,0.2572999894618988,0.2605000138282776,0.26109999418258667,0.24699999392032623,0.25429999828338623,0.26019999384880066,0.2547000050544739,0.25920000672340393,0.26019999384880066,0.26080000400543213,0.26429998874664307,0.2630999982357025,0.2524999976158142,0.25940001010894775,0.2628999948501587,0.2524999976158142,0.2596000134944916,0.2628999948501587,0.26260000467300415,0.2547999918460846,0.2574000060558319,0.25099998712539673,0.26179999113082886,0.25940001010894775,0.262800008058548,0.2623000144958496,0.2614000141620636,0.2493000030517578,0.26750001311302185,0.2646999955177307,0.2549000084400177,0.24690000712871552,0.24279999732971191,0.26840001344680786,0.25459998846054077,0.25609999895095825,0.24330000579357147,0.26190000772476196,0.2565000057220459,0.25360000133514404,0.2540000081062317,0.24459999799728394,0.25119999051094055,0.24609999358654022,0.2535000145435333,0.24529999494552612,0.2556999921798706,0.2540999948978424,0.2517000138759613,0.25850000977516174,0.25209999084472656,0.24469999969005585,0.2515000104904175,0.25940001010894775,0.2451999932527542,0.24250000715255737,0.24799999594688416,0.24660000205039978,0.2538999915122986,0.24729999899864197,0.24500000476837158,0.24940000474452972,0.2459000051021576,0.2549000084400177,0.2567000091075897,0.2572000026702881,0.24809999763965607,0.2551000118255615,0.260699987411499,0.25870001316070557,0.24899999797344208,0.26109999418258667,0.25850000977516174,0.26420000195503235,0.25870001316070557,0.25029999017715454,0.2538999915122986,0.24889999628067017,0.249099999666214,0.25440001487731934,0.2621999979019165,0.2606000006198883,0.24529999494552612,0.2606000006198883,0.257999986410141,0.2508000135421753,0.24300000071525574,0.26089999079704285,0.25040000677108765,0.26109999418258667,0.251800000667572,0.24889999628067017,0.2551000118255615,0.2597000002861023,0.24289999902248383,0.2606000006198883,0.2451999932527542,0.2590999901294708,0.2623000144958496,0.24120000004768372,0.26600000262260437,0.25929999351501465,0.26030001044273376,0.25099998712539673,0.24959999322891235,0.24459999799728394,0.26330000162124634,0.26350000500679016,0.24500000476837158,0.2572999894618988,0.24869999289512634,0.2644999921321869,0.2612000107765198,0.2572999894618988,0.2502000033855438,0.2492000013589859,0.24729999899864197,0.2599000036716461,0.2574000060558319,0.26190000772476196,0.25870001316070557,0.2678000032901764,0.258899986743927,0.258899986743927,0.25360000133514404,0.257999986410141,0.25380000472068787,0.24050000309944153,0.25540000200271606,0.26669999957084656,0.2574999928474426,0.2671000063419342,0.2484000027179718,0.2614000141620636,0.257099986076355,0.26499998569488525,0.2556999921798706,0.25859999656677246,0.26440000534057617,0.25839999318122864,0.2599000036716461,0.24950000643730164,0.24300000071525574,0.26440000534057617,0.257099986076355,0.25130000710487366,0.24979999661445618,0.26420000195503235,0.26170000433921814,0.26100000739097595,0.25540000200271606,0.2467000037431717,0.2590999901294708,0.25459998846054077,0.2500999867916107,0.26269999146461487,0.24560000002384186,0.26339998841285706,0.2418999969959259,0.260699987411499,0.24320000410079956,0.25,0.2409999966621399,0.2590999901294708,0.2556999921798706,0.2524000108242035,0.2612999975681305,0.2590000033378601,0.2651999890804291,0.26100000739097595,0.2637999951839447,0.2517000138759613,0.251800000667572,0.24809999763965607,0.24269999563694,0.25200000405311584,0.26170000433921814,0.2535000145435333,0.2603999972343445,0.251800000667572,0.2689000070095062,0.26350000500679016,0.2653999924659729,0.24819999933242798,0.24609999358654022,0.2653000056743622,0.26260000467300415,0.26809999346733093,0.2612999975681305,0.26339998841285706,0.25699999928474426,0.25619998574256897,0.25699999928474426,0.26669999957084656,0.26159998774528503,0.24979999661445618,0.250900000333786,0.2630999982357025,0.24240000545978546,0.25760000944137573,0.25839999318122864,0.2500999867916107,0.2498999983072281,0.2549999952316284,0.26080000400543213,0.265500009059906,0.2467000037431717,0.24779999256134033,0.2524000108242035,0.26019999384880066,0.25060001015663147,0.2590000033378601,0.25110000371932983,0.26179999113082886,0.2554999887943268,0.2467000037431717,0.2578999996185303,0.26089999079704285,0.25699999928474426,0.2590000033378601,0.25850000977516174,0.26669999957084656,0.25699999928474426,0.2581999897956848,0.26269999146461487,0.27000001072883606,0.24740000069141388,0.26510000228881836,0.26019999384880066,0.2401999980211258,0.2558000087738037,0.2574999928474426,0.26170000433921814,0.2574999928474426,0.24740000069141388,0.2547999918460846,0.26969999074935913,0.25220000743865967,0.24330000579357147,0.2563000023365021,0.24420000612735748,0.2678999900817871,0.27070000767707825,0.2651999890804291,0.24539999663829803,0.2524999976158142,0.26019999384880066,0.25519999861717224,0.24940000474452972,0.2493000030517578,0.24899999797344208,0.25279998779296875,0.2542000114917755,0.25290000438690186,0.29330000281333923,0.2736999988555908,0.25920000672340393,0.2515999972820282,0.249099999666214,0.25,0.2718999981880188,0.2815000116825104,0.27900001406669617,0.2930999994277954,0.2678000032901764,0.30149999260902405,0.2651999890804291,0.2973000109195709,0.28110000491142273,0.2711000144481659,0.28439998626708984,0.27219998836517334,0.2578999996185303,0.2718999981880188,0.2476000040769577,0.2797999978065491,0.27549999952316284,0.2752000093460083,0.2538999915122986,0.2721000015735626,0.30300000309944153,0.27649998664855957,0.266400009393692,0.30550000071525574,0.30070000886917114,0.2800999879837036,0.2572000026702881,0.27469998598098755,0.29179999232292175,0.26249998807907104,0.2556999921798706,0.2782000005245209,0.24490000307559967,0.28459998965263367,0.2955999970436096,0.27459999918937683,0.3043999969959259,0.27459999918937683,0.29249998927116394,0.2799000144004822,0.2881999909877777,0.2985999882221222,0.28600001335144043,0.27379998564720154,0.2955999970436096,0.29170000553131104,0.2809000015258789,0.2840999960899353,0.262800008058548,0.29330000281333923,0.28200000524520874,0.2685999870300293,0.25429999828338623,0.2833000123500824,0.32589998841285706,0.2506999969482422,0.29829999804496765,0.23829999566078186,0.2680000066757202,0.29580000042915344,0.3276999890804291,0.28049999475479126,0.27070000767707825,0.30550000071525574,0.289900004863739,0.328900009393692,0.2937999963760376,0.2994999885559082,0.3280999958515167,0.32109999656677246,0.30790001153945923,0.3140999972820282,0.35109999775886536,0.32739999890327454,0.25290000438690186,0.27889999747276306,0.30070000886917114,0.3294000029563904,0.31139999628067017,0.3456000089645386,0.3199000060558319,0.33009999990463257,0.3133000135421753,0.3046000003814697,0.3246999979019165,0.3140999972820282,0.32260000705718994,0.30230000615119934,0.2644999921321869,0.34279999136924744,0.35510000586509705,0.34040001034736633,0.29120001196861267,0.28380000591278076,0.3025999963283539,0.3075999915599823,0.26440000534057617,0.3188999891281128,0.3506999909877777,0.26429998874664307,0.337799996137619,0.3188999891281128,0.3427000045776367,0.3375000059604645,0.3328000009059906,0.3370000123977661,0.3458999991416931,0.3528999984264374,0.2904999852180481,0.3382999897003174,0.3118000030517578,0.30410000681877136,0.34790000319480896,0.3483000099658966,0.3407000005245209,0.34060001373291016,0.3287999927997589,0.31369999051094055,0.3151000142097473,0.31520000100135803,0.3400999903678894,0.3264999985694885,0.33820000290870667,0.3125,0.33320000767707825,0.313400000333786,0.32100000977516174,0.3384999930858612,0.31529998779296875,0.31940001249313354,0.34360000491142273,0.3463999927043915,0.334199994802475,0.3540000021457672,0.3327000141143799,0.3361000120639801,0.3359000086784363,0.3310000002384186,0.31380000710487366,0.34549999237060547,0.3176000118255615,0.3005000054836273,0.33880001306533813,0.35040000081062317,0.3411000072956085,0.31459999084472656,0.34529998898506165,0.3483999967575073,0.3172000050544739,0.3248000144958496,0.33410000801086426,0.34610000252723694,0.3294999897480011,0.33320000767707825,0.3440000116825104,0.335999995470047,0.3089999854564667,0.3176000118255615,0.352400004863739,0.3068999946117401,0.3416000008583069,0.3301999866962433,0.33889999985694885,0.34279999136924744,0.33559998869895935,0.3370000123977661,0.34299999475479126,0.32440000772476196,0.334199994802475,0.32100000977516174,0.3321000039577484,0.32670000195503235,0.33480000495910645,0.3249000012874603,0.31929999589920044,0.31610000133514404,0.3398999869823456,0.3391000032424927,0.3384999930858612,0.3156000077724457,0.33489999175071716,0.3456999957561493,0.3497999906539917,0.3109999895095825,0.33489999175071716,0.2937000095844269,0.33550000190734863,0.3165999948978424,0.3458999991416931,0.3131999969482422,0.3370000123977661,0.3361999988555908,0.33180001378059387,0.3314000070095062,0.3181999921798706,0.34119999408721924,0.3147999942302704,0.3504999876022339,0.3411000072956085,0.3447999954223633,0.3504999876022339,0.314300000667572,0.34139999747276306,0.3391000032424927,0.33230000734329224,0.34310001134872437,0.3343000113964081,0.3328000009059906,0.335099995136261,0.33640000224113464,0.30880001187324524,0.33899998664855957,0.3174999952316284,0.3375000059604645,0.34439998865127563,0.3513000011444092,0.3481000065803528,0.33809998631477356,0.33809998631477356,0.35100001096725464,0.33550000190734863,0.35260000824928284,0.3377000093460083,0.31139999628067017,0.3100000023841858,0.30309998989105225,0.33660000562667847,0.32429999113082886,0.335099995136261,0.33970001339912415,0.33320000767707825,0.34700000286102295,0.3278000056743622,0.3411000072956085,0.313400000333786,0.3443000018596649,0.319599986076355,0.31380000710487366,0.323199987411499,0.34439998865127563,0.3124000132083893,0.3192000091075897,0.3292999863624573,0.3230000138282776,0.3411000072956085,0.3314000070095062,0.31779998540878296,0.3190000057220459,0.3391999900341034,0.3102000057697296,0.3370000123977661,0.35019999742507935,0.33090001344680786,0.32100000977516174,0.31060001254081726,0.3102000057697296,0.33009999990463257,0.3434000015258789,0.3506999909877777,0.3377000093460083,0.3070000112056732,0.349700003862381,0.3077000081539154,0.3402999937534332,0.33649998903274536,0.34389999508857727,0.32199999690055847,0.3409000039100647,0.34619998931884766,0.3327000141143799,0.33570000529289246,0.3046000003814697,0.2996000051498413,0.31540000438690186,0.3294999897480011,0.30300000309944153,0.31349998712539673,0.34369999170303345,0.34529998898506165,0.3476000130176544,0.337799996137619,0.33320000767707825,0.34060001373291016,0.28349998593330383,0.34060001373291016,0.335099995136261,0.34220001101493835,0.3443000018596649,0.2985000014305115,0.30239999294281006,0.3370000123977661,0.3400000035762787,0.33489999175071716,0.31630000472068787,0.36250001192092896,0.33230000734329224,0.3222000002861023,0.35440000891685486,0.3228999972343445,0.34860000014305115,0.3257000148296356,0.32519999146461487,0.3560999929904938,0.31139999628067017,0.3441999852657318,0.3634999990463257,0.37610000371932983,0.34279999136924744,0.35850000381469727,0.37369999289512634,0.34950000047683716,0.37470000982284546,0.37450000643730164,0.3521000146865845,0.3091000020503998,0.30320000648498535,0.3391000032424927,0.35089999437332153,0.3580999970436096,0.3626999855041504,0.37040001153945923,0.3264999985694885,0.3368000090122223,0.3517000079154968,0.3449999988079071,0.36800000071525574,0.36169999837875366,0.3693000078201294,0.3264000117778778,0.366100013256073,0.38670000433921814,0.37610000371932983,0.3723999857902527,0.34700000286102295,0.3043000102043152,0.33329999446868896,0.37310001254081726,0.3716999888420105,0.36329999566078186,0.3774000108242035,0.3122999966144562,0.33880001306533813,0.36469998955726624,0.36340001225471497,0.36820000410079956,0.3736000061035156,0.3589000105857849,0.3582000136375427,0.3580000102519989,0.3513000011444092,0.3747999966144562,0.3799000084400177,0.3481000065803528,0.35569998621940613,0.35190001130104065,0.37439998984336853,0.3393999934196472,0.3531999886035919,0.3743000030517578,0.34130001068115234,0.3698999881744385,0.3450999855995178,0.35370001196861267,0.3596999943256378,0.3822000026702881,0.37049999833106995,0.32910001277923584,0.375,0.36629998683929443,0.32710000872612,0.34929999709129333,0.3433000147342682,0.35740000009536743,0.3544999957084656,0.36570000648498535,0.3564999997615814,0.3610999882221222,0.35989999771118164,0.3564000129699707,0.3668999969959259,0.36719998717308044,0.3653999865055084,0.3790000081062317,0.36559998989105225,0.38499999046325684,0.3718000054359436,0.3732999861240387,0.3578000068664551,0.3677000105381012,0.36010000109672546,0.3718999922275543,0.3562000095844269,0.3675999939441681,0.35600000619888306,0.3499999940395355,0.3824000060558319,0.34290000796318054,0.3562000095844269,0.35100001096725464,0.3504999876022339,0.37279999256134033,0.37880000472068787,0.3587999939918518,0.36010000109672546,0.367900013923645,0.3425999879837036,0.3792000114917755,0.3431999981403351,0.359499990940094,0.36970001459121704,0.3158999979496002,0.37070000171661377,0.35249999165534973,0.36160001158714294,0.3822999894618988,0.36239999532699585,0.3686999976634979,0.34360000491142273,0.3528999984264374,0.35179999470710754,0.36899998784065247,0.3474000096321106,0.3578000068664551,0.35199999809265137,0.34689998626708984,0.29330000281333923,0.3691999912261963,0.3716999888420105,0.3799999952316284,0.3718000054359436,0.3531000018119812,0.3686999976634979,0.36489999294281006,0.3792000114917755,0.3528999984264374,0.3352000117301941,0.3637999892234802,0.3650999963283539,0.36800000071525574,0.35530000925064087,0.3472000062465668,0.33809998631477356,0.33629998564720154,0.3662000000476837,0.3474000096321106,0.3314000070095062,0.3691999912261963,0.3537999987602234,0.34380000829696655,0.365200012922287,0.35530000925064087,0.36320000886917114,0.3456000089645386,0.37619999051094055,0.3677999973297119,0.37689998745918274,0.3465999960899353,0.3643999993801117,0.35100001096725464,0.37599998712539673,0.3749000132083893,0.3497999906539917,0.3776000142097473,0.3203999996185303,0.375900000333786,0.32109999656677246,0.3573000133037567,0.34610000252723694,0.3614000082015991,0.3779999911785126,0.35530000925064087,0.3659999966621399,0.3499999940395355,0.3522000014781952,0.34119999408721924,0.3668999969959259,0.3555999994277954,0.36489999294281006,0.36629998683929443,0.3666999936103821,0.36730000376701355,0.35670000314712524,0.3808000087738037,0.34599998593330383,0.3424000144004822,0.35830000042915344,0.32280001044273376,0.35839998722076416,0.36250001192092896,0.3643999993801117,0.3596999943256378,0.36970001459121704,0.3508000075817108,0.36649999022483826,0.35749998688697815,0.36480000615119934,0.3725999891757965,0.3449000120162964,0.3488999903202057,0.3709999918937683,0.3797000050544739,0.3763999938964844,0.37389999628067017,0.38109999895095825,0.35850000381469727,0.36010000109672546,0.3684999942779541,0.3686000108718872,0.361299991607666,0.37790000438690186,0.36410000920295715,0.3425000011920929,0.37790000438690186,0.3587000072002411,0.357699990272522,0.30709999799728394,0.3790000081062317,0.35670000314712524,0.3230000138282776,0.35899999737739563,0.34459999203681946,0.38749998807907104,0.37709999084472656,0.37860000133514404,0.3903000056743622,0.3425999879837036,0.376800000667572,0.34439998865127563,0.3504999876022339,0.36419999599456787,0.37389999628067017,0.3490999937057495,0.36340001225471497,0.3271999955177307,0.3628999888896942,0.3828999996185303,0.36800000071525574,0.3668000102043152,0.3416999876499176,0.38179999589920044,0.3560999929904938,0.38609999418258667,0.36559998989105225,0.375,0.3625999987125397,0.3596000075340271,0.3587999939918518,0.34060001373291016,0.367000013589859,0.3571999967098236,0.3192000091075897,0.37610000371932983,0.397599995136261,0.400299996137619,0.3824999928474426,0.3659999966621399,0.3522999882698059,0.35850000381469727,0.3580000102519989,0.36880001425743103,0.3792000114917755,0.35690000653266907,0.39070001244544983,0.37279999256134033,0.3644999861717224,0.37209999561309814,0.3328999876976013,0.3427000045776367,0.39910000562667847,0.3952000141143799,0.39500001072883606,0.37790000438690186,0.36419999599456787,0.3952000141143799,0.3910999894142151,0.3815000057220459,0.37689998745918274,0.40950000286102295,0.3779999911785126,0.3646000027656555,0.38100001215934753,0.3409000039100647,0.3824999928474426,0.3950999975204468,0.3626999855041504,0.383899986743927,0.3950999975204468,0.3767000138759613,0.3765000104904175,0.3977000117301941,0.383899986743927,0.35100001096725464,0.42590001225471497,0.38019999861717224,0.35760000348091125,0.40610000491142273,0.38830000162124634,0.420199990272522,0.387800008058548,0.40070000290870667,0.3919000029563904,0.33180001378059387,0.40059998631477356,0.4068000018596649,0.35089999437332153,0.3970000147819519,0.36980000138282776,0.38370001316070557,0.39169999957084656,0.3993000090122223,0.38850000500679016,0.3544999957084656,0.3896999955177307,0.3801000118255615,0.4041000008583069,0.35280001163482666,0.3483999967575073,0.3813999891281128,0.3346000015735626,0.413100004196167,0.4083999991416931,0.3840999901294708,0.35519999265670776,0.4097000062465668,0.4074999988079071,0.3765999972820282,0.3817000091075897,0.38499999046325684,0.38659998774528503,0.37450000643730164,0.3905999958515167,0.39329999685287476,0.3587000072002411,0.39730000495910645,0.38850000500679016,0.375,0.412200003862381,0.3968000113964081,0.3799000084400177,0.3758000135421753,0.387800008058548,0.4009999930858612,0.38839998841285706,0.37929999828338623,0.3878999948501587,0.4027999937534332,0.3790000081062317,0.3849000036716461,0.3441999852657318,0.38029998540878296,0.3910999894142151,0.44040000438690186,0.3905999958515167,0.3865000009536743,0.3785000145435333,0.38040000200271606,0.3869999945163727,0.42289999127388,0.35339999198913574,0.39640000462532043,0.3903000056743622,0.38989999890327454,0.3846000134944916,0.3763999938964844,0.3783999979496002,0.3871000111103058,0.3939000070095062,0.4388999938964844,0.4004000127315521,0.38659998774528503,0.4162999987602234,0.3799999952316284,0.44020000100135803,0.4154999852180481,0.4212000072002411,0.4032999873161316,0.36039999127388,0.3905999958515167,0.37290000915527344,0.4237000048160553,0.382099986076355,0.43470001220703125,0.4431000053882599,0.3882000148296356,0.44909998774528503,0.40529999136924744,0.4147000014781952,0.38499999046325684,0.3982999920845032,0.37610000371932983,0.4104999899864197,0.42399999499320984,0.3971000015735626,0.3691999912261963,0.4377000033855438,0.39590001106262207,0.44690001010894775,0.3833000063896179,0.4293000102043152,0.41440001130104065,0.3885999917984009,0.4018999934196472,0.4129999876022339,0.42289999127388,0.3928000032901764,0.383899986743927,0.4309000074863434,0.39100000262260437,0.4375,0.413100004196167,0.44369998574256897,0.4113999903202057,0.4156999886035919,0.4320000112056732,0.41429999470710754,0.44359999895095825,0.4323999881744385,0.38029998540878296,0.4185999929904938,0.38100001215934753,0.3910999894142151,0.42500001192092896,0.4016999900341034,0.39739999175071716,0.42179998755455017,0.43369999527931213,0.37380000948905945,0.4666000008583069,0.4230000078678131,0.4413999915122986,0.361299991607666,0.4577000141143799,0.42100000381469727,0.48559999465942383,0.44940000772476196,0.4650000035762787,0.4408000111579895,0.4187000095844269,0.4715000092983246,0.4221000075340271,0.4090999960899353,0.4142000079154968,0.4564000070095062,0.4413999915122986,0.4284999966621399,0.45899999141693115,0.47519999742507935,0.45669999718666077,0.445499986410141,0.42899999022483826,0.4431999921798706,0.41679999232292175,0.46369999647140503,0.4381999969482422,0.4226999878883362,0.41920000314712524,0.41830000281333923,0.46160000562667847,0.42419999837875366,0.46369999647140503,0.46889999508857727,0.42329999804496765,0.46779999136924744,0.42480000853538513,0.42559999227523804,0.43630000948905945,0.43369999527931213,0.40540000796318054,0.4627000093460083,0.5303000211715698,0.4569000005722046,0.45660001039505005,0.4765999913215637,0.4823000133037567,0.46630001068115234,0.45500001311302185,0.45410001277923584,0.47859999537467957,0.4099000096321106,0.46299999952316284,0.4404999911785126,0.4648999869823456,0.4805999994277954,0.3977000117301941,0.4399999976158142,0.4641000032424927,0.5069000124931335,0.460999995470047,0.4738999903202057,0.4115999937057495,0.4187000095844269,0.41530001163482666,0.4593999981880188,0.45010000467300415,0.4602000117301941,0.48969998955726624,0.5004000067710876,0.4763999879360199,0.43619999289512634,0.48420000076293945,0.44290000200271606,0.46959999203681946,0.46299999952316284,0.4194999933242798,0.4595000147819519,0.5083000063896179,0.4187999963760376,0.5078999996185303,0.40149998664855957,0.477400004863739,0.45820000767707825,0.3763999938964844,0.45329999923706055,0.486299991607666,0.4668999910354614,0.48510000109672546,0.5008999705314636,0.4499000012874603,0.46700000762939453,0.5048999786376953,0.4706000089645386,0.4999000132083893,0.4666000008583069,0.4943000078201294,0.5292999744415283,0.5210999846458435,0.46790000796318054,0.499099999666214,0.46160000562667847,0.49570000171661377,0.4697999954223633,0.482699990272522,0.42890000343322754,0.42570000886917114,0.5246000289916992,0.4684999883174896,0.43860000371932983,0.5351999998092651,0.41519999504089355,0.5134000182151794,0.44780001044273376,0.49559998512268066,0.47380000352859497,0.4945000112056732,0.4564000070095062,0.48019999265670776,0.45179998874664307,0.5029000043869019,0.5077000260353088,0.48030000925064087,0.4823000133037567,0.48539999127388,0.45320001244544983,0.45669999718666077,0.4702000021934509,0.492000013589859,0.47540000081062317,0.49079999327659607,0.4320000112056732,0.5331000089645386,0.47530001401901245,0.4537999927997589,0.48539999127388,0.5091999769210815,0.5274999737739563,0.47029998898506165,0.478300005197525,0.507099986076355,0.5012999773025513,0.4916999936103821,0.4948999881744385,0.517300009727478,0.5328999757766724,0.47850000858306885,0.4837000072002411,0.49000000953674316,0.49779999256134033,0.4636000096797943,0.5098999738693237,0.5180000066757202,0.4975999891757965,0.49889999628067017,0.5453000068664551,0.5133000016212463,0.4553999900817871,0.5187000036239624,0.48649999499320984,0.46129998564720154,0.5019000172615051,0.5303999781608582,0.5135999917984009,0.5162000060081482,0.47780001163482666,0.5198000073432922,0.4934000074863434,0.5022000074386597,0.5019999742507935,0.5349000096321106,0.4781000018119812,0.4677000045776367,0.5307000279426575,0.45899999141693115,0.5350000262260437,0.5062000155448914,0.5148000121116638,0.48100000619888306,0.49070000648498535,0.5098999738693237,0.4828000068664551,0.4625000059604645,0.47609999775886536,0.5249000191688538,0.5205000042915344,0.5092999935150146,0.47609999775886536,0.5029000043869019,0.48840001225471497,0.44699999690055847,0.52920001745224,0.5486999750137329,0.5443000197410583,0.508400022983551,0.52920001745224,0.503000020980835,0.46889999508857727,0.45489999651908875,0.48100000619888306,0.43540000915527344,0.47769999504089355,0.47859999537467957,0.5583000183105469,0.5284000039100647,0.6085000038146973,0.5239999890327454,0.5307000279426575,0.49540001153945923,0.5045999884605408,0.49540001153945923,0.477400004863739,0.4982999861240387,0.5493999719619751,0.4684999883174896,0.5184000134468079,0.49230000376701355,0.4447999894618988,0.45750001072883606,0.4666000008583069,0.5281999707221985,0.47519999742507935,0.4643999934196472,0.5540000200271606,0.4674000144004822,0.5245000123977661,0.49309998750686646,0.4993000030517578,0.5031999945640564,0.5097000002861023,0.5109999775886536,0.49070000648498535,0.4973999857902527,0.52920001745224,0.5127000212669373,0.5092999935150146,0.4779999852180481,0.4984000027179718,0.4731000065803528,0.4823000133037567,0.5126000046730042,0.4771000146865845,0.4699000120162964,0.5001999735832214,0.4603999853134155,0.4659999907016754,0.4957999885082245,0.5437999963760376,0.5311999917030334,0.4239000082015991,0.4586000144481659,0.43720000982284546,0.5189999938011169,0.5321000218391418,0.46939998865127563,0.5095999836921692,0.5361999869346619,0.5370000004768372,0.5051000118255615,0.474700003862381,0.4851999878883362,0.5306000113487244,0.5102999806404114,0.476500004529953,0.4684999883174896,0.5027999877929688,0.5479999780654907,0.4361000061035156,0.4846000075340271,0.49709999561309814,0.5196999907493591,0.44839999079704285,0.5558000206947327,0.4966999888420105,0.5231999754905701,0.5126000046730042,0.4668000042438507,0.5418000221252441,0.5206999778747559,0.5313000082969666,0.49779999256134033,0.489300012588501,0.5630999803543091,0.5012999773025513,0.5357999801635742,0.5174999833106995,0.4851999878883362,0.48539999127388,0.46939998865127563,0.4932999908924103,0.5156000256538391,0.5367000102996826,0.508899986743927,0.517799973487854,0.5236999988555908,0.49939998984336853,0.4945000112056732,0.49320000410079956,0.5242999792098999,0.5443000197410583,0.517799973487854,0.4925999939441681,0.4706999957561493,0.48919999599456787,0.5012000203132629,0.49129998683929443,0.5051000118255615,0.5062999725341797,0.5286999940872192,0.4489000141620636,0.512499988079071,0.5175999999046326,0.44530001282691956,0.4641000032424927,0.5123000144958496,0.47530001401901245,0.49540001153945923,0.4787999987602234,0.5234000086784363,0.4706000089645386,0.48820000886917114,0.4848000109195709,0.48089998960494995,0.4717999994754791,0.5246000289916992,0.43860000371932983,0.4650000035762787,0.45570001006126404,0.4984000027179718,0.503600001335144,0.4959999918937683,0.4968000054359436,0.5177000164985657,0.4731999933719635,0.4803999960422516,0.48669999837875366,0.5149999856948853,0.4431999921798706,0.47999998927116394,0.5370000004768372,0.4934999942779541,0.5044000148773193,0.4943999946117401,0.476500004529953,0.4607999920845032,0.5649999976158142,0.504800021648407,0.5282999873161316,0.4431000053882599,0.4986000061035156,0.4691999852657318,0.46880000829696655,0.5338000059127808,0.49380001425743103,0.5289999842643738,0.47290000319480896,0.46219998598098755,0.4733999967575073,0.4650000035762787,0.4810999929904938,0.46309998631477356,0.4975999891757965,0.5271000266075134,0.4853000044822693,0.49140000343322754,0.45579999685287476,0.4690999984741211,0.5498999953269958,0.5174999833106995,0.5285000205039978,0.4943000078201294,0.4943000078201294,0.4562000036239624,0.4767000079154968,0.4526999890804291,0.4805000126361847,0.459199994802475,0.46630001068115234,0.5515999794006348,0.5174999833106995,0.478300005197525,0.5080999732017517,0.4699999988079071,0.4771000146865845,0.4875999987125397,0.5532000064849854,0.5437999963760376,0.5332000255584717,0.49570000171661377,0.4706000089645386,0.503000020980835,0.5439000129699707,0.5203999876976013,0.5045999884605408,0.5223000049591064,0.47839999198913574,0.45210000872612,0.46209999918937683,0.49079999327659607,0.5008000135421753,0.49540001153945923,0.4706000089645386,0.5135999917984009,0.49720001220703125,0.5307999849319458,0.46459999680519104,0.521399974822998,0.5184000134468079,0.5074999928474426,0.4999000132083893,0.4268999993801117,0.5476999878883362,0.503600001335144,0.5090000033378601,0.4968000054359436,0.5188999772071838,0.4959999918937683,0.5113999843597412,0.5299999713897705,0.4641999900341034,0.5393000245094299,0.49630001187324524,0.4740999937057495,0.4426000118255615,0.5364999771118164,0.5328999757766724,0.5099999904632568,0.4878000020980835,0.5069000124931335,0.4700999855995178,0.4496999979019165,0.5045999884605408,0.5062999725341797,0.504800021648407,0.5015000104904175,0.4885999858379364,0.4950999915599823,0.47909998893737793,0.5199999809265137,0.47279998660087585,0.48260000348091125,0.5293999910354614,0.5019000172615051,0.49320000410079956,0.46549999713897705,0.47749999165534973,0.504800021648407,0.4399000108242035,0.5336999893188477,0.5070000290870667,0.5241000056266785,0.4945000112056732,0.48739999532699585,0.5072000026702881,0.48019999265670776,0.48809999227523804,0.5235999822616577,0.5637000203132629,0.48069998621940613,0.5342000126838684,0.4790000021457672,0.536899983882904,0.5078999996185303,0.4293000102043152,0.5480999946594238,0.5231999754905701,0.4528000056743622,0.4860999882221222,0.48649999499320984,0.5281999707221985,0.5254999995231628,0.5450000166893005,0.45500001311302185,0.5174999833106995,0.5041000247001648,0.4851999878883362,0.5370000004768372,0.5047000050544739,0.574999988079071,0.5475000143051147,0.4672999978065491,0.5630000233650208,0.454800009727478,0.5317000150680542,0.5249999761581421,0.49939998984336853,0.4797999858856201,0.5019000172615051,0.5026000142097473,0.5091000199317932,0.5116000175476074,0.5115000009536743,0.5364999771118164,0.4772999882698059,0.49239999055862427,0.5414999723434448,0.5051000118255615,0.5378999710083008,0.557200014591217,0.5659999847412109,0.5770000219345093,0.534500002861023,0.4519999921321869,0.48019999265670776,0.4747999906539917,0.48919999599456787,0.5374000072479248,0.4869000017642975,0.5658000111579895,0.5573999881744385,0.4844000041484833,0.5249000191688538,0.49300000071525574,0.48489999771118164,0.4259999990463257,0.4812999963760376,0.5131000280380249,0.49390000104904175,0.5511000156402588,0.5285000205039978,0.5425999760627747,0.5213000178337097,0.558899998664856,0.5285000205039978,0.5188999772071838,0.4717999994754791,0.4909000098705292,0.4880000054836273,0.5146999955177307,0.5004000067710876,0.538100004196167,0.435699999332428,0.5144000053405762,0.48330000042915344,0.5055000185966492,0.5473999977111816,0.4805999994277954,0.48260000348091125,0.48649999499320984,0.4790000021457672,0.5083000063896179,0.513700008392334,0.5425999760627747,0.5013999938964844,0.5218999981880188,0.5253999829292297,0.4781999886035919,0.47859999537467957,0.4936000108718872,0.4814000129699707,0.45419999957084656,0.5105000138282776,0.5105999708175659,0.4952999949455261,0.5116999745368958,0.5095999836921692,0.503000020980835,0.5005999803543091,0.4975999891757965,0.4970000088214874,0.5034000277519226,0.4684999883174896,0.4562999904155731,0.4713999927043915,0.47209998965263367,0.4851999878883362,0.49129998683929443,0.5113999843597412,0.5339999794960022,0.5059999823570251,0.47850000858306885,0.4855000078678131,0.5547999739646912,0.4934999942779541,0.5149000287055969,0.5504999756813049,0.48500001430511475,0.5081999897956848,0.5268999934196472,0.5056999921798706,0.4657000005245209,0.5248000025749207,0.4343999922275543,0.486299991607666,0.5002999901771545,0.47029998898506165,0.5575000047683716,0.5145999789237976,0.5029000043869019,0.4575999975204468,0.49570000171661377,0.5245000123977661,0.49939998984336853,0.4724999964237213,0.4855000078678131,0.5216000080108643,0.5357000231742859,0.5091000199317932,0.5245000123977661,0.5378999710083008,0.42800000309944153,0.46720001101493835,0.5401999950408936,0.49630001187324524,0.5178999900817871,0.4982999861240387,0.47589999437332153,0.46619999408721924,0.4927999973297119,0.492900013923645,0.5252000093460083,0.5073999762535095,0.5231000185012817,0.4722999930381775,0.5182999968528748,0.5213000178337097,0.4717000126838684,0.5192999839782715,0.5449000000953674,0.48170000314712524,0.47519999742507935,0.4900999963283539,0.5184999704360962,0.487199991941452,0.45210000872612,0.4740000069141388,0.48249998688697815,0.5310999751091003,0.5715000033378601,0.43700000643730164,0.5378999710083008,0.5123999714851379,0.5131000280380249,0.5067999958992004,0.5076000094413757,0.4984999895095825,0.5472000241279602,0.5217000246047974,0.4893999993801117,0.5532000064849854,0.49950000643730164,0.48649999499320984,0.5185999870300293,0.49939998984336853,0.5095000267028809,0.535099983215332,0.579800009727478,0.5684999823570251,0.5056999921798706,0.5600000023841858,0.39329999685287476,0.5151000022888184,0.553600013256073,0.4885999858379364,0.5059000253677368,0.4672999978065491,0.49779999256134033,0.5220000147819519,0.5493999719619751,0.508400022983551,0.5372999906539917,0.5396999716758728,0.5293999910354614,0.5181000232696533,0.5170999765396118,0.5001000165939331,0.5098000168800354,0.5472999811172485,0.5224999785423279,0.5128999948501587,0.4674000144004822,0.5429999828338623,0.48159998655319214,0.5224000215530396,0.5360999703407288,0.48190000653266907,0.5128999948501587,0.4788999855518341,0.4860000014305115,0.4544999897480011,0.5205000042915344,0.5414000153541565,0.48410001397132874,0.46939998865127563,0.5134999752044678,0.5677000284194946,0.5019000172615051,0.5146999955177307,0.5489000082015991,0.4991999864578247,0.5156000256538391,0.5098000168800354,0.5080000162124634,0.4921000003814697,0.5625,0.49470001459121704,0.5220000147819519,0.5598999857902527,0.538100004196167,0.5916000008583069,0.519599974155426,0.5196999907493591,0.5120000243186951,0.47519999742507935,0.5407999753952026,0.4681999981403351,0.5135999917984009,0.5462999939918518,0.492000013589859,0.531000018119812,0.49470001459121704,0.5547000169754028,0.4731000065803528,0.5410000085830688,0.48500001430511475,0.5338000059127808,0.4499000012874603,0.46860000491142273,0.5515000224113464,0.48980000615119934,0.5892000198364258,0.5372999906539917,0.4575999975204468,0.4878999888896942,0.46939998865127563,0.5160999894142151,0.4957999885082245,0.48590001463890076,0.4993000030517578,0.49810001254081726,0.4966000020503998,0.542900025844574,0.5564000010490417,0.5748999714851379,0.507099986076355,0.538100004196167,0.4950000047683716,0.5325999855995178,0.5824000239372253,0.5097000002861023,0.525600016117096,0.5321000218391418,0.5426999926567078,0.4794999957084656,0.5060999989509583,0.519599974155426,0.5224999785423279,0.5188999772071838,0.5340999960899353,0.5123999714851379,0.5561000108718872,0.5216000080108643,0.5200999975204468,0.508899986743927,0.5067999958992004,0.5056999921798706,0.4921000003814697,0.4700999855995178,0.4690999984741211,0.5109999775886536,0.5123999714851379,0.5480999946594238,0.5421000123023987,0.5131999850273132,0.5169000029563904,0.5196999907493591,0.5026999711990356,0.508400022983551,0.525600016117096,0.5246999859809875,0.5123999714851379,0.48840001225471497,0.5152999758720398,0.5379999876022339,0.5418000221252441,0.4948999881744385,0.5468999743461609,0.5296000242233276,0.49970000982284546,0.5138000249862671,0.5220000147819519,0.44020000100135803,0.5184000134468079,0.4900999963283539,0.4860000014305115,0.5044000148773193,0.5157999992370605,0.5267999768257141,0.554099977016449,0.5214999914169312,0.5121999979019165,0.5537999868392944,0.5080999732017517,0.5364000201225281,0.5153999924659729,0.5877000093460083,0.5442000031471252,0.5356000065803528,0.52920001745224,0.5189999938011169,0.48829999566078186,0.5199999809265137,0.5027999877929688,0.5353999733924866,0.5074999928474426,0.5307999849319458,0.5468999743461609,0.47290000319480896,0.526199996471405,0.5123999714851379,0.4984999895095825,0.4932999908924103,0.5253999829292297,0.4984000027179718,0.46129998564720154,0.49540001153945923,0.4578999876976013,0.5468999743461609,0.49300000071525574,0.5177000164985657,0.4961000084877014,0.5088000297546387,0.5375999808311462,0.5013999938964844,0.5335999727249146,0.4490000009536743,0.49309998750686646,0.5454999804496765,0.5289000272750854,0.5198000073432922,0.5799000263214111,0.49470001459121704,0.5361999869346619,0.48570001125335693,0.47360000014305115,0.5440000295639038,0.447299987077713,0.49079999327659607,0.5246999859809875,0.44909998774528503,0.476500004529953,0.5128999948501587,0.46779999136924744,0.510200023651123,0.5461999773979187,0.4771000146865845,0.4657000005245209,0.5231999754905701,0.4805999994277954,0.5044000148773193,0.5378999710083008,0.5115000009536743,0.4715999960899353,0.4575999975204468,0.4984999895095825,0.5586000084877014,0.4740000069141388,0.4293000102043152,0.4618000090122223,0.5029000043869019,0.5327000021934509,0.5590999722480774,0.5121999979019165,0.4724999964237213,0.4390999972820282,0.504800021648407,0.5156999826431274,0.47690001130104065,0.5164999961853027,0.5299999713897705,0.5024999976158142,0.5472999811172485,0.4855000078678131,0.5357000231742859,0.4936000108718872,0.4596000015735626,0.5464000105857849,0.5913000106811523,0.5443999767303467,0.5060999989509583,0.5422000288963318,0.5156000256538391,0.5591999888420105,0.559499979019165,0.5436999797821045,0.557200014591217,0.5370000004768372,0.48669999837875366,0.4961000084877014,0.5385000109672546,0.5493999719619751,0.5465999841690063,0.5539000034332275,0.5572999715805054,0.5062999725341797,0.550000011920929,0.5338000059127808,0.5636000037193298,0.5170999765396118,0.5552999973297119,0.491100013256073,0.5248000025749207,0.5884000062942505,0.5418999791145325,0.5015000104904175,0.49900001287460327,0.48820000886917114,0.54339998960495,0.5277000069618225,0.4896000027656555,0.5884000062942505,0.5365999937057495,0.5626000165939331,0.5296000242233276,0.5572999715805054,0.5385000109672546,0.532800018787384,0.576200008392334,0.5142999887466431,0.5126000046730042,0.503000020980835,0.510699987411499,0.5264999866485596,0.5415999889373779,0.5325999855995178,0.5023999810218811,0.5550000071525574,0.5295000076293945,0.5389000177383423,0.5523999929428101,0.49000000953674316,0.4934999942779541,0.5234000086784363,0.5414999723434448,0.5406000018119812,0.5116999745368958,0.5216000080108643,0.475600004196167,0.5016000270843506,0.4925999939441681,0.5084999799728394,0.4699000120162964,0.4950999915599823,0.4586000144481659,0.486299991607666,0.522599995136261,0.5386999845504761,0.5026999711990356,0.5443999767303467,0.49889999628067017,0.49320000410079956,0.5756000280380249,0.4871000051498413,0.49480000138282776,0.4697999954223633,0.45669999718666077,0.5489000082015991,0.4740999937057495,0.46230000257492065,0.5346999764442444,0.4945000112056732,0.5126000046730042,0.5564000010490417,0.5199000239372253,0.49950000643730164,0.5735999941825867,0.539900004863739,0.5389999747276306,0.5583000183105469,0.5756000280380249,0.4699000120162964,0.5115000009536743,0.508400022983551,0.5295000076293945,0.5252000093460083,0.4677000045776367,0.5206000208854675,0.5401999950408936,0.5852000117301941,0.5239999890327454,0.4982999861240387,0.546999990940094,0.5246999859809875,0.5157999992370605,0.5442000031471252,0.508400022983551,0.5056999921798706,0.453900009393692,0.5080999732017517,0.5856000185012817,0.5094000101089478,0.5242999792098999,0.5162000060081482,0.5062000155448914,0.49720001220703125,0.49900001287460327,0.4936000108718872,0.4959999918937683,0.5175999999046326,0.5084999799728394,0.5418000221252441,0.5512999892234802,0.5116000175476074,0.5235999822616577,0.48510000109672546,0.47769999504089355,0.5324000120162964,0.5109999775886536
0.4650000035762787,0.14810000360012054,0.15119999647140503,0.16050000488758087,0.16009999811649323,0.1550000011920929,0.16050000488758087,0.15119999647140503,0.14869999885559082,0.15649999678134918,0.15690000355243683,0.15919999778270721,0.15230000019073486,0.1573999971151352,0.14350000023841858,0.15790000557899475,0.15839999914169312,0.15389999747276306,0.1599999964237213,0.15639999508857727,0.1590999960899353,0.15790000557899475,0.15919999778270721,0.14839999377727509,0.15320000052452087,0.1476999968290329,0.13979999721050262,0.14090000092983246,0.14790000021457672,0.14659999310970306,0.14390000700950623,0.15360000729560852,0.13359999656677246,0.14920000731945038,0.16689999401569366,0.14499999582767487,0.14550000429153442,0.1446000039577484,0.15080000460147858,0.13950000703334808,0.14069999754428864,0.14190000295639038,0.1462000012397766,0.15520000457763672,0.1428000032901764,0.15049999952316284,0.14309999346733093,0.1476999968290329,0.14640000462532043,0.1436000019311905,0.1436000019311905,0.14180000126361847,0.13989999890327454,0.1436000019311905,0.14669999480247498,0.14239999651908875,0.14800000190734863,0.1462000012397766,0.15000000596046448,0.14390000700950623,0.14579999446868896,0.14890000224113464,0.14339999854564667,0.14820000529289246,0.147599995136261,0.14390000700950623,0.14589999616146088,0.14300000667572021,0.14640000462532043,0.1477999985218048,0.14470000565052032,0.14650000631809235,0.14920000731945038,0.1469999998807907,0.1420000046491623,0.1462000012397766,0.1534000039100647,0.14830000698566437,0.1597999930381775,0.1476999968290329,0.15449999272823334,0.1518000066280365,0.14329999685287476,0.14869999885559082,0.14669999480247498,0.14550000429153442,0.15109999477863312,0.14219999313354492,0.14830000698566437,0.1451999992132187,0.1446000039577484,0.14139999449253082,0.1412000060081482,0.14489999413490295,0.1462000012397766,0.148499995470047,0.1485999971628189,0.14830000698566437,0.1437000036239624,0.15070000290870667,0.14640000462532043,0.14399999380111694,0.1445000022649765,0.15289999544620514,0.14079999923706055,0.14470000565052032,0.14730000495910645,0.14810000360012054,0.14409999549388885,0.14180000126361847,0.14550000429153442,0.14300000667572021,0.14740000665187836,0.14820000529289246,0.14390000700950623,0.14239999651908875,0.16019999980926514,0.14480000734329224,0.15160000324249268,0.14839999377727509,0.14229999482631683,0.14339999854564667,0.13600000739097595,0.1404000073671341,0.15469999611377716,0.14300000667572021,0.15139999985694885,0.1453000009059906,0.1468999981880188,0.1454000025987625,0.14249999821186066,0.13989999890327454,0.1460999995470047,0.14229999482631683,0.14980000257492065,0.1437000036239624,0.14959999918937683,0.14329999685287476,0.14560000598430634,0.1420000046491623,0.14910000562667847,0.13910000026226044,0.14980000257492065,0.148499995470047,0.14010000228881836,0.1437000036239624,0.14429999887943268,0.1421000063419342,0.14509999752044678,0.14239999651908875,0.14169999957084656,0.149399995803833,0.1467999964952469,0.14390000700950623,0.14169999957084656,0.13910000026226044,0.14380000531673431,0.1469999998807907,0.1459999978542328,0.14309999346733093,0.1476999968290329,0.1460999995470047,0.14749999344348907,0.13950000703334808,0.14380000531673431,0.14300000667572021,0.1412000060081482,0.1421000063419342,0.1451999992132187,0.1421000063419342,0.1467999964952469,0.14560000598430634,0.1444000005722046,0.15039999783039093,0.15610000491142273,0.1444000005722046,0.14569999277591705,0.14000000059604645,0.14720000326633453,0.14480000734329224,0.14839999377727509,0.14100000262260437,0.14300000667572021,0.1444000005722046,0.1445000022649765,0.1518000066280365,0.14869999885559082,0.1445000022649765,0.14509999752044678,0.14509999752044678,0.14980000257492065,0.14259999990463257,0.14900000393390656,0.14790000021457672,0.15039999783039093,0.1412999927997589,0.1444000005722046,0.15289999544620514,0.14710000157356262,0.1421000063419342,0.14190000295639038,0.1500999927520752,0.14740000665187836,0.14090000092983246,0.14480000734329224,0.1460999995470047,0.13910000026226044,0.14710000157356262,0.14560000598430634,0.14550000429153442,0.14669999480247498,0.14249999821186066,0.1468999981880188,0.14730000495910645,0.14730000495910645,0.15039999783039093,0.1467999964952469,0.14959999918937683,0.1468999981880188,0.14820000529289246,0.14640000462532043,0.14419999718666077,0.14110000431537628,0.14000000059604645,0.15240000188350677,0.1476999968290329,0.14169999957084656,0.14499999582767487,0.13940000534057617,0.14110000431537628,0.1459999978542328,0.14920000731945038,0.14409999549388885,0.15070000290870667,0.1459999978542328,0.14300000667572021,0.14550000429153442,0.14309999346733093,0.14630000293254852,0.14300000667572021,0.14509999752044678,0.1429000049829483,0.14800000190734863,0.14730000495910645,0.14499999582767487,0.14350000023841858,0.1421000063419342,0.14920000731945038,0.14900000393390656,0.14190000295639038,0.15360000729560852,0.14730000495910645,0.15569999814033508,0.14300000667572021,0.14020000398159027,0.14659999310970306,0.1500999927520752,0.1476999968290329,0.1518000066280365,0.14429999887943268,0.13840000331401825,0.14159999787807465,0.14920000731945038,0.14910000562667847,0.1453000009059906,0.1388999968767166,0.14380000531673431,0.14640000462532043,0.14139999449253082,0.14180000126361847,0.1467999964952469,0.14239999651908875,0.1421000063419342,0.14380000531673431,0.14980000257492065,0.14839999377727509,0.14839999377727509,0.1412999927997589,0.14880000054836273,0.13989999890327454,0.14990000426769257,0.1396999955177307,0.1437000036239624,0.14399999380111694,0.1404000073671341,0.14669999480247498,0.1437000036239624,0.14390000700950623,0.1476999968290329,0.14380000531673431,0.14229999482631683,0.1454000025987625,0.14640000462532043,0.1485999971628189,0.14020000398159027,0.1476999968290329,0.15919999778270721,0.14669999480247498,0.14669999480247498,0.14900000393390656,0.14560000598430634,0.14249999821186066,0.14489999413490295,0.1509000062942505,0.14740000665187836,0.14720000326633453,0.15809999406337738,0.14429999887943268,0.14990000426769257,0.14910000562667847,0.1444000005722046,0.1534000039100647,0.14139999449253082,0.1589999943971634,0.14489999413490295,0.14300000667572021,0.1412000060081482,0.1476999968290329,0.14169999957084656,0.1509000062942505,0.15039999783039093,0.1451999992132187,0.13779999315738678,0.14569999277591705,0.14710000157356262,0.14509999752044678,0.13930000364780426,0.14399999380111694,0.1404999941587448,0.1396999955177307,0.14509999752044678,0.14659999310970306,0.1551000028848648,0.14190000295639038,0.14470000565052032,0.1467999964952469,0.14569999277591705,0.15049999952316284,0.15039999783039093,0.14650000631809235,0.13989999890327454,0.13750000298023224,0.1526000052690506,0.1412000060081482,0.1501999944448471,0.1500999927520752,0.1518000066280365,0.14890000224113464,0.14470000565052032,0.14090000092983246,0.14749999344348907,0.14980000257492065,0.149399995803833,0.1543000042438507,0.14480000734329224,0.14630000293254852,0.1468999981880188,0.14509999752044678,0.1462000012397766,0.14550000429153442,0.14669999480247498,0.1404999941587448,0.1444000005722046,0.1485999971628189,0.14499999582767487,0.15539999306201935,0.14869999885559082,0.1696999967098236,0.1485999971628189,0.1881999969482422,0.14640000462532043,0.16089999675750732,0.1444000005722046,0.18230000138282776,0.14419999718666077,0.1467999964952469,0.1451999992132187,0.15410000085830688,0.14309999346733093,0.1517000049352646,0.15080000460147858,0.16920000314712524,0.17419999837875366,0.14920000731945038,0.14920000731945038,0.14990000426769257,0.1444000005722046,0.1581999957561493,0.14270000159740448,0.14669999480247498,0.14000000059604645,0.19539999961853027,0.1590999960899353,0.14319999516010284,0.1728000044822693,0.15279999375343323,0.18029999732971191,0.1468999981880188,0.15070000290870667,0.149399995803833,0.14579999446868896,0.14959999918937683,0.14980000257492065,0.15119999647140503,0.1696999967098236,0.14730000495910645,0.1421000063419342,0.14409999549388885,0.14749999344348907,0.2011999934911728,0.15279999375343323,0.16329999268054962,0.15440000593662262,0.1477999985218048,0.14100000262260437,0.13819999992847443,0.1607999950647354,0.15160000324249268,0.14480000734329224,0.15369999408721924,0.1404000073671341,0.1446000039577484,0.15279999375343323,0.14219999313354492,0.1606999933719635,0.14409999549388885,0.1468999981880188,0.19259999692440033,0.14630000293254852,0.15039999783039093,0.15000000596046448,0.1467999964952469,0.14429999887943268,0.14319999516010284,0.14090000092983246,0.14229999482631683,0.14319999516010284,0.1460999995470047,0.14319999516010284,0.14569999277591705,0.1378999948501587,0.1696999967098236,0.14399999380111694,0.14589999616146088,0.149399995803833,0.15729999542236328,0.15160000324249268,0.15029999613761902,0.13940000534057617,0.14339999854564667,0.14550000429153442,0.1485999971628189,0.14720000326633453,0.15729999542236328,0.14409999549388885,0.1460999995470047,0.1559000015258789,0.14309999346733093,0.14480000734329224,0.19130000472068787,0.1517000049352646,0.14839999377727509,0.1746000051498413,0.14409999549388885,0.14820000529289246,0.14390000700950623,0.15629999339580536,0.14339999854564667,0.15330000221729279,0.14480000734329224,0.14659999310970306,0.16060000658035278,0.1485999971628189,0.14169999957084656,0.1454000025987625,0.1517000049352646,0.1517000049352646,0.14720000326633453,0.14720000326633453,0.15770000219345093,0.17399999499320984,0.17100000381469727,0.16949999332427979,0.1378999948501587,0.14569999277591705,0.1500999927520752,0.14900000393390656,0.14190000295639038,0.14790000021457672,0.14390000700950623,0.14249999821186066,0.17679999768733978,0.14659999310970306,0.14790000021457672,0.15729999542236328,0.14509999752044678,0.1517000049352646,0.1429000049829483,0.14790000021457672,0.14249999821186066,0.14869999885559082,0.14499999582767487,0.1647000014781952,0.17010000348091125,0.14900000393390656,0.14880000054836273,0.13840000331401825,0.16599999368190765,0.14569999277591705,0.1728000044822693,0.15279999375343323,0.14749999344348907,0.1420000046491623,0.14589999616146088,0.1445000022649765,0.15129999816417694,0.1477999985218048,0.14630000293254852,0.15060000121593475,0.14959999918937683,0.14569999277591705,0.16660000383853912,0.1468999981880188,0.14270000159740448,0.1518000066280365,0.1492999941110611,0.14710000157356262,0.15760000050067902,0.14830000698566437,0.14249999821186066,0.14249999821186066,0.1429000049829483,0.1453000009059906,0.15330000221729279,0.1453000009059906,0.14740000665187836,0.13850000500679016,0.14079999923706055,0.14030000567436218,0.14669999480247498,0.1437000036239624,0.14010000228881836,0.14790000021457672,0.1437000036239624,0.15199999511241913,0.1354999989271164,0.1436000019311905,0.1859000027179718,0.14589999616146088,0.14480000734329224,0.15940000116825104,0.193900004029274,0.18119999766349792,0.1462000012397766,0.14309999346733093,0.14630000293254852,0.14560000598430634,0.14640000462532043,0.147599995136261,0.14749999344348907,0.14079999923706055,0.15189999341964722,0.1412000060081482,0.14339999854564667,0.14429999887943268,0.15760000050067902,0.18070000410079956,0.14910000562667847,0.15209999680519104,0.15639999508857727,0.15219999849796295,0.15129999816417694,0.14229999482631683,0.1696999967098236,0.15299999713897705,0.15440000593662262,0.15489999949932098,0.1736000031232834,0.15690000355243683,0.1527000069618225,0.14249999821186066,0.14669999480247498,0.1550000011920929,0.15569999814033508,0.147599995136261,0.148499995470047,0.15940000116825104,0.14100000262260437,0.1573999971151352,0.14550000429153442,0.14509999752044678,0.14910000562667847,0.15760000050067902,0.13609999418258667,0.1459999978542328,0.1468999981880188,0.15049999952316284,0.19619999825954437,0.1453000009059906,0.156700000166893,0.17090000212192535,0.15129999816417694,0.14640000462532043,0.14710000157356262,0.14219999313354492,0.15109999477863312,0.14409999549388885,0.14339999854564667,0.14740000665187836,0.18029999732971191,0.14560000598430634,0.19189999997615814,0.14749999344348907,0.14270000159740448,0.15549999475479126,0.14219999313354492,0.14579999446868896,0.1445000022649765,0.14980000257492065,0.1477999985218048,0.16689999401569366,0.19220000505447388,0.1459999978542328,0.15199999511241913,0.16949999332427979,0.14419999718666077,0.16500000655651093,0.16859999299049377,0.17020000517368317,0.14749999344348907,0.15919999778270721,0.14470000565052032,0.18619999289512634,0.1412000060081482,0.1454000025987625,0.14560000598430634,0.14100000262260437,0.1428000032901764,0.14350000023841858,0.14090000092983246,0.15309999883174896,0.15539999306201935,0.14419999718666077,0.1784999966621399,0.15710000693798065,0.1673000007867813,0.15369999408721924,0.15620000660419464,0.19449999928474426,0.17239999771118164,0.16449999809265137,0.15719999372959137,0.1420000046491623,0.1607999950647354,0.15049999952316284,0.14489999413490295,0.14190000295639038,0.1395999938249588,0.14030000567436218,0.1446000039577484,0.14669999480247498,0.1534000039100647,0.14159999787807465,0.15080000460147858,0.19670000672340393,0.14820000529289246,0.14480000734329224,0.14970000088214874,0.1454000025987625,0.14740000665187836,0.15770000219345093,0.14550000429153442,0.164900004863739,0.14409999549388885,0.1597999930381775,0.14429999887943268,0.16359999775886536,0.14419999718666077,0.14470000565052032,0.14259999990463257,0.1492999941110611,0.14990000426769257,0.14740000665187836,0.14020000398159027,0.15629999339580536,0.16769999265670776,0.1673000007867813,0.16940000653266907,0.14020000398159027,0.14090000092983246,0.1476999968290329,0.14300000667572021,0.1501999944448471,0.14139999449253082,0.16830000281333923,0.15520000457763672,0.14090000092983246,0.1437000036239624,0.15719999372959137,0.16369999945163727,0.14900000393390656,0.15479999780654907,0.14470000565052032,0.1462000012397766,0.14069999754428864,0.14139999449253082,0.14720000326633453,0.14010000228881836,0.14900000393390656,0.14470000565052032,0.14229999482631683,0.14869999885559082,0.15139999985694885,0.13840000331401825,0.15080000460147858,0.14300000667572021,0.16179999709129333,0.14390000700950623,0.14190000295639038,0.1581999957561493,0.16949999332427979,0.14630000293254852,0.14100000262260437,0.16300000250339508,0.14139999449253082,0.14669999480247498,0.1525000035762787,0.14589999616146088,0.14720000326633453,0.1460999995470047,0.1453000009059906,0.1469999998807907,0.14810000360012054,0.14110000431537628,0.1459999978542328,0.13729999959468842,0.16599999368190765,0.18690000474452972,0.16689999401569366,0.1453000009059906,0.14350000023841858,0.15279999375343323,0.1543000042438507,0.14740000665187836,0.1492999941110611,0.16040000319480896,0.17319999635219574,0.14560000598430634,0.14640000462532043,0.15479999780654907,0.14499999582767487,0.14830000698566437,0.1469999998807907,0.14949999749660492,0.1526000052690506,0.14489999413490295,0.16920000314712524,0.17880000174045563,0.14560000598430634,0.15710000693798065,0.1453000009059906,0.14219999313354492,0.13650000095367432,0.14910000562667847,0.14190000295639038,0.13689999282360077,0.14810000360012054,0.15850000083446503,0.15700000524520874,0.1437000036239624,0.14720000326633453,0.14319999516010284,0.1492999941110611,0.1453000009059906,0.148499995470047,0.1453000009059906,0.1437000036239624,0.1445000022649765,0.1370999962091446,0.14830000698566437,0.14270000159740448,0.14380000531673431,0.1501999944448471,0.14720000326633453,0.1615000069141388,0.14820000529289246,0.17249999940395355,0.1565999984741211,0.14489999413490295,0.18559999763965607,0.14579999446868896,0.14499999582767487,0.1477999985218048,0.14100000262260437,0.14730000495910645,0.1467999964952469,0.14499999582767487,0.14169999957084656,0.14470000565052032,0.14470000565052032,0.15129999816417694,0.14499999582767487,0.14329999685287476,0.1420000046491623,0.1476999968290329,0.14560000598430634,0.1469999998807907,0.14399999380111694,0.14839999377727509,0.1565999984741211,0.14300000667572021,0.1453000009059906,0.14820000529289246,0.14489999413490295,0.1453000009059906,0.1444000005722046,0.14990000426769257,0.14820000529289246,0.14730000495910645,0.14239999651908875,0.14669999480247498,0.1437000036239624,0.1428000032901764,0.14830000698566437,0.17659999430179596,0.14069999754428864,0.14880000054836273,0.1476999968290329,0.1453000009059906,0.14489999413490295,0.14010000228881836,0.14569999277591705,0.14569999277591705,0.1429000049829483,0.14800000190734863,0.15129999816417694,0.1421000063419342,0.13989999890327454,0.14259999990463257,0.14480000734329224,0.14640000462532043,0.15240000188350677,0.1590999960899353,0.14810000360012054,0.1429000049829483,0.14550000429153442,0.14190000295639038,0.14640000462532043,0.14339999854564667,0.14499999582767487,0.15860000252723694,0.15289999544620514,0.1543000042438507,0.1565999984741211,0.14489999413490295,0.14959999918937683,0.147599995136261,0.14350000023841858,0.15889999270439148,0.15070000290870667,0.14790000021457672,0.1785999983549118,0.147599995136261,0.1437000036239624,0.14730000495910645,0.14149999618530273,0.14489999413490295,0.14380000531673431,0.14419999718666077,0.15189999341964722,0.16519999504089355,0.14339999854564667,0.1542000025510788,0.147599995136261,0.1754000037908554,0.14669999480247498,0.1460999995470047,0.16050000488758087,0.1469999998807907,0.14309999346733093,0.14470000565052032,0.15049999952316284,0.15000000596046448,0.14790000021457672,0.14180000126361847,0.14550000429153442,0.1696999967098236,0.14470000565052032,0.147599995136261,0.14800000190734863,0.14239999651908875,0.1469999998807907,0.14350000023841858,0.14589999616146088,0.14470000565052032,0.14669999480247498,0.14830000698566437,0.14710000157356262,0.15850000083446503,0.14429999887943268,0.14740000665187836,0.14720000326633453,0.14640000462532043,0.14480000734329224,0.14239999651908875,0.14309999346733093,0.1459999978542328,0.14970000088214874,0.14380000531673431,0.14820000529289246,0.1404000073671341,0.14890000224113464,0.14139999449253082,0.15719999372959137,0.14959999918937683,0.15029999613761902,0.14270000159740448,0.14959999918937683,0.14749999344348907,0.1526000052690506,0.13750000298023224,0.14910000562667847,0.14390000700950623,0.1469999998807907,0.1428000032901764,0.1582999974489212,0.15080000460147858,0.14890000224113464,0.14000000059604645,0.15049999952316284,0.14579999446868896,0.14190000295639038,0.1467999964952469,0.16120000183582306,0.147599995136261,0.14810000360012054,0.1404000073671341,0.14640000462532043,0.14169999957084656,0.14509999752044678,0.1517000049352646,0.15360000729560852,0.1428000032901764,0.147599995136261,0.14790000021457672,0.14480000734329224,0.14550000429153442,0.14990000426769257,0.1762000024318695,0.15080000460147858,0.14159999787807465,0.15119999647140503,0.1429000049829483,0.14470000565052032,0.14339999854564667,0.14149999618530273,0.14219999313354492,0.14509999752044678,0.15080000460147858,0.15060000121593475,0.14720000326633453,0.149399995803833,0.14259999990463257,0.1550000011920929,0.14569999277591705,0.1396999955177307,0.1574999988079071,0.14159999787807465,0.1467999964952469,0.13529999554157257,0.14489999413490295,0.15629999339580536,0.15960000455379486,0.14079999923706055,0.14059999585151672,0.1736000031232834,0.14249999821186066,0.17790000140666962,0.14640000462532043,0.15839999914169312,0.15160000324249268,0.1476999968290329,0.14399999380111694,0.1662999987602234,0.147599995136261,0.15970000624656677,0.149399995803833,0.14249999821186066,0.14229999482631683,0.17309999465942383,0.15070000290870667,0.14339999854564667,0.14509999752044678,0.1404999941587448,0.14159999787807465,0.15049999952316284,0.14569999277591705,0.1476999968290329,0.1664000004529953,0.14339999854564667,0.1501999944448471,0.14419999718666077,0.1476999968290329,0.13729999959468842,0.14319999516010284,0.15000000596046448,0.14059999585151672,0.1420000046491623,0.1624000072479248,0.14720000326633453,0.14419999718666077,0.1420000046491623,0.14980000257492065,0.1396999955177307,0.14509999752044678,0.1454000025987625,0.1429000049829483,0.1429000049829483,0.15060000121593475,0.14030000567436218,0.14550000429153442,0.1444000005722046,0.14659999310970306,0.14390000700950623,0.14030000567436218,0.1404000073671341,0.14839999377727509,0.1445000022649765,0.149399995803833,0.14329999685287476,0.1446000039577484,0.1476999968290329,0.1517000049352646,0.1647000014781952,0.14740000665187836,0.1623000055551529,0.1459999978542328,0.14300000667572021,0.14480000734329224,0.14659999310970306,0.13930000364780426,0.14399999380111694,0.1451999992132187,0.14300000667572021,0.1509000062942505,0.1462000012397766,0.14640000462532043,0.1420000046491623,0.1467999964952469,0.1453000009059906,0.1420000046491623,0.1428000032901764,0.1542000025510788,0.14390000700950623,0.14190000295639038,0.14010000228881836,0.1428000032901764,0.1453000009059906,0.1469999998807907,0.148499995470047,0.14800000190734863,0.1477999985218048,0.14159999787807465,0.14710000157356262,0.14550000429153442,0.14409999549388885,0.14630000293254852,0.1460999995470047,0.1469999998807907,0.15000000596046448,0.1459999978542328,0.14569999277591705,0.14560000598430634,0.1420000046491623,0.14409999549388885,0.14589999616146088,0.14180000126361847,0.14090000092983246,0.1462000012397766,0.1624000072479248,0.1445000022649765,0.1543000042438507,0.14830000698566437,0.14560000598430634,0.13979999721050262,0.15780000388622284,0.14229999482631683,0.15000000596046448,0.1476999968290329,0.14550000429153442,0.15330000221729279,0.1477999985218048,0.15150000154972076,0.16019999980926514,0.1467999964952469,0.14419999718666077,0.14720000326633453,0.14139999449253082,0.14630000293254852,0.14499999582767487,0.14839999377727509,0.14569999277591705,0.15520000457763672,0.14249999821186066,0.1468999981880188,0.14380000531673431,0.14970000088214874,0.13760000467300415,0.1565999984741211,0.14300000667572021,0.1460999995470047,0.14970000088214874,0.1436000019311905,0.1396999955177307,0.1606999933719635,0.14259999990463257,0.14249999821186066,0.16439999639987946,0.14169999957084656,0.1477999985218048,0.14300000667572021,0.14730000495910645,0.14229999482631683,0.14229999482631683,0.1468999981880188,0.16040000319480896,0.14249999821186066,0.14839999377727509,0.14800000190734863,0.17790000140666962,0.1615000069141388,0.1453000009059906,0.14740000665187836,0.1589999943971634,0.14270000159740448,0.1388999968767166,0.15070000290870667,0.14090000092983246,0.14560000598430634,0.13930000364780426,0.15800000727176666,0.14239999651908875,0.14710000157356262,0.1454000025987625,0.17239999771118164,0.1607999950647354,0.15620000660419464,0.14399999380111694,0.1460999995470047,0.15240000188350677,0.14100000262260437,0.1446000039577484,0.14489999413490295,0.14589999616146088,0.14059999585151672,0.14589999616146088,0.14880000054836273,0.14630000293254852,0.1436000019311905,0.14830000698566437,0.14839999377727509,0.14499999582767487,0.14920000731945038,0.14380000531673431,0.1453000009059906,0.14820000529289246,0.14569999277591705,0.14429999887943268,0.14159999787807465,0.14550000429153442,0.14949999749660492,0.1453000009059906,0.15160000324249268,0.147599995136261,0.14390000700950623,0.1445000022649765,0.13899999856948853,0.15299999713897705,0.14710000157356262,0.14399999380111694,0.14380000531673431,0.13910000026226044,0.14949999749660492,0.14900000393390656,0.14399999380111694,0.14579999446868896,0.14429999887943268,0.1437000036239624,0.14409999549388885,0.1468999981880188,0.1436000019311905,0.1412999927997589,0.1421000063419342,0.14710000157356262,0.14959999918937683,0.1492999941110611,0.14390000700950623,0.1501999944448471,0.17560000717639923,0.14659999310970306,0.14069999754428864,0.14219999313354492,0.14419999718666077,0.1459999978542328,0.14990000426769257,0.14329999685287476,0.14489999413490295,0.13840000331401825,0.13860000669956207,0.14730000495910645,0.14589999616146088,0.14949999749660492,0.14239999651908875,0.1462000012397766,0.1476999968290329,0.14900000393390656,0.14139999449253082,0.149399995803833,0.14270000159740448,0.15369999408721924,0.1501999944448471,0.14489999413490295,0.1404999941587448,0.1535000056028366,0.14219999313354492,0.13840000331401825,0.1436000019311905,0.14980000257492065,0.14579999446868896,0.14229999482631683,0.14419999718666077,0.14910000562667847,0.16619999706745148,0.156700000166893,0.1467999964952469,0.1388999968767166,0.1454000025987625,0.14730000495910645,0.1647000014781952,0.14470000565052032,0.14710000157356262,0.14190000295639038,0.15000000596046448,0.14249999821186066,0.147599995136261,0.149399995803833,0.14350000023841858,0.14910000562667847,0.14339999854564667,0.14309999346733093,0.1444000005722046,0.15520000457763672,0.1429000049829483,0.1509000062942505,0.1469999998807907,0.14569999277591705,0.14419999718666077,0.14229999482631683,0.14579999446868896,0.14489999413490295,0.1462000012397766,0.14319999516010284,0.14990000426769257,0.14880000054836273,0.13910000026226044,0.147599995136261,0.148499995470047,0.14100000262260437,0.14270000159740448,0.14390000700950623,0.14329999685287476,0.14910000562667847,0.1429000049829483,0.149399995803833,0.14710000157356262,0.14749999344348907,0.14399999380111694,0.13940000534057617,0.14630000293254852,0.14180000126361847,0.1429000049829483,0.1459999978542328,0.14550000429153442,0.14079999923706055,0.1370999962091446,0.15080000460147858,0.14069999754428864,0.14730000495910645,0.1467999964952469,0.1453000009059906,0.14949999749660492,0.14650000631809235,0.147599995136261,0.15189999341964722,0.14079999923706055,0.14090000092983246,0.15039999783039093,0.14419999718666077,0.1485999971628189,0.14920000731945038,0.1459999978542328,0.1451999992132187,0.14249999821186066,0.1459999978542328,0.14659999310970306,0.1460999995470047,0.1451999992132187,0.14560000598430634,0.1468999981880188,0.14429999887943268,0.1460999995470047,0.1469999998807907,0.14480000734329224,0.14159999787807465,0.15649999678134918,0.1454000025987625,0.15129999816417694,0.1500999927520752,0.1446000039577484,0.14229999482631683,0.1459999978542328,0.15770000219345093,0.14800000190734863,0.1500999927520752,0.14560000598430634,0.149399995803833,0.14910000562667847,0.148499995470047,0.14980000257492065,0.14090000092983246,0.14390000700950623,0.1467999964952469,0.15410000085830688,0.14239999651908875,0.14640000462532043,0.14110000431537628,0.14309999346733093,0.1444000005722046,0.14180000126361847,0.14419999718666077,0.14489999413490295,0.14830000698566437,0.14380000531673431,0.1412000060081482,0.14650000631809235,0.1404000073671341,0.14259999990463257,0.14550000429153442,0.1468999981880188,0.14509999752044678,0.14720000326633453,0.14749999344348907,0.1445000022649765,0.1371999979019165,0.1509000062942505,0.14429999887943268,0.16140000522136688,0.14300000667572021,0.14390000700950623,0.14579999446868896,0.15070000290870667,0.14640000462532043,0.1460999995470047,0.14190000295639038,0.1460999995470047,0.1453000009059906,0.14390000700950623,0.1445000022649765,0.1551000028848648,0.14390000700950623,0.14079999923706055,0.14319999516010284,0.147599995136261,0.14259999990463257,0.14139999449253082,0.14329999685287476,0.1437000036239624,0.14710000157356262,0.14399999380111694,0.14880000054836273,0.14159999787807465,0.14920000731945038,0.1428000032901764,0.14949999749660492,0.1444000005722046,0.14429999887943268,0.1467999964952469,0.1467999964952469,0.1446000039577484,0.14740000665187836,0.1492999941110611,0.14579999446868896,0.1485999971628189,0.14659999310970306,0.1445000022649765,0.1451999992132187,0.14319999516010284,0.14910000562667847,0.14730000495910645,0.1509000062942505,0.14429999887943268,0.14489999413490295,0.1467999964952469,0.1509000062942505,0.14740000665187836,0.14399999380111694,0.14219999313354492,0.15109999477863312,0.149399995803833,0.15649999678134918,0.1429000049829483,0.1492999941110611,0.1445000022649765,0.14339999854564667,0.1429000049829483,0.1429000049829483,0.14669999480247498,0.1606999933719635,0.14959999918937683,0.15029999613761902,0.14399999380111694,0.14300000667572021,0.1459999978542328,0.14589999616146088,0.14749999344348907,0.14419999718666077,0.14990000426769257,0.14399999380111694,0.1437000036239624,0.1445000022649765,0.15029999613761902,0.14669999480247498,0.14090000092983246,0.14810000360012054,0.14630000293254852,0.14560000598430634,0.14790000021457672,0.14169999957084656,0.13910000026226044,0.14869999885559082,0.14839999377727509,0.1420000046491623,0.1437000036239624,0.1476999968290329,0.14589999616146088,0.14800000190734863,0.1468999981880188,0.16830000281333923,0.1492999941110611,0.14560000598430634,0.14079999923706055,0.1459999978542328,0.1459999978542328,0.14480000734329224,0.15080000460147858,0.1396999955177307,0.15399999916553497,0.1446000039577484,0.15600000321865082,0.15330000221729279,0.1460999995470047,0.15199999511241913,0.14589999616146088,0.1421000063419342,0.14749999344348907,0.16680000722408295,0.14470000565052032,0.14800000190734863,0.1428000032901764,0.14329999685287476,0.14489999413490295,0.14339999854564667,0.1453000009059906,0.15970000624656677,0.1500999927520752,0.14949999749660492,0.15330000221729279,0.15049999952316284,0.1420000046491623,0.14309999346733093,0.14579999446868896,0.14309999346733093,0.14839999377727509,0.1492999941110611,0.1404999941587448,0.14339999854564667,0.1468999981880188,0.14409999549388885,0.14339999854564667,0.14350000023841858,0.1453000009059906,0.14589999616146088,0.14180000126361847,0.14069999754428864,0.14880000054836273,0.149399995803833,0.14020000398159027,0.14169999957084656,0.14730000495910645,0.14300000667572021,0.14980000257492065,0.14259999990463257,0.14030000567436218,0.148499995470047,0.14630000293254852,0.14249999821186066,0.1535000056028366,0.14470000565052032,0.14659999310970306,0.149399995803833,0.14380000531673431,0.14249999821186066,0.14419999718666077,0.1500999927520752,0.14650000631809235,0.1485999971628189,0.1421000063419342,0.14910000562667847,0.1460999995470047,0.1421000063419342,0.15970000624656677,0.14300000667572021,0.14149999618530273,0.1396999955177307,0.14839999377727509,0.14429999887943268,0.148499995470047,0.14309999346733093,0.14740000665187836,0.149399995803833,0.14650000631809235,0.15150000154972076,0.14429999887943268,0.1428000032901764,0.15160000324249268,0.1467999964952469,0.1623000055551529,0.15880000591278076,0.15320000052452087,0.14329999685287476,0.1477999985218048,0.15129999816417694,0.1437000036239624,0.14000000059604645,0.1462000012397766,0.14659999310970306,0.1460999995470047,0.14980000257492065,0.1420000046491623,0.1467999964952469,0.14640000462532043,0.14480000734329224,0.14579999446868896,0.14790000021457672,0.13750000298023224,0.1459999978542328,0.14740000665187836,0.1500999927520752,0.1459999978542328,0.1492999941110611,0.15309999883174896,0.14970000088214874,0.14259999990463257,0.1428000032901764,0.14669999480247498,0.14429999887943268,0.14309999346733093,0.14190000295639038,0.1412999927997589,0.14399999380111694,0.1518000066280365,0.1469999998807907,0.14820000529289246,0.15320000052452087,0.14219999313354492,0.14890000224113464,0.13940000534057617,0.15940000116825104,0.15039999783039093,0.14830000698566437,0.13760000467300415,0.15690000355243683,0.1453000009059906,0.14380000531673431,0.15199999511241913,0.1462000012397766,0.14659999310970306,0.1509999930858612,0.14749999344348907,0.15520000457763672,0.14219999313354492,0.14710000157356262,0.13979999721050262,0.1462000012397766,0.15060000121593475,0.14579999446868896,0.14259999990463257,0.14350000023841858,0.15080000460147858,0.14100000262260437,0.14659999310970306,0.14730000495910645,0.14970000088214874,0.1437000036239624,0.1451999992132187,0.14810000360012054,0.14300000667572021,0.1453000009059906,0.14249999821186066,0.15309999883174896,0.14730000495910645,0.14589999616146088,0.14239999651908875,0.14139999449253082,0.1460999995470047,0.14470000565052032,0.13819999992847443,0.15440000593662262,0.14630000293254852,0.1454000025987625,0.13779999315738678,0.1437000036239624,0.14810000360012054,0.1476999968290329,0.14259999990463257,0.1477999985218048,0.14790000021457672,0.1460999995470047,0.1460999995470047,0.1509999930858612,0.1467999964952469,0.14399999380111694,0.14249999821186066,0.14329999685287476,0.14419999718666077,0.14730000495910645,0.14180000126361847,0.15680000185966492,0.14229999482631683,0.14589999616146088,0.14390000700950623,0.14990000426769257,0.1476999968290329,0.147599995136261,0.1527000069618225,0.1476999968290329,0.14339999854564667,0.14339999854564667,0.14409999549388885,0.14489999413490295,0.14579999446868896,0.14869999885559082,0.1460999995470047,0.1467999964952469,0.14480000734329224,0.13420000672340393,0.14069999754428864,0.14350000023841858,0.1429000049829483,0.14650000631809235,0.14569999277591705,0.14429999887943268,0.15039999783039093,0.14970000088214874,0.1469999998807907,0.14390000700950623,0.14659999310970306,0.15279999375343323,0.1421000063419342,0.14419999718666077,0.14300000667572021,0.1446000039577484,0.1459999978542328,0.14139999449253082,0.14390000700950623,0.1428000032901764,0.14669999480247498,0.1462000012397766,0.1453000009059906,0.14640000462532043,0.14749999344348907,0.14339999854564667,0.14800000190734863,0.14630000293254852,0.14839999377727509,0.14509999752044678,0.14820000529289246,0.14740000665187836,0.14409999549388885,0.14319999516010284,0.1454000025987625,0.1445000022649765,0.1454000025987625,0.15039999783039093,0.1445000022649765,0.14249999821186066,0.147599995136261,0.14980000257492065,0.1404000073671341,0.15289999544620514,0.13689999282360077,0.15469999611377716,0.15000000596046448,0.14339999854564667,0.1421000063419342,0.14820000529289246,0.1429000049829483,0.1421000063419342,0.14419999718666077,0.13840000331401825,0.14710000157356262,0.14550000429153442,0.149399995803833,0.14380000531673431,0.14659999310970306,0.14259999990463257,0.14350000023841858,0.1500999927520752,0.14409999549388885,0.14560000598430634,0.14429999887943268,0.14219999313354492,0.1509999930858612,0.14139999449253082,0.1485999971628189,0.1404999941587448,0.14339999854564667,0.13840000331401825,0.14079999923706055,0.14329999685287476,0.1451999992132187,0.1615000069141388,0.14730000495910645,0.1412999927997589,0.1467999964952469,0.14550000429153442,0.14730000495910645,0.14820000529289246,0.14219999313354492,0.14010000228881836,0.1453000009059906,0.15919999778270721,0.14249999821186066,0.1436000019311905,0.1543000042438507,0.15070000290870667,0.14920000731945038,0.1468999981880188,0.14509999752044678,0.14399999380111694,0.14579999446868896,0.1467999964952469,0.14249999821186066,0.1509000062942505,0.15129999816417694,0.1404999941587448,0.15440000593662262,0.14980000257492065,0.14640000462532043,0.14749999344348907,0.1565999984741211,0.14949999749660492,0.1467999964952469,0.14429999887943268,0.1453000009059906,0.13899999856948853,0.14569999277591705,0.14509999752044678,0.15039999783039093,0.1386999934911728,0.15000000596046448,0.15189999341964722,0.14470000565052032,0.147599995136261,0.14339999854564667,0.13930000364780426,0.15000000596046448,0.14350000023841858,0.14720000326633453,0.14329999685287476,0.14569999277591705,0.14820000529289246,0.1388999968767166,0.1453000009059906,0.13920000195503235,0.14869999885559082,0.14659999310970306,0.14720000326633453,0.14830000698566437,0.14409999549388885,0.1624000072479248,0.14339999854564667,0.1420000046491623,0.15129999816417694,0.16329999268054962,0.14790000021457672,0.14810000360012054,0.14900000393390656,0.1453000009059906,0.14409999549388885,0.15109999477863312,0.1421000063419342,0.1429000049829483,0.147599995136261,0.1477999985218048,0.147599995136261,0.1396999955177307,0.14239999651908875,0.15289999544620514,0.14270000159740448,0.14659999310970306,0.15109999477863312,0.1485999971628189,0.14810000360012054,0.14219999313354492,0.14740000665187836,0.1468999981880188,0.14669999480247498,0.15710000693798065,0.14579999446868896,0.14990000426769257,0.149399995803833,0.14249999821186066,0.15049999952316284,0.14319999516010284,0.14810000360012054,0.14030000567436218,0.14169999957084656,0.1501999944448471,0.14110000431537628,0.14800000190734863,0.14910000562667847,0.14589999616146088,0.1509000062942505,0.14110000431537628,0.14749999344348907,0.14329999685287476,0.1492999941110611,0.1429000049829483,0.14579999446868896,0.14630000293254852,0.1500999927520752,0.1446000039577484,0.1445000022649765,0.14560000598430634,0.149399995803833,0.14329999685287476,0.14650000631809235,0.1412999927997589,0.14079999923706055,0.14560000598430634,0.14000000059604645,0.14159999787807465,0.14790000021457672,0.16619999706745148,0.14499999582767487,0.14890000224113464,0.15929999947547913,0.1421000063419342,0.1428000032901764,0.14110000431537628,0.14090000092983246,0.14249999821186066,0.1468999981880188,0.14669999480247498,0.15070000290870667,0.1469999998807907,0.14589999616146088,0.14159999787807465,0.14380000531673431,0.15119999647140503,0.1446000039577484,0.14499999582767487,0.13819999992847443,0.14569999277591705,0.14409999549388885,0.14589999616146088,0.1454000025987625,0.15330000221729279,0.13619999587535858,0.14480000734329224,0.14509999752044678,0.14560000598430634,0.14149999618530273,0.1459999978542328,0.14259999990463257,0.1527000069618225,0.1436000019311905,0.14560000598430634,0.1412999927997589,0.14589999616146088,0.1445000022649765,0.1477999985218048,0.1446000039577484,0.1437000036239624,0.14399999380111694,0.15029999613761902,0.14319999516010284,0.14489999413490295,0.14830000698566437,0.1437000036239624,0.14980000257492065,0.1454000025987625,0.14630000293254852,0.14980000257492065,0.1460999995470047,0.1387999951839447,0.1445000022649765,0.13950000703334808,0.1467999964952469,0.14229999482631683,0.14219999313354492,0.14000000059604645,0.14790000021457672,0.14380000531673431,0.14350000023841858,0.15029999613761902,0.14390000700950623,0.14350000023841858,0.15150000154972076,0.1428000032901764,0.13930000364780426,0.14429999887943268,0.14499999582767487,0.14589999616146088,0.14489999413490295,0.1467999964952469,0.1526000052690506,0.13940000534057617,0.14820000529289246,0.14550000429153442,0.1454000025987625,0.1429000049829483,0.14270000159740448,0.14509999752044678,0.14730000495910645,0.14239999651908875,0.14329999685287476,0.16189999878406525,0.14630000293254852,0.14579999446868896,0.15680000185966492,0.148499995470047,0.14249999821186066,0.13740000128746033,0.1454000025987625,0.14219999313354492,0.14090000092983246,0.14630000293254852,0.14270000159740448,0.15189999341964722,0.14319999516010284,0.15320000052452087,0.14579999446868896,0.1451999992132187,0.15209999680519104,0.15289999544620514,0.15060000121593475,0.14720000326633453,0.14869999885559082,0.14429999887943268,0.1462000012397766,0.14710000157356262,0.14139999449253082,0.14630000293254852,0.1476999968290329,0.14399999380111694,0.14640000462532043,0.14640000462532043,0.14499999582767487,0.14550000429153442,0.14180000126361847,0.1517000049352646,0.1445000022649765,0.14169999957084656,0.1525000035762787,0.1500999927520752,0.13950000703334808,0.14820000529289246,0.14419999718666077,0.14730000495910645,0.14980000257492065,0.15080000460147858,0.1379999965429306,0.14300000667572021,0.14169999957084656,0.14630000293254852,0.1509000062942505,0.14409999549388885,0.1445000022649765,0.14229999482631683,0.14190000295639038,0.14480000734329224,0.15150000154972076,0.14640000462532043,0.1436000019311905,0.14499999582767487,0.14710000157356262,0.14499999582767487,0.13729999959468842
0.45899999141693115,0.14749999344348907,0.14920000731945038,0.1429000049829483,0.1445000022649765,0.14399999380111694,0.14429999887943268,0.14499999582767487,0.1429000049829483,0.1396999955177307,0.14419999718666077,0.1404999941587448,0.1468999981880188,0.1454000025987625,0.1467999964952469,0.14839999377727509,0.1527000069618225,0.14560000598430634,0.14810000360012054,0.16140000522136688,0.14229999482631683,0.1404999941587448,0.14730000495910645,0.1453000009059906,0.14229999482631683,0.1429000049829483,0.14380000531673431,0.14790000021457672,0.1454000025987625,0.14589999616146088,0.14730000495910645,0.14900000393390656,0.13840000331401825,0.149399995803833,0.1500999927520752,0.1485999971628189,0.14669999480247498,0.1404000073671341,0.149399995803833,0.14219999313354492,0.1421000063419342,0.14100000262260437,0.15049999952316284,0.15780000388622284,0.1451999992132187,0.1476999968290329,0.14169999957084656,0.14880000054836273,0.1477999985218048,0.14910000562667847,0.1454000025987625,0.14239999651908875,0.1363999992609024,0.14329999685287476,0.14880000054836273,0.14569999277591705,0.14390000700950623,0.14470000565052032,0.1421000063419342,0.14350000023841858,0.1453000009059906,0.14669999480247498,0.14270000159740448,0.15189999341964722,0.14429999887943268,0.14169999957084656,0.14790000021457672,0.14560000598430634,0.14869999885559082,0.15139999985694885,0.15369999408721924,0.13910000026226044,0.14569999277591705,0.14419999718666077,0.14659999310970306,0.14720000326633453,0.14749999344348907,0.14749999344348907,0.15209999680519104,0.14830000698566437,0.1453000009059906,0.1460999995470047,0.14730000495910645,0.1517000049352646,0.14990000426769257,0.14650000631809235,0.148499995470047,0.14419999718666077,0.14239999651908875,0.147599995136261,0.14640000462532043,0.1492999941110611,0.14640000462532043,0.14499999582767487,0.14959999918937683,0.14740000665187836,0.14159999787807465,0.149399995803833,0.14720000326633453,0.14219999313354492,0.14659999310970306,0.14800000190734863,0.1396999955177307,0.14959999918937683,0.14110000431537628,0.1476999968290329,0.14429999887943268,0.14249999821186066,0.1362999975681305,0.14319999516010284,0.14239999651908875,0.1453000009059906,0.14079999923706055,0.14470000565052032,0.14640000462532043,0.14489999413490295,0.1518000066280365,0.14219999313354492,0.14550000429153442,0.1509000062942505,0.14309999346733093,0.14149999618530273,0.13979999721050262,0.1446000039577484,0.1477999985218048,0.14990000426769257,0.15129999816417694,0.14650000631809235,0.1436000019311905,0.14270000159740448,0.14489999413490295,0.14499999582767487,0.13830000162124634,0.14079999923706055,0.14959999918937683,0.14010000228881836,0.15379999577999115,0.15150000154972076,0.15049999952316284,0.14139999449253082,0.14650000631809235,0.1436000019311905,0.15070000290870667,0.147599995136261,0.14169999957084656,0.14020000398159027,0.14489999413490295,0.1492999941110611,0.14669999480247498,0.14560000598430634,0.13740000128746033,0.15080000460147858,0.14949999749660492,0.15299999713897705,0.1460999995470047,0.14169999957084656,0.15129999816417694,0.14569999277591705,0.14100000262260437,0.14589999616146088,0.1518000066280365,0.14499999582767487,0.14239999651908875,0.14190000295639038,0.14669999480247498,0.14030000567436218,0.14959999918937683,0.14079999923706055,0.15039999783039093,0.14839999377727509,0.14489999413490295,0.14589999616146088,0.14079999923706055,0.14820000529289246,0.14970000088214874,0.14900000393390656,0.14059999585151672,0.1446000039577484,0.14110000431537628,0.13950000703334808,0.14920000731945038,0.14139999449253082,0.1370999962091446,0.14869999885559082,0.14249999821186066,0.15649999678134918,0.14839999377727509,0.14949999749660492,0.13989999890327454,0.14720000326633453,0.14749999344348907,0.14830000698566437,0.15070000290870667,0.14800000190734863,0.14399999380111694,0.1421000063419342,0.14319999516010284,0.1534000039100647,0.14990000426769257,0.14259999990463257,0.1386999934911728,0.14970000088214874,0.14650000631809235,0.14079999923706055,0.14270000159740448,0.1445000022649765,0.14399999380111694,0.14970000088214874,0.14730000495910645,0.1460999995470047,0.149399995803833,0.14839999377727509,0.14399999380111694,0.1462000012397766,0.147599995136261,0.147599995136261,0.14300000667572021,0.1485999971628189,0.14399999380111694,0.1459999978542328,0.1429000049829483,0.14630000293254852,0.14409999549388885,0.14429999887943268,0.14880000054836273,0.1437000036239624,0.14710000157356262,0.1468999981880188,0.1412000060081482,0.14790000021457672,0.15109999477863312,0.1459999978542328,0.14980000257492065,0.1501999944448471,0.14000000059604645,0.14249999821186066,0.14409999549388885,0.1460999995470047,0.14489999413490295,0.14390000700950623,0.147599995136261,0.14399999380111694,0.14339999854564667,0.13950000703334808,0.14270000159740448,0.14409999549388885,0.1437000036239624,0.14399999380111694,0.14429999887943268,0.14309999346733093,0.14239999651908875,0.14470000565052032,0.14229999482631683,0.14380000531673431,0.14020000398159027,0.14000000059604645,0.15119999647140503,0.14990000426769257,0.15150000154972076,0.15049999952316284,0.1459999978542328,0.14790000021457672,0.1469999998807907,0.14329999685287476,0.1467999964952469,0.1467999964952469,0.14579999446868896,0.14550000429153442,0.14710000157356262,0.14550000429153442,0.1429000049829483,0.14350000023841858,0.1446000039577484,0.14309999346733093,0.15360000729560852,0.14350000023841858,0.14839999377727509,0.13689999282360077,0.14270000159740448,0.1444000005722046,0.1459999978542328,0.14249999821186066,0.1460999995470047,0.1379999965429306,0.14159999787807465,0.14329999685287476,0.14470000565052032,0.14669999480247498,0.14470000565052032,0.14409999549388885,0.1460999995470047,0.14569999277591705,0.1476999968290329,0.1477999985218048,0.1492999941110611,0.1477999985218048,0.147599995136261,0.1444000005722046,0.14900000393390656,0.15039999783039093,0.1429000049829483,0.13850000500679016,0.14830000698566437,0.1462000012397766,0.14579999446868896,0.1454000025987625,0.1574999988079071,0.14309999346733093,0.14429999887943268,0.1428000032901764,0.1420000046491623,0.15950000286102295,0.14499999582767487,0.1581999957561493,0.14810000360012054,0.1387999951839447,0.14669999480247498,0.1460999995470047,0.14249999821186066,0.14949999749660492,0.14890000224113464,0.15000000596046448,0.14489999413490295,0.14630000293254852,0.14509999752044678,0.148499995470047,0.13809999823570251,0.1453000009059906,0.13940000534057617,0.13689999282360077,0.1462000012397766,0.14309999346733093,0.149399995803833,0.14820000529289246,0.14249999821186066,0.15060000121593475,0.1460999995470047,0.1437000036239624,0.1437000036239624,0.15060000121593475,0.14489999413490295,0.13840000331401825,0.1468999981880188,0.13950000703334808,0.1518000066280365,0.14059999585151672,0.14920000731945038,0.1421000063419342,0.14669999480247498,0.14800000190734863,0.1485999971628189,0.14810000360012054,0.1460999995470047,0.15639999508857727,0.13920000195503235,0.14980000257492065,0.15479999780654907,0.14100000262260437,0.1527000069618225,0.14890000224113464,0.14589999616146088,0.1363999992609024,0.14509999752044678,0.1451999992132187,0.14219999313354492,0.1597999930381775,0.1412000060081482,0.16869999468326569,0.1451999992132187,0.19110000133514404,0.1859000027179718,0.1809999942779541,0.1453000009059906,0.14380000531673431,0.17339999973773956,0.14499999582767487,0.14650000631809235,0.1851000040769577,0.15649999678134918,0.14740000665187836,0.17990000545978546,0.16949999332427979,0.21220000088214874,0.14890000224113464,0.14710000157356262,0.1446000039577484,0.14079999923706055,0.17139999568462372,0.14249999821186066,0.1777999997138977,0.2168000042438507,0.15060000121593475,0.14730000495910645,0.13910000026226044,0.16869999468326569,0.14000000059604645,0.2003999948501587,0.14030000567436218,0.1476999968290329,0.149399995803833,0.1460999995470047,0.147599995136261,0.14720000326633453,0.15469999611377716,0.16910000145435333,0.1445000022649765,0.14159999787807465,0.13850000500679016,0.14139999449253082,0.18880000710487366,0.1704999953508377,0.16220000386238098,0.18860000371932983,0.1736000031232834,0.16830000281333923,0.13680000603199005,0.14300000667572021,0.14880000054836273,0.14730000495910645,0.1695999950170517,0.14259999990463257,0.14509999752044678,0.15119999647140503,0.1429000049829483,0.1590999960899353,0.14480000734329224,0.14830000698566437,0.19949999451637268,0.1492999941110611,0.1695999950170517,0.14710000157356262,0.15029999613761902,0.14489999413490295,0.14390000700950623,0.14390000700950623,0.14000000059604645,0.14329999685287476,0.1543000042438507,0.149399995803833,0.147599995136261,0.14219999313354492,0.15489999949932098,0.14319999516010284,0.1428000032901764,0.15039999783039093,0.15440000593662262,0.15209999680519104,0.14790000021457672,0.13840000331401825,0.14300000667572021,0.14100000262260437,0.14319999516010284,0.14419999718666077,0.15770000219345093,0.14820000529289246,0.16699999570846558,0.1492999941110611,0.1598999947309494,0.16580000519752502,0.17149999737739563,0.14730000495910645,0.15049999952316284,0.16269999742507935,0.13689999282360077,0.1468999981880188,0.15760000050067902,0.17059999704360962,0.14339999854564667,0.15000000596046448,0.1451999992132187,0.14489999413490295,0.148499995470047,0.14110000431537628,0.14300000667572021,0.14910000562667847,0.14749999344348907,0.14270000159740448,0.14550000429153442,0.1746000051498413,0.1468999981880188,0.16940000653266907,0.14659999310970306,0.14659999310970306,0.14000000059604645,0.14669999480247498,0.14880000054836273,0.14429999887943268,0.1421000063419342,0.1469999998807907,0.1420000046491623,0.1412999927997589,0.16940000653266907,0.14659999310970306,0.1477999985218048,0.1736000031232834,0.15729999542236328,0.14869999885559082,0.14229999482631683,0.14419999718666077,0.1451999992132187,0.1453000009059906,0.1395999938249588,0.1476999968290329,0.14560000598430634,0.15970000624656677,0.14730000495910645,0.13660000264644623,0.1469999998807907,0.14869999885559082,0.14309999346733093,0.14030000567436218,0.1396999955177307,0.1420000046491623,0.1436000019311905,0.1459999978542328,0.14550000429153442,0.16899999976158142,0.1574999988079071,0.14509999752044678,0.14659999310970306,0.1492999941110611,0.14380000531673431,0.14839999377727509,0.14329999685287476,0.148499995470047,0.14219999313354492,0.17249999940395355,0.14920000731945038,0.1436000019311905,0.1421000063419342,0.14910000562667847,0.14149999618530273,0.13590000569820404,0.1453000009059906,0.14059999585151672,0.1454000025987625,0.14380000531673431,0.14499999582767487,0.14429999887943268,0.14309999346733093,0.14419999718666077,0.13830000162124634,0.14509999752044678,0.16689999401569366,0.14790000021457672,0.14319999516010284,0.14380000531673431,0.1615000069141388,0.1453000009059906,0.15209999680519104,0.1500999927520752,0.14390000700950623,0.1574999988079071,0.14640000462532043,0.14710000157356262,0.1421000063419342,0.14949999749660492,0.14569999277591705,0.13950000703334808,0.14300000667572021,0.14100000262260437,0.1460999995470047,0.14329999685287476,0.1467999964952469,0.14890000224113464,0.16840000450611115,0.14339999854564667,0.14910000562667847,0.15230000019073486,0.1728000044822693,0.14900000393390656,0.17139999568462372,0.16060000658035278,0.19210000336170197,0.14350000023841858,0.15600000321865082,0.15649999678134918,0.1485999971628189,0.15070000290870667,0.14890000224113464,0.1476999968290329,0.15000000596046448,0.15369999408721924,0.14219999313354492,0.1468999981880188,0.1453000009059906,0.15629999339580536,0.13989999890327454,0.14880000054836273,0.14820000529289246,0.14069999754428864,0.1868000030517578,0.1673000007867813,0.13830000162124634,0.14509999752044678,0.149399995803833,0.1737000048160553,0.1768999993801117,0.14810000360012054,0.15559999644756317,0.15309999883174896,0.14730000495910645,0.14800000190734863,0.14560000598430634,0.14270000159740448,0.1451999992132187,0.14139999449253082,0.14270000159740448,0.15240000188350677,0.14180000126361847,0.14079999923706055,0.18279999494552612,0.1680999994277954,0.14020000398159027,0.17509999871253967,0.1445000022649765,0.14409999549388885,0.14190000295639038,0.1445000022649765,0.14810000360012054,0.15729999542236328,0.16750000417232513,0.147599995136261,0.147599995136261,0.14390000700950623,0.1501999944448471,0.14100000262260437,0.15839999914169312,0.15940000116825104,0.1468999981880188,0.149399995803833,0.14030000567436218,0.19679999351501465,0.14990000426769257,0.1429000049829483,0.1420000046491623,0.14090000092983246,0.14749999344348907,0.14630000293254852,0.14589999616146088,0.14339999854564667,0.15569999814033508,0.14740000665187836,0.16949999332427979,0.16300000250339508,0.16380000114440918,0.15919999778270721,0.1468999981880188,0.13920000195503235,0.16359999775886536,0.16689999401569366,0.1527000069618225,0.14480000734329224,0.16169999539852142,0.14659999310970306,0.14419999718666077,0.14640000462532043,0.1421000063419342,0.14180000126361847,0.1462000012397766,0.14259999990463257,0.15379999577999115,0.14350000023841858,0.14810000360012054,0.1873999983072281,0.1517000049352646,0.14869999885559082,0.14249999821186066,0.1462000012397766,0.15150000154972076,0.15449999272823334,0.1387999951839447,0.1550000011920929,0.14030000567436218,0.1412000060081482,0.1444000005722046,0.14959999918937683,0.13830000162124634,0.14219999313354492,0.14249999821186066,0.15129999816417694,0.14329999685287476,0.1459999978542328,0.14339999854564667,0.1454000025987625,0.1460999995470047,0.17219999432563782,0.1444000005722046,0.13750000298023224,0.14710000157356262,0.14890000224113464,0.14970000088214874,0.14910000562667847,0.14380000531673431,0.14730000495910645,0.1396999955177307,0.14339999854564667,0.14219999313354492,0.15559999644756317,0.1462000012397766,0.13779999315738678,0.14710000157356262,0.14409999549388885,0.149399995803833,0.14159999787807465,0.1468999981880188,0.14669999480247498,0.15880000591278076,0.1460999995470047,0.1518000066280365,0.14800000190734863,0.14839999377727509,0.14669999480247498,0.14149999618530273,0.1363999992609024,0.1453000009059906,0.1437000036239624,0.14509999752044678,0.14820000529289246,0.15240000188350677,0.17260000109672546,0.1492999941110611,0.14139999449253082,0.17759999632835388,0.14560000598430634,0.16840000450611115,0.1386999934911728,0.14910000562667847,0.1451999992132187,0.14820000529289246,0.14329999685287476,0.1500999927520752,0.15000000596046448,0.1462000012397766,0.14399999380111694,0.14589999616146088,0.16179999709129333,0.17159999907016754,0.14380000531673431,0.14810000360012054,0.1454000025987625,0.14309999346733093,0.14399999380111694,0.14509999752044678,0.14300000667572021,0.14910000562667847,0.17509999871253967,0.1444000005722046,0.14910000562667847,0.1500999927520752,0.13910000026226044,0.14710000157356262,0.14470000565052032,0.14569999277591705,0.14470000565052032,0.1436000019311905,0.14409999549388885,0.14990000426769257,0.14820000529289246,0.16949999332427979,0.1404999941587448,0.14229999482631683,0.14030000567436218,0.1462000012397766,0.13459999859333038,0.14249999821186066,0.14900000393390656,0.1542000025510788,0.14980000257492065,0.1469999998807907,0.14399999380111694,0.14640000462532043,0.1412999927997589,0.14169999957084656,0.1386999934911728,0.1412999927997589,0.1429000049829483,0.14669999480247498,0.1404000073671341,0.14159999787807465,0.14640000462532043,0.14329999685287476,0.14949999749660492,0.14419999718666077,0.1559000015258789,0.15000000596046448,0.15569999814033508,0.14319999516010284,0.1446000039577484,0.1745000034570694,0.15620000660419464,0.14380000531673431,0.14419999718666077,0.14219999313354492,0.14880000054836273,0.1445000022649765,0.1517000049352646,0.1388999968767166,0.14810000360012054,0.14489999413490295,0.14110000431537628,0.1420000046491623,0.1404999941587448,0.14110000431537628,0.14839999377727509,0.14339999854564667,0.14560000598430634,0.14830000698566437,0.1492999941110611,0.14309999346733093,0.1436000019311905,0.1459999978542328,0.1459999978542328,0.14720000326633453,0.14190000295639038,0.14169999957084656,0.14409999549388885,0.14489999413490295,0.14630000293254852,0.14569999277591705,0.14350000023841858,0.1526000052690506,0.13899999856948853,0.14730000495910645,0.15549999475479126,0.13689999282360077,0.1453000009059906,0.14640000462532043,0.1485999971628189,0.14350000023841858,0.1421000063419342,0.14720000326633453,0.14630000293254852,0.1459999978542328,0.14949999749660492,0.14790000021457672,0.1477999985218048,0.13699999451637268,0.13580000400543213,0.14900000393390656,0.14390000700950623,0.14429999887943268,0.14390000700950623,0.14499999582767487,0.14059999585151672,0.1445000022649765,0.13910000026226044,0.14489999413490295,0.1370999962091446,0.14090000092983246,0.1412999927997589,0.15520000457763672,0.15549999475479126,0.16169999539852142,0.14270000159740448,0.14409999549388885,0.14079999923706055,0.14720000326633453,0.17470000684261322,0.15219999849796295,0.14579999446868896,0.14839999377727509,0.14579999446868896,0.14820000529289246,0.14180000126361847,0.14399999380111694,0.14219999313354492,0.14650000631809235,0.14380000531673431,0.14409999549388885,0.14720000326633453,0.1420000046491623,0.15889999270439148,0.14399999380111694,0.1543000042438507,0.1454000025987625,0.14720000326633453,0.14810000360012054,0.1459999978542328,0.14920000731945038,0.1446000039577484,0.14650000631809235,0.1500999927520752,0.14810000360012054,0.1462000012397766,0.14429999887943268,0.14489999413490295,0.14399999380111694,0.14959999918937683,0.14910000562667847,0.1445000022649765,0.14970000088214874,0.14579999446868896,0.1444000005722046,0.1436000019311905,0.1451999992132187,0.14920000731945038,0.1462000012397766,0.14020000398159027,0.14650000631809235,0.1509999930858612,0.14720000326633453,0.1428000032901764,0.14249999821186066,0.14139999449253082,0.14190000295639038,0.14720000326633453,0.14560000598430634,0.14030000567436218,0.14059999585151672,0.1428000032901764,0.14669999480247498,0.14239999651908875,0.13899999856948853,0.14839999377727509,0.14300000667572021,0.1462000012397766,0.1451999992132187,0.14920000731945038,0.164000004529953,0.14309999346733093,0.1468999981880188,0.14390000700950623,0.1444000005722046,0.14669999480247498,0.1428000032901764,0.15160000324249268,0.1468999981880188,0.14059999585151672,0.14409999549388885,0.14470000565052032,0.14079999923706055,0.14959999918937683,0.14790000021457672,0.14499999582767487,0.1459999978542328,0.14190000295639038,0.14249999821186066,0.14110000431537628,0.15080000460147858,0.1534000039100647,0.14720000326633453,0.1437000036239624,0.14569999277591705,0.14820000529289246,0.1428000032901764,0.14790000021457672,0.14959999918937683,0.14730000495910645,0.15039999783039093,0.14169999957084656,0.15080000460147858,0.14380000531673431,0.14059999585151672,0.13740000128746033,0.14399999380111694,0.14149999618530273,0.1436000019311905,0.14339999854564667,0.14560000598430634,0.14720000326633453,0.14270000159740448,0.1404000073671341,0.14730000495910645,0.15049999952316284,0.14219999313354492,0.15139999985694885,0.1429000049829483,0.14730000495910645,0.13189999759197235,0.14669999480247498,0.14790000021457672,0.1421000063419342,0.14149999618530273,0.13609999418258667,0.15690000355243683,0.14820000529289246,0.1468999981880188,0.14800000190734863,0.14509999752044678,0.1467999964952469,0.147599995136261,0.14579999446868896,0.14800000190734863,0.14790000021457672,0.1429000049829483,0.16120000183582306,0.1469999998807907,0.14489999413490295,0.14509999752044678,0.148499995470047,0.14640000462532043,0.14169999957084656,0.14139999449253082,0.14259999990463257,0.1460999995470047,0.14630000293254852,0.14669999480247498,0.1379999965429306,0.1446000039577484,0.15489999949932098,0.1428000032901764,0.14669999480247498,0.147599995136261,0.14810000360012054,0.14839999377727509,0.14579999446868896,0.14429999887943268,0.1446000039577484,0.14640000462532043,0.14319999516010284,0.14489999413490295,0.14900000393390656,0.14300000667572021,0.14229999482631683,0.14399999380111694,0.14249999821186066,0.14249999821186066,0.15080000460147858,0.14309999346733093,0.1467999964952469,0.1469999998807907,0.14390000700950623,0.14429999887943268,0.14669999480247498,0.14509999752044678,0.14900000393390656,0.148499995470047,0.1469999998807907,0.14589999616146088,0.1428000032901764,0.14659999310970306,0.14900000393390656,0.15839999914169312,0.14579999446868896,0.16660000383853912,0.1551000028848648,0.1492999941110611,0.1476999968290329,0.14910000562667847,0.14169999957084656,0.14790000021457672,0.14229999482631683,0.14409999549388885,0.15189999341964722,0.14270000159740448,0.1460999995470047,0.1469999998807907,0.13809999823570251,0.1445000022649765,0.147599995136261,0.14740000665187836,0.14079999923706055,0.1468999981880188,0.14390000700950623,0.1446000039577484,0.14309999346733093,0.1468999981880188,0.1429000049829483,0.1469999998807907,0.14390000700950623,0.1459999978542328,0.14419999718666077,0.1467999964952469,0.1460999995470047,0.1459999978542328,0.14830000698566437,0.14640000462532043,0.14669999480247498,0.14740000665187836,0.14560000598430634,0.14350000023841858,0.1451999992132187,0.1460999995470047,0.14499999582767487,0.1459999978542328,0.14270000159740448,0.15489999949932098,0.14499999582767487,0.1551000028848648,0.15639999508857727,0.1404000073671341,0.14810000360012054,0.14640000462532043,0.1437000036239624,0.14730000495910645,0.1371999979019165,0.1436000019311905,0.1468999981880188,0.14380000531673431,0.15240000188350677,0.14640000462532043,0.14350000023841858,0.1459999978542328,0.14730000495910645,0.14110000431537628,0.1386999934911728,0.1485999971628189,0.1459999978542328,0.14489999413490295,0.14339999854564667,0.1436000019311905,0.15029999613761902,0.14579999446868896,0.14550000429153442,0.14229999482631683,0.14869999885559082,0.16769999265670776,0.1459999978542328,0.1378999948501587,0.14390000700950623,0.15000000596046448,0.14499999582767487,0.14640000462532043,0.17409999668598175,0.14229999482631683,0.14560000598430634,0.15729999542236328,0.1396999955177307,0.1420000046491623,0.1476999968290329,0.1460999995470047,0.14079999923706055,0.1462000012397766,0.14920000731945038,0.14229999482631683,0.1485999971628189,0.14650000631809235,0.14429999887943268,0.14810000360012054,0.14910000562667847,0.14499999582767487,0.1451999992132187,0.14740000665187836,0.14730000495910645,0.14030000567436218,0.1485999971628189,0.1451999992132187,0.14659999310970306,0.14190000295639038,0.14869999885559082,0.14350000023841858,0.14869999885559082,0.14710000157356262,0.15790000557899475,0.14730000495910645,0.15690000355243683,0.14659999310970306,0.14180000126361847,0.15289999544620514,0.15780000388622284,0.15049999952316284,0.14569999277591705,0.14730000495910645,0.14300000667572021,0.1527000069618225,0.1404000073671341,0.14720000326633453,0.14839999377727509,0.15029999613761902,0.14640000462532043,0.1460999995470047,0.148499995470047,0.14339999854564667,0.14920000731945038,0.14149999618530273,0.14720000326633453,0.1451999992132187,0.14659999310970306,0.14480000734329224,0.1526000052690506,0.14399999380111694,0.14079999923706055,0.1469999998807907,0.14560000598430634,0.1386999934911728,0.15389999747276306,0.15479999780654907,0.14010000228881836,0.14470000565052032,0.14059999585151672,0.14730000495910645,0.14669999480247498,0.1460999995470047,0.14169999957084656,0.14990000426769257,0.14300000667572021,0.14589999616146088,0.1534000039100647,0.1446000039577484,0.15060000121593475,0.14409999549388885,0.14339999854564667,0.14219999313354492,0.1518000066280365,0.14630000293254852,0.1446000039577484,0.15449999272823334,0.13689999282360077,0.14399999380111694,0.1459999978542328,0.14419999718666077,0.14429999887943268,0.14800000190734863,0.14910000562667847,0.14730000495910645,0.14429999887943268,0.14659999310970306,0.1395999938249588,0.1404000073671341,0.1451999992132187,0.14830000698566437,0.13899999856948853,0.15000000596046448,0.14980000257492065,0.15119999647140503,0.14569999277591705,0.14509999752044678,0.14149999618530273,0.149399995803833,0.1451999992132187,0.14350000023841858,0.14300000667572021,0.14470000565052032,0.14059999585151672,0.14180000126361847,0.14309999346733093,0.14579999446868896,0.14010000228881836,0.14149999618530273,0.14900000393390656,0.14959999918937683,0.1454000025987625,0.1444000005722046,0.13910000026226044,0.14560000598430634,0.13910000026226044,0.14740000665187836,0.14579999446868896,0.14589999616146088,0.14839999377727509,0.1445000022649765,0.14640000462532043,0.14380000531673431,0.14470000565052032,0.14990000426769257,0.14970000088214874,0.15320000052452087,0.14309999346733093,0.14239999651908875,0.14239999651908875,0.14740000665187836,0.1388999968767166,0.1492999941110611,0.1451999992132187,0.15199999511241913,0.14640000462532043,0.14499999582767487,0.1460999995470047,0.14880000054836273,0.1446000039577484,0.14409999549388885,0.14300000667572021,0.15240000188350677,0.14270000159740448,0.15139999985694885,0.14139999449253082,0.1370999962091446,0.14669999480247498,0.14419999718666077,0.1437000036239624,0.1445000022649765,0.14329999685287476,0.14880000054836273,0.1420000046491623,0.1469999998807907,0.14509999752044678,0.1436000019311905,0.14550000429153442,0.1454000025987625,0.14499999582767487,0.14810000360012054,0.14399999380111694,0.14010000228881836,0.14159999787807465,0.15029999613761902,0.14710000157356262,0.15150000154972076,0.14259999990463257,0.14159999787807465,0.1460999995470047,0.14149999618530273,0.14399999380111694,0.14749999344348907,0.13950000703334808,0.14409999549388885,0.14910000562667847,0.13570000231266022,0.14229999482631683,0.14409999549388885,0.14720000326633453,0.14820000529289246,0.1492999941110611,0.14560000598430634,0.14740000665187836,0.14350000023841858,0.16019999980926514,0.14830000698566437,0.1517000049352646,0.14980000257492065,0.14419999718666077,0.14839999377727509,0.1526000052690506,0.14219999313354492,0.1469999998807907,0.1467999964952469,0.14640000462532043,0.14509999752044678,0.14390000700950623,0.14399999380111694,0.14949999749660492,0.15569999814033508,0.1509999930858612,0.1517000049352646,0.14509999752044678,0.1459999978542328,0.16500000655651093,0.14489999413490295,0.14730000495910645,0.14169999957084656,0.14810000360012054,0.14339999854564667,0.14380000531673431,0.14499999582767487,0.15049999952316284,0.14390000700950623,0.14489999413490295,0.14800000190734863,0.14810000360012054,0.14550000429153442,0.14880000054836273,0.1467999964952469,0.14110000431537628,0.1454000025987625,0.1428000032901764,0.14390000700950623,0.14239999651908875,0.14489999413490295,0.163100004196167,0.14720000326633453,0.14350000023841858,0.1500999927520752,0.14169999957084656,0.14399999380111694,0.14319999516010284,0.14110000431537628,0.14880000054836273,0.1428000032901764,0.1485999971628189,0.14190000295639038,0.14869999885559082,0.14839999377727509,0.14970000088214874,0.1445000022649765,0.14839999377727509,0.1445000022649765,0.1445000022649765,0.14499999582767487,0.1526000052690506,0.14480000734329224,0.14659999310970306,0.13910000026226044,0.14949999749660492,0.1485999971628189,0.14900000393390656,0.13899999856948853,0.14319999516010284,0.14560000598430634,0.14990000426769257,0.14219999313354492,0.14659999310970306,0.14429999887943268,0.1445000022649765,0.1453000009059906,0.14480000734329224,0.14630000293254852,0.14710000157356262,0.1535000056028366,0.148499995470047,0.1421000063419342,0.14650000631809235,0.14560000598430634,0.14589999616146088,0.14910000562667847,0.14339999854564667,0.14470000565052032,0.1451999992132187,0.14470000565052032,0.14740000665187836,0.14659999310970306,0.1469999998807907,0.14270000159740448,0.14489999413490295,0.14489999413490295,0.14749999344348907,0.1469999998807907,0.13910000026226044,0.14350000023841858,0.14980000257492065,0.14959999918937683,0.14180000126361847,0.147599995136261,0.14380000531673431,0.14740000665187836,0.15070000290870667,0.1445000022649765,0.147599995136261,0.149399995803833,0.14139999449253082,0.15000000596046448,0.1454000025987625,0.1454000025987625,0.14920000731945038,0.14319999516010284,0.14190000295639038,0.1379999965429306,0.1468999981880188,0.14059999585151672,0.14470000565052032,0.14830000698566437,0.14890000224113464,0.14190000295639038,0.14219999313354492,0.14380000531673431,0.14409999549388885,0.14790000021457672,0.14720000326633453,0.14830000698566437,0.14880000054836273,0.1469999998807907,0.14740000665187836,0.1451999992132187,0.14710000157356262,0.14419999718666077,0.14499999582767487,0.1469999998807907,0.14790000021457672,0.14900000393390656,0.14409999549388885,0.149399995803833,0.13989999890327454,0.14139999449253082,0.1467999964952469,0.14959999918937683,0.15049999952316284,0.1428000032901764,0.1467999964952469,0.1606999933719635,0.14509999752044678,0.14249999821186066,0.1421000063419342,0.14790000021457672,0.13779999315738678,0.1451999992132187,0.14710000157356262,0.1421000063419342,0.1387999951839447,0.15610000491142273,0.14740000665187836,0.1492999941110611,0.1501999944448471,0.14429999887943268,0.14339999854564667,0.14730000495910645,0.15160000324249268,0.1421000063419342,0.148499995470047,0.14810000360012054,0.14229999482631683,0.147599995136261,0.14380000531673431,0.14270000159740448,0.1467999964952469,0.14949999749660492,0.14249999821186066,0.14550000429153442,0.1429000049829483,0.1370999962091446,0.14249999821186066,0.1412999927997589,0.148499995470047,0.1429000049829483,0.14020000398159027,0.14350000023841858,0.14900000393390656,0.14489999413490295,0.14910000562667847,0.1459999978542328,0.14489999413490295,0.14630000293254852,0.14499999582767487,0.148499995470047,0.14249999821186066,0.14429999887943268,0.14300000667572021,0.14079999923706055,0.14270000159740448,0.1501999944448471,0.14669999480247498,0.1477999985218048,0.14380000531673431,0.14259999990463257,0.15960000455379486,0.14499999582767487,0.14569999277591705,0.1404999941587448,0.1387999951839447,0.1460999995470047,0.1476999968290329,0.14319999516010284,0.14110000431537628,0.14419999718666077,0.14550000429153442,0.14219999313354492,0.14169999957084656,0.14419999718666077,0.14219999313354492,0.1451999992132187,0.14920000731945038,0.1445000022649765,0.14740000665187836,0.15559999644756317,0.16040000319480896,0.1428000032901764,0.14880000054836273,0.15060000121593475,0.1615999937057495,0.15850000083446503,0.14820000529289246,0.14239999651908875,0.14640000462532043,0.1500999927520752,0.14069999754428864,0.1412999927997589,0.14270000159740448,0.149399995803833,0.1485999971628189,0.1477999985218048,0.14470000565052032,0.14550000429153442,0.14419999718666077,0.1467999964952469,0.14149999618530273,0.14949999749660492,0.1404000073671341,0.1444000005722046,0.14830000698566437,0.1477999985218048,0.1412000060081482,0.1517000049352646,0.1462000012397766,0.14219999313354492,0.14139999449253082,0.14069999754428864,0.14149999618530273,0.14990000426769257,0.14740000665187836,0.14190000295639038,0.14579999446868896,0.14270000159740448,0.14110000431537628,0.14910000562667847,0.1412000060081482,0.15039999783039093,0.14300000667572021,0.1445000022649765,0.14000000059604645,0.16300000250339508,0.1477999985218048,0.14079999923706055,0.14380000531673431,0.15719999372959137,0.13899999856948853,0.14480000734329224,0.1485999971628189,0.14579999446868896,0.14390000700950623,0.14630000293254852,0.1453000009059906,0.1590999960899353,0.14640000462532043,0.14380000531673431,0.14569999277591705,0.14900000393390656,0.15080000460147858,0.13570000231266022,0.14710000157356262,0.1453000009059906,0.1469999998807907,0.1436000019311905,0.14830000698566437,0.14630000293254852,0.15800000727176666,0.1459999978542328,0.14409999549388885,0.1453000009059906,0.14800000190734863,0.14669999480247498,0.14550000429153442,0.14800000190734863,0.14499999582767487,0.14300000667572021,0.14720000326633453,0.1371999979019165,0.14980000257492065,0.1468999981880188,0.14030000567436218,0.15299999713897705,0.14990000426769257,0.14329999685287476,0.14190000295639038,0.1451999992132187,0.14300000667572021,0.14239999651908875,0.1467999964952469,0.14319999516010284,0.14830000698566437,0.14350000023841858,0.1477999985218048,0.14560000598430634,0.14800000190734863,0.14180000126361847,0.1459999978542328,0.14749999344348907,0.1468999981880188,0.14419999718666077,0.13920000195503235,0.15489999949932098,0.14740000665187836,0.15029999613761902,0.14319999516010284,0.14480000734329224,0.14869999885559082,0.14800000190734863,0.147599995136261,0.15039999783039093,0.1446000039577484,0.1476999968290329,0.14159999787807465,0.1476999968290329,0.14259999990463257,0.1445000022649765,0.14810000360012054,0.1404000073671341,0.14300000667572021,0.14589999616146088,0.14390000700950623,0.1436000019311905,0.14030000567436218,0.1451999992132187,0.1525000035762787,0.14090000092983246,0.149399995803833,0.16200000047683716,0.1459999978542328,0.14429999887943268,0.14229999482631683,0.14990000426769257,0.14749999344348907,0.14659999310970306,0.14820000529289246,0.14180000126361847,0.14669999480247498,0.1469999998807907,0.14869999885559082,0.14350000023841858,0.1517000049352646,0.15039999783039093,0.14900000393390656,0.15029999613761902,0.15459999442100525,0.15129999816417694,0.14740000665187836,0.14949999749660492,0.14710000157356262,0.1509999930858612,0.14730000495910645,0.1459999978542328,0.14429999887943268,0.14259999990463257,0.1412000060081482,0.1453000009059906,0.14329999685287476,0.14339999854564667,0.14589999616146088,0.14239999651908875,0.1421000063419342,0.14800000190734863,0.14329999685287476,0.14839999377727509,0.13860000669956207,0.14839999377727509,0.1437000036239624,0.14669999480247498,0.14300000667572021,0.1451999992132187,0.1429000049829483,0.14589999616146088,0.14579999446868896,0.14190000295639038,0.13910000026226044,0.14800000190734863,0.1437000036239624,0.14399999380111694,0.149399995803833,0.14839999377727509,0.14480000734329224,0.15299999713897705,0.1485999971628189,0.1396999955177307,0.1459999978542328,0.14100000262260437,0.15320000052452087,0.1445000022649765,0.15109999477863312,0.14300000667572021,0.14640000462532043,0.1420000046491623,0.14180000126361847,0.14650000631809235,0.14229999482631683,0.1598999947309494,0.1453000009059906,0.1436000019311905,0.14249999821186066,0.1477999985218048,0.1485999971628189,0.1468999981880188,0.14569999277591705,0.1429000049829483,0.14300000667572021,0.1469999998807907,0.1446000039577484,0.14319999516010284,0.14630000293254852,0.15139999985694885,0.14749999344348907,0.14489999413490295,0.14390000700950623,0.15080000460147858,0.13950000703334808,0.15399999916553497,0.1445000022649765,0.14980000257492065,0.1485999971628189,0.14509999752044678,0.1476999968290329,0.1509000062942505,0.14659999310970306,0.14429999887943268,0.13899999856948853,0.1525000035762787,0.14589999616146088,0.1467999964952469,0.14730000495910645,0.13819999992847443,0.1451999992132187,0.14740000665187836,0.1462000012397766,0.14159999787807465,0.1429000049829483,0.1509000062942505,0.14419999718666077,0.14869999885559082,0.13689999282360077,0.14159999787807465,0.14869999885559082,0.14390000700950623,0.14800000190734863,0.147599995136261,0.1446000039577484,0.1445000022649765,0.15289999544620514,0.14259999990463257,0.14569999277591705,0.1445000022649765,0.14720000326633453,0.15279999375343323,0.1446000039577484,0.15150000154972076,0.149399995803833,0.1565999984741211,0.14149999618530273,0.1468999981880188,0.16419999301433563,0.1454000025987625,0.13760000467300415,0.14980000257492065,0.14710000157356262,0.1436000019311905,0.15109999477863312,0.1509999930858612,0.1462000012397766,0.1462000012397766,0.15039999783039093,0.1420000046491623,0.14339999854564667,0.14300000667572021,0.15060000121593475,0.149399995803833,0.15389999747276306,0.1534000039100647,0.149399995803833,0.1460999995470047,0.1436000019311905,0.14880000054836273,0.1412999927997589,0.1469999998807907,0.14429999887943268,0.14550000429153442,0.1468999981880188,0.15049999952316284,0.13850000500679016,0.15139999985694885,0.1518000066280365,0.15070000290870667,0.14579999446868896,0.14270000159740448,0.14659999310970306,0.13830000162124634,0.1454000025987625,0.14319999516010284,0.14650000631809235,0.14949999749660492,0.14839999377727509,0.1451999992132187,0.14090000092983246,0.1518000066280365,0.1445000022649765,0.1451999992132187,0.13899999856948853,0.14900000393390656,0.14190000295639038,0.1428000032901764,0.14229999482631683,0.1501999944448471,0.14710000157356262,0.14569999277591705,0.1444000005722046,0.14100000262260437,0.14810000360012054,0.15129999816417694,0.14339999854564667,0.14589999616146088,0.1485999971628189,0.15109999477863312,0.14090000092983246,0.17470000684261322,0.14499999582767487,0.14489999413490295,0.14249999821186066,0.1460999995470047,0.1469999998807907,0.14959999918937683,0.1527000069618225,0.1453000009059906,0.14900000393390656,0.14810000360012054,0.1468999981880188,0.14399999380111694,0.14749999344348907,0.1467999964952469,0.14839999377727509,0.14180000126361847,0.1468999981880188,0.14190000295639038,0.14659999310970306,0.1429000049829483,0.1451999992132187,0.14419999718666077,0.1501999944448471,0.14990000426769257,0.14659999310970306,0.1453000009059906,0.13940000534057617,0.14589999616146088,0.15150000154972076,0.14429999887943268,0.14319999516010284,0.1404000073671341,0.14640000462532043,0.14640000462532043,0.14390000700950623,0.14000000059604645,0.14880000054836273,0.1477999985218048,0.14740000665187836,0.14339999854564667,0.14880000054836273,0.14659999310970306,0.1444000005722046,0.15189999341964722,0.14239999651908875,0.1445000022649765,0.14810000360012054,0.14499999582767487,0.14419999718666077,0.15000000596046448,0.14259999990463257,0.1467999964952469,0.14380000531673431,0.14550000429153442,0.13850000500679016,0.14149999618530273,0.14630000293254852,0.1437000036239624,0.1467999964952469,0.13989999890327454,0.1468999981880188,0.1543000042438507,0.14419999718666077,0.14300000667572021,0.14480000734329224,0.14489999413490295,0.1453000009059906,0.1459999978542328,0.149399995803833,0.14790000021457672,0.14669999480247498,0.1429000049829483,0.14550000429153442,0.1518000066280365,0.1509000062942505,0.1500999927520752,0.1527000069618225,0.1476999968290329,0.14069999754428864,0.14509999752044678,0.14920000731945038,0.14329999685287476,0.14249999821186066,0.14329999685287476,0.15060000121593475,0.14020000398159027,0.13740000128746033,0.14869999885559082,0.1437000036239624,0.13779999315738678,0.15309999883174896,0.15049999952316284,0.14499999582767487,0.1420000046491623,0.15309999883174896,0.1469999998807907,0.14480000734329224,0.14720000326633453,0.15070000290870667,0.14659999310970306,0.14139999449253082,0.15240000188350677,0.14339999854564667,0.1460999995470047,0.14900000393390656,0.14569999277591705,0.15209999680519104,0.1444000005722046,0.1436000019311905,0.14730000495910645,0.14959999918937683,0.14259999990463257,0.14380000531673431,0.14259999990463257,0.1436000019311905,0.147599995136261,0.14890000224113464,0.1451999992132187,0.14920000731945038,0.1468999981880188,0.14949999749660492,0.1404999941587448,0.1459999978542328,0.15060000121593475,0.14839999377727509,0.14100000262260437,0.1469999998807907,0.14190000295639038,0.14669999480247498,0.14810000360012054,0.14059999585151672,0.14079999923706055,0.1445000022649765,0.14239999651908875,0.14589999616146088,0.14910000562667847,0.14380000531673431,0.1404999941587448,0.14169999957084656,0.14329999685287476,0.1467999964952469,0.1446000039577484
0.07930000126361847,0.08160000294446945,0.08160000294446945,0.07999999821186066,0.07810000330209732,0.07639999687671661,0.0794999971985817,0.07530000060796738,0.07660000026226044,0.07569999992847443,0.07989999651908875,0.08139999955892563,0.07800000160932541,0.07779999822378159,0.07810000330209732,0.08150000125169754,0.08049999922513962,0.08089999854564667,0.0812000036239624,0.08009999990463257,0.07890000194311142,0.07779999822378159,0.08030000329017639,0.07829999923706055,0.07900000363588333,0.08070000261068344,0.07829999923706055,0.07810000330209732,0.07880000025033951,0.07880000025033951,0.0812000036239624,0.08510000258684158,0.07320000231266022,0.08240000158548355,0.08510000258684158,0.07779999822378159,0.0786999985575676,0.0794999971985817,0.08129999786615372,0.07519999891519547,0.07569999992847443,0.07509999722242355,0.08139999955892563,0.07729999721050262,0.07840000092983246,0.07940000295639038,0.0771000012755394,0.08089999854564667,0.07850000262260437,0.07930000126361847,0.08009999990463257,0.07649999856948853,0.07329999655485153,0.07739999890327454,0.07670000195503235,0.07680000364780426,0.07829999923706055,0.0763000026345253,0.07840000092983246,0.07729999721050262,0.08030000329017639,0.08229999989271164,0.07609999924898148,0.08330000191926956,0.07919999957084656,0.07769999653100967,0.08169999718666077,0.08150000125169754,0.07729999721050262,0.08190000057220459,0.08020000159740448,0.07699999958276749,0.08169999718666077,0.07599999755620956,0.07779999822378159,0.07850000262260437,0.08540000021457672,0.07989999651908875,0.08250000327825546,0.08340000361204147,0.07919999957084656,0.08190000057220459,0.07819999754428864,0.08399999886751175,0.08020000159740448,0.07989999651908875,0.08449999988079071,0.0794999971985817,0.07919999957084656,0.0794999971985817,0.07660000026226044,0.0803999975323677,0.07859999686479568,0.07599999755620956,0.08290000259876251,0.07769999653100967,0.0771000012755394,0.0803999975323677,0.07819999754428864,0.08399999886751175,0.07850000262260437,0.07980000227689743,0.07569999992847443,0.08169999718666077,0.07649999856948853,0.0803999975323677,0.08250000327825546,0.07779999822378159,0.07519999891519547,0.08079999685287476,0.07829999923706055,0.07689999788999557,0.0778999999165535,0.07810000330209732,0.08060000091791153,0.07609999924898148,0.08229999989271164,0.07639999687671661,0.0763000026345253,0.08240000158548355,0.07720000296831131,0.07649999856948853,0.0729999989271164,0.07909999787807465,0.07649999856948853,0.08089999854564667,0.08179999887943268,0.07930000126361847,0.08089999854564667,0.07680000364780426,0.0754999965429306,0.07609999924898148,0.07919999957084656,0.0754999965429306,0.0820000022649765,0.0778999999165535,0.08299999684095383,0.08219999819993973,0.08209999650716782,0.07410000264644623,0.08110000193119049,0.07580000162124634,0.08060000091791153,0.08179999887943268,0.07559999823570251,0.07720000296831131,0.07919999957084656,0.08250000327825546,0.07880000025033951,0.07989999651908875,0.07410000264644623,0.08240000158548355,0.08309999853372574,0.08129999786615372,0.08049999922513962,0.07739999890327454,0.07989999651908875,0.07850000262260437,0.07670000195503235,0.07400000095367432,0.08070000261068344,0.07959999889135361,0.07769999653100967,0.07530000060796738,0.07909999787807465,0.07779999822378159,0.07940000295639038,0.07649999856948853,0.07919999957084656,0.0820000022649765,0.07800000160932541,0.07810000330209732,0.07490000128746033,0.0771000012755394,0.08009999990463257,0.07680000364780426,0.07800000160932541,0.07840000092983246,0.08030000329017639,0.07729999721050262,0.07999999821186066,0.07419999688863754,0.07670000195503235,0.0771000012755394,0.0794999971985817,0.08460000157356262,0.08179999887943268,0.08060000091791153,0.07599999755620956,0.07500000298023224,0.08209999650716782,0.07739999890327454,0.08190000057220459,0.08309999853372574,0.07909999787807465,0.07580000162124634,0.07509999722242355,0.07500000298023224,0.08089999854564667,0.07599999755620956,0.07270000129938126,0.08219999819993973,0.07970000058412552,0.07450000196695328,0.07689999788999557,0.07999999821186066,0.07590000331401825,0.08160000294446945,0.0812000036239624,0.08150000125169754,0.0778999999165535,0.07819999754428864,0.07930000126361847,0.0794999971985817,0.08049999922513962,0.08420000225305557,0.07859999686479568,0.08020000159740448,0.08219999819993973,0.07800000160932541,0.07609999924898148,0.07800000160932541,0.07680000364780426,0.07890000194311142,0.08349999785423279,0.07779999822378159,0.07859999686479568,0.07720000296831131,0.07490000128746033,0.0794999971985817,0.0812000036239624,0.08160000294446945,0.07720000296831131,0.08009999990463257,0.07800000160932541,0.07559999823570251,0.0771000012755394,0.07680000364780426,0.0786999985575676,0.08009999990463257,0.07840000092983246,0.07729999721050262,0.08079999685287476,0.0771000012755394,0.07829999923706055,0.07959999889135361,0.07989999651908875,0.0794999971985817,0.07959999889135361,0.07779999822378159,0.07959999889135361,0.08160000294446945,0.08009999990463257,0.07500000298023224,0.07419999688863754,0.07599999755620956,0.0828000009059906,0.08009999990463257,0.07660000026226044,0.07890000194311142,0.07699999958276749,0.07900000363588333,0.08449999988079071,0.07729999721050262,0.07819999754428864,0.07689999788999557,0.07959999889135361,0.07940000295639038,0.07810000330209732,0.07649999856948853,0.07419999688863754,0.07729999721050262,0.0786999985575676,0.07620000094175339,0.08579999953508377,0.07840000092983246,0.08259999752044678,0.07270000129938126,0.07959999889135361,0.07880000025033951,0.08129999786615372,0.07639999687671661,0.07699999958276749,0.07810000330209732,0.07509999722242355,0.07810000330209732,0.08169999718666077,0.07999999821186066,0.08020000159740448,0.07919999957084656,0.07919999957084656,0.07689999788999557,0.08079999685287476,0.07859999686479568,0.07930000126361847,0.07850000262260437,0.07900000363588333,0.07779999822378159,0.08079999685287476,0.08190000057220459,0.07940000295639038,0.07720000296831131,0.07909999787807465,0.08380000293254852,0.08009999990463257,0.0786999985575676,0.07999999821186066,0.07850000262260437,0.07859999686479568,0.07689999788999557,0.07720000296831131,0.08160000294446945,0.07540000230073929,0.08209999650716782,0.08079999685287476,0.07779999822378159,0.0771000012755394,0.08049999922513962,0.08049999922513962,0.07930000126361847,0.08269999921321869,0.07940000295639038,0.07720000296831131,0.08110000193119049,0.07810000330209732,0.07959999889135361,0.0729999989271164,0.08060000091791153,0.07509999722242355,0.07270000129938126,0.07750000059604645,0.07999999821186066,0.08330000191926956,0.07739999890327454,0.07850000262260437,0.08009999990463257,0.08020000159740448,0.07890000194311142,0.0778999999165535,0.07890000194311142,0.07670000195503235,0.0722000002861023,0.08229999989271164,0.07519999891519547,0.08479999750852585,0.08169999718666077,0.08309999853372574,0.08110000193119049,0.07769999653100967,0.07530000060796738,0.08290000259876251,0.08299999684095383,0.07980000227689743,0.08100000023841858,0.07509999722242355,0.07980000227689743,0.08229999989271164,0.07779999822378159,0.08009999990463257,0.07609999924898148,0.07959999889135361,0.07270000129938126,0.07729999721050262,0.07890000194311142,0.07689999788999557,0.08060000091791153,0.07890000194311142,0.07620000094175339,0.07890000194311142,0.07930000126361847,0.08209999650716782,0.07840000092983246,0.07689999788999557,0.0778999999165535,0.07859999686479568,0.08009999990463257,0.07819999754428864,0.0892999991774559,0.07720000296831131,0.07649999856948853,0.0812000036239624,0.07699999958276749,0.08190000057220459,0.08150000125169754,0.0828000009059906,0.0778999999165535,0.07800000160932541,0.07769999653100967,0.07739999890327454,0.08290000259876251,0.08100000023841858,0.0771000012755394,0.08190000057220459,0.07649999856948853,0.07930000126361847,0.0754999965429306,0.08020000159740448,0.07890000194311142,0.07540000230073929,0.08060000091791153,0.07999999821186066,0.07930000126361847,0.0803999975323677,0.08449999988079071,0.07739999890327454,0.07810000330209732,0.07609999924898148,0.07509999722242355,0.07999999821186066,0.07800000160932541,0.07519999891519547,0.08269999921321869,0.07590000331401825,0.07930000126361847,0.07689999788999557,0.0714000016450882,0.07760000228881836,0.08309999853372574,0.07919999957084656,0.07540000230073929,0.0737999975681305,0.07909999787807465,0.08429999649524689,0.07609999924898148,0.08209999650716782,0.07559999823570251,0.07699999958276749,0.08020000159740448,0.07919999957084656,0.07970000058412552,0.08240000158548355,0.07890000194311142,0.07850000262260437,0.07940000295639038,0.07800000160932541,0.07460000365972519,0.07509999722242355,0.08640000224113464,0.07890000194311142,0.08030000329017639,0.0763000026345253,0.07609999924898148,0.07649999856948853,0.07649999856948853,0.0835999995470047,0.07590000331401825,0.07959999889135361,0.07980000227689743,0.07249999791383743,0.07840000092983246,0.07639999687671661,0.0812000036239624,0.07980000227689743,0.07919999957084656,0.08030000329017639,0.07829999923706055,0.08009999990463257,0.08389999717473984,0.07639999687671661,0.07959999889135361,0.08320000022649765,0.08269999921321869,0.08179999887943268,0.07639999687671661,0.07750000059604645,0.0778999999165535,0.07800000160932541,0.07859999686479568,0.08169999718666077,0.0803999975323677,0.08160000294446945,0.08370000123977661,0.07760000228881836,0.0754999965429306,0.0778999999165535,0.08030000329017639,0.08250000327825546,0.0786999985575676,0.0851999968290329,0.08269999921321869,0.07540000230073929,0.07989999651908875,0.08070000261068344,0.07440000027418137,0.07900000363588333,0.08420000225305557,0.0771000012755394,0.07509999722242355,0.08060000091791153,0.07859999686479568,0.07800000160932541,0.0803999975323677,0.08020000159740448,0.08089999854564667,0.07819999754428864,0.0771000012755394,0.08259999752044678,0.07769999653100967,0.0771000012755394,0.07559999823570251,0.08030000329017639,0.07850000262260437,0.07930000126361847,0.08079999685287476,0.07989999651908875,0.08009999990463257,0.07180000096559525,0.07639999687671661,0.08240000158548355,0.07970000058412552,0.07599999755620956,0.07729999721050262,0.07739999890327454,0.0778999999165535,0.0794999971985817,0.08330000191926956,0.07590000331401825,0.07739999890327454,0.08190000057220459,0.08009999990463257,0.08089999854564667,0.07909999787807465,0.08169999718666077,0.07800000160932541,0.08380000293254852,0.07569999992847443,0.08079999685287476,0.07850000262260437,0.08190000057220459,0.0763000026345253,0.07829999923706055,0.07569999992847443,0.07419999688863754,0.08160000294446945,0.07739999890327454,0.07980000227689743,0.07720000296831131,0.07440000027418137,0.0786999985575676,0.0778999999165535,0.0786999985575676,0.07670000195503235,0.08190000057220459,0.07689999788999557,0.08110000193119049,0.07479999959468842,0.07919999957084656,0.07970000058412552,0.08179999887943268,0.08139999955892563,0.08129999786615372,0.07819999754428864,0.07559999823570251,0.07900000363588333,0.0794999971985817,0.07959999889135361,0.08100000023841858,0.07819999754428864,0.07519999891519547,0.07819999754428864,0.0786999985575676,0.0812000036239624,0.07900000363588333,0.07930000126361847,0.08049999922513962,0.07590000331401825,0.07779999822378159,0.0828000009059906,0.0828000009059906,0.07980000227689743,0.08209999650716782,0.07580000162124634,0.07880000025033951,0.07859999686479568,0.07479999959468842,0.07930000126361847,0.07559999823570251,0.08209999650716782,0.07410000264644623,0.08070000261068344,0.07829999923706055,0.08049999922513962,0.08550000190734863,0.07800000160932541,0.0778999999165535,0.07769999653100967,0.07800000160932541,0.0746999979019165,0.07159999758005142,0.08100000023841858,0.07880000025033951,0.07930000126361847,0.0754999965429306,0.07429999858140945,0.07829999923706055,0.07919999957084656,0.0843999981880188,0.08219999819993973,0.07959999889135361,0.08110000193119049,0.07779999822378159,0.07959999889135361,0.07970000058412552,0.07940000295639038,0.07919999957084656,0.08049999922513962,0.07660000026226044,0.07530000060796738,0.08420000225305557,0.07670000195503235,0.07959999889135361,0.07639999687671661,0.08190000057220459,0.07280000299215317,0.07689999788999557,0.07559999823570251,0.08049999922513962,0.0737999975681305,0.0820000022649765,0.0812000036239624,0.0754999965429306,0.07620000094175339,0.08079999685287476,0.0794999971985817,0.07859999686479568,0.08009999990463257,0.0722000002861023,0.08060000091791153,0.08330000191926956,0.07670000195503235,0.08299999684095383,0.07819999754428864,0.07729999721050262,0.07970000058412552,0.0794999971985817,0.07649999856948853,0.07569999992847443,0.07660000026226044,0.07769999653100967,0.07680000364780426,0.07959999889135361,0.08060000091791153,0.0803999975323677,0.07530000060796738,0.07909999787807465,0.0835999995470047,0.08100000023841858,0.08020000159740448,0.07720000296831131,0.0812000036239624,0.0835999995470047,0.07660000026226044,0.07800000160932541,0.08060000091791153,0.08380000293254852,0.07999999821186066,0.07970000058412552,0.07490000128746033,0.07620000094175339,0.07689999788999557,0.07750000059604645,0.07750000059604645,0.07769999653100967,0.08089999854564667,0.0812000036239624,0.08410000056028366,0.07720000296831131,0.07829999923706055,0.0812000036239624,0.0843999981880188,0.0754999965429306,0.07699999958276749,0.07900000363588333,0.07609999924898148,0.07859999686479568,0.07909999787807465,0.08209999650716782,0.0763000026345253,0.07720000296831131,0.07460000365972519,0.08089999854564667,0.07900000363588333,0.08009999990463257,0.0738999992609024,0.07620000094175339,0.07660000026226044,0.08100000023841858,0.07959999889135361,0.07559999823570251,0.0778999999165535,0.0794999971985817,0.07779999822378159,0.08139999955892563,0.07810000330209732,0.08139999955892563,0.07840000092983246,0.07509999722242355,0.07569999992847443,0.07859999686479568,0.07840000092983246,0.08089999854564667,0.07590000331401825,0.07880000025033951,0.0843999981880188,0.07729999721050262,0.08020000159740448,0.08190000057220459,0.07729999721050262,0.07729999721050262,0.08049999922513962,0.07840000092983246,0.08049999922513962,0.08209999650716782,0.0729999989271164,0.07440000027418137,0.07699999958276749,0.07810000330209732,0.07810000330209732,0.0771000012755394,0.08139999955892563,0.07829999923706055,0.08049999922513962,0.07609999924898148,0.07840000092983246,0.07829999923706055,0.0794999971985817,0.07199999690055847,0.08110000193119049,0.0820000022649765,0.0794999971985817,0.07729999721050262,0.07699999958276749,0.08100000023841858,0.0778999999165535,0.07959999889135361,0.08089999854564667,0.08160000294446945,0.07890000194311142,0.08049999922513962,0.0794999971985817,0.07880000025033951,0.07540000230073929,0.07689999788999557,0.08240000158548355,0.07680000364780426,0.08489999920129776,0.07930000126361847,0.0812000036239624,0.08060000091791153,0.08259999752044678,0.0729999989271164,0.08110000193119049,0.0778999999165535,0.07339999824762344,0.08410000056028366,0.07829999923706055,0.07930000126361847,0.08380000293254852,0.07680000364780426,0.07750000059604645,0.07810000330209732,0.07649999856948853,0.07599999755620956,0.0820000022649765,0.07479999959468842,0.07660000026226044,0.08399999886751175,0.07750000059604645,0.08070000261068344,0.07620000094175339,0.0722000002861023,0.07989999651908875,0.07699999958276749,0.07580000162124634,0.07680000364780426,0.07729999721050262,0.08129999786615372,0.07959999889135361,0.07599999755620956,0.0778999999165535,0.07890000194311142,0.07769999653100967,0.08240000158548355,0.07989999651908875,0.07989999651908875,0.08089999854564667,0.07940000295639038,0.0763000026345253,0.0746999979019165,0.0763000026345253,0.07919999957084656,0.0778999999165535,0.08070000261068344,0.07419999688863754,0.08190000057220459,0.07980000227689743,0.08020000159740448,0.07810000330209732,0.07649999856948853,0.08240000158548355,0.07760000228881836,0.07729999721050262,0.07810000330209732,0.07750000059604645,0.08240000158548355,0.0794999971985817,0.07660000026226044,0.0803999975323677,0.07930000126361847,0.07810000330209732,0.07760000228881836,0.08030000329017639,0.08330000191926956,0.07909999787807465,0.07930000126361847,0.07940000295639038,0.07739999890327454,0.08150000125169754,0.07919999957084656,0.07980000227689743,0.07750000059604645,0.07569999992847443,0.07729999721050262,0.0820000022649765,0.07639999687671661,0.07169999927282333,0.07919999957084656,0.07999999821186066,0.0794999971985817,0.07739999890327454,0.07959999889135361,0.07850000262260437,0.07980000227689743,0.07620000094175339,0.0812000036239624,0.07930000126361847,0.08060000091791153,0.07460000365972519,0.0706000030040741,0.07930000126361847,0.07779999822378159,0.08290000259876251,0.07450000196695328,0.0820000022649765,0.07720000296831131,0.08190000057220459,0.07729999721050262,0.08250000327825546,0.07199999690055847,0.0771000012755394,0.07720000296831131,0.07680000364780426,0.07569999992847443,0.08020000159740448,0.07819999754428864,0.07750000059604645,0.07930000126361847,0.0803999975323677,0.07940000295639038,0.08560000360012054,0.07819999754428864,0.08190000057220459,0.08219999819993973,0.07850000262260437,0.07999999821186066,0.07890000194311142,0.07639999687671661,0.07720000296831131,0.07760000228881836,0.07989999651908875,0.08110000193119049,0.07639999687671661,0.07890000194311142,0.07919999957084656,0.07500000298023224,0.07540000230073929,0.0778999999165535,0.07940000295639038,0.08009999990463257,0.08100000023841858,0.07760000228881836,0.08470000326633453,0.08389999717473984,0.08209999650716782,0.07919999957084656,0.08240000158548355,0.0820000022649765,0.0812000036239624,0.08190000057220459,0.08259999752044678,0.07720000296831131,0.07959999889135361,0.0778999999165535,0.07639999687671661,0.07970000058412552,0.07940000295639038,0.07919999957084656,0.07980000227689743,0.07580000162124634,0.07810000330209732,0.08349999785423279,0.07779999822378159,0.07980000227689743,0.07769999653100967,0.07609999924898148,0.07810000330209732,0.08139999955892563,0.07660000026226044,0.07620000094175339,0.07670000195503235,0.07660000026226044,0.0786999985575676,0.07760000228881836,0.07800000160932541,0.08259999752044678,0.0778999999165535,0.07639999687671661,0.08139999955892563,0.07810000330209732,0.08240000158548355,0.07490000128746033,0.08020000159740448,0.0771000012755394,0.07769999653100967,0.07479999959468842,0.07819999754428864,0.08389999717473984,0.08009999990463257,0.07289999723434448,0.08160000294446945,0.07999999821186066,0.07460000365972519,0.07959999889135361,0.08079999685287476,0.07980000227689743,0.08139999955892563,0.07599999755620956,0.07729999721050262,0.07670000195503235,0.07980000227689743,0.08089999854564667,0.07810000330209732,0.07760000228881836,0.08139999955892563,0.08370000123977661,0.07940000295639038,0.07970000058412552,0.08079999685287476,0.08290000259876251,0.07919999957084656,0.0729999989271164,0.08429999649524689,0.07689999788999557,0.07999999821186066,0.07819999754428864,0.07750000059604645,0.07519999891519547,0.08030000329017639,0.07779999822378159,0.08060000091791153,0.08240000158548355,0.07590000331401825,0.07509999722242355,0.07660000026226044,0.08020000159740448,0.07490000128746033,0.08060000091791153,0.07729999721050262,0.08209999650716782,0.0731000006198883,0.08020000159740448,0.07689999788999557,0.08020000159740448,0.07909999787807465,0.07289999723434448,0.08229999989271164,0.07649999856948853,0.07699999958276749,0.07840000092983246,0.07919999957084656,0.08179999887943268,0.0812000036239624,0.07670000195503235,0.07739999890327454,0.07970000058412552,0.08309999853372574,0.08129999786615372,0.07779999822378159,0.07720000296831131,0.08089999854564667,0.08129999786615372,0.07989999651908875,0.07410000264644623,0.07590000331401825,0.07819999754428864,0.08089999854564667,0.0786999985575676,0.07890000194311142,0.07450000196695328,0.07769999653100967,0.07930000126361847,0.07660000026226044,0.08150000125169754,0.07739999890327454,0.07970000058412552,0.0820000022649765,0.07479999959468842,0.07829999923706055,0.08020000159740448,0.07850000262260437,0.07970000058412552,0.07779999822378159,0.07989999651908875,0.07559999823570251,0.07559999823570251,0.07739999890327454,0.07760000228881836,0.07339999824762344,0.08240000158548355,0.07689999788999557,0.07989999651908875,0.07779999822378159,0.07540000230073929,0.07819999754428864,0.07930000126361847,0.07590000331401825,0.08150000125169754,0.07880000025033951,0.08420000225305557,0.07490000128746033,0.07800000160932541,0.07980000227689743,0.07959999889135361,0.08049999922513962,0.07750000059604645,0.08190000057220459,0.07840000092983246,0.08110000193119049,0.0786999985575676,0.08429999649524689,0.07699999958276749,0.08110000193119049,0.07739999890327454,0.07750000059604645,0.08529999852180481,0.08129999786615372,0.07819999754428864,0.0763000026345253,0.07850000262260437,0.0786999985575676,0.07840000092983246,0.08139999955892563,0.08020000159740448,0.07880000025033951,0.07620000094175339,0.07699999958276749,0.07729999721050262,0.07859999686479568,0.07660000026226044,0.07999999821186066,0.08079999685287476,0.0812000036239624,0.0771000012755394,0.0794999971985817,0.08129999786615372,0.07530000060796738,0.07940000295639038,0.0794999971985817,0.07959999889135361,0.08410000056028366,0.07919999957084656,0.07769999653100967,0.0794999971985817,0.07999999821186066,0.07739999890327454,0.07959999889135361,0.07689999788999557,0.08209999650716782,0.07699999958276749,0.08709999918937683,0.08449999988079071,0.08150000125169754,0.08079999685287476,0.07959999889135361,0.07940000295639038,0.08100000023841858,0.07419999688863754,0.0820000022649765,0.07980000227689743,0.07930000126361847,0.08320000022649765,0.07829999923706055,0.0803999975323677,0.07800000160932541,0.07769999653100967,0.07670000195503235,0.07590000331401825,0.0803999975323677,0.07769999653100967,0.07760000228881836,0.08079999685287476,0.0812000036239624,0.08420000225305557,0.08049999922513962,0.07859999686479568,0.07599999755620956,0.08060000091791153,0.07450000196695328,0.07689999788999557,0.07370000332593918,0.07940000295639038,0.08129999786615372,0.07739999890327454,0.07900000363588333,0.08309999853372574,0.07599999755620956,0.07890000194311142,0.08089999854564667,0.07500000298023224,0.08110000193119049,0.0812000036239624,0.07739999890327454,0.07649999856948853,0.07989999651908875,0.08089999854564667,0.07840000092983246,0.07850000262260437,0.07859999686479568,0.08070000261068344,0.08299999684095383,0.0820000022649765,0.07750000059604645,0.07609999924898148,0.07829999923706055,0.07519999891519547,0.07360000163316727,0.08150000125169754,0.07840000092983246,0.07959999889135361,0.07460000365972519,0.07760000228881836,0.07750000059604645,0.08129999786615372,0.08129999786615372,0.08590000122785568,0.08089999854564667,0.0771000012755394,0.07850000262260437,0.07880000025033951,0.08579999953508377,0.0771000012755394,0.08009999990463257,0.07660000026226044,0.08240000158548355,0.0738999992609024,0.08060000091791153,0.07999999821186066,0.08269999921321869,0.08079999685287476,0.08250000327825546,0.08190000057220459,0.08309999853372574,0.08269999921321869,0.0746999979019165,0.08489999920129776,0.07880000025033951,0.07980000227689743,0.07890000194311142,0.07689999788999557,0.07699999958276749,0.08460000157356262,0.07900000363588333,0.07900000363588333,0.08150000125169754,0.07540000230073929,0.07980000227689743,0.0771000012755394,0.08479999750852585,0.07959999889135361,0.07829999923706055,0.07670000195503235,0.0737999975681305,0.08479999750852585,0.0812000036239624,0.07320000231266022,0.08529999852180481,0.07810000330209732,0.08070000261068344,0.08070000261068344,0.08150000125169754,0.07680000364780426,0.08250000327825546,0.07829999923706055,0.07970000058412552,0.08389999717473984,0.08169999718666077,0.07980000227689743,0.08529999852180481,0.07479999959468842,0.08070000261068344,0.07500000298023224,0.07660000026226044,0.07590000331401825,0.07840000092983246,0.08160000294446945,0.0786999985575676,0.08330000191926956,0.0754999965429306,0.07360000163316727,0.08139999955892563,0.08089999854564667,0.0843999981880188,0.0754999965429306,0.07850000262260437,0.08139999955892563,0.08219999819993973,0.07989999651908875,0.08079999685287476,0.07739999890327454,0.0843999981880188,0.08240000158548355,0.07639999687671661,0.07890000194311142,0.0828000009059906,0.07819999754428864,0.07419999688863754,0.07609999924898148,0.08240000158548355,0.07720000296831131,0.07670000195503235,0.08070000261068344,0.08259999752044678,0.07769999653100967,0.07490000128746033,0.07779999822378159,0.07800000160932541,0.07930000126361847,0.08150000125169754,0.07599999755620956,0.07769999653100967,0.08020000159740448,0.07639999687671661,0.07930000126361847,0.07739999890327454,0.07980000227689743,0.08229999989271164,0.07989999651908875,0.07999999821186066,0.07859999686479568,0.07580000162124634,0.07769999653100967,0.08269999921321869,0.0778999999165535,0.08150000125169754,0.08160000294446945,0.08259999752044678,0.0803999975323677,0.07410000264644623,0.08030000329017639,0.0812000036239624,0.08179999887943268,0.07800000160932541,0.08139999955892563,0.08030000329017639,0.07670000195503235,0.08470000326633453,0.07840000092983246,0.07519999891519547,0.07840000092983246,0.07919999957084656,0.07919999957084656,0.07959999889135361,0.07699999958276749,0.08429999649524689,0.07800000160932541,0.08150000125169754,0.07919999957084656,0.07720000296831131,0.07569999992847443,0.07559999823570251,0.07819999754428864,0.08020000159740448,0.07840000092983246,0.07760000228881836,0.07320000231266022,0.08290000259876251,0.07859999686479568,0.08060000091791153,0.07859999686479568,0.07599999755620956,0.08009999990463257,0.07509999722242355,0.07890000194311142,0.08049999922513962,0.07609999924898148,0.0794999971985817,0.08110000193119049,0.07500000298023224,0.07779999822378159,0.07670000195503235,0.07750000059604645,0.08129999786615372,0.0771000012755394,0.07940000295639038,0.08070000261068344,0.08070000261068344,0.07810000330209732,0.08479999750852585,0.07970000058412552,0.0786999985575676,0.07840000092983246,0.07829999923706055,0.08529999852180481,0.07670000195503235,0.07760000228881836,0.0754999965429306,0.08470000326633453,0.07859999686479568,0.08190000057220459,0.0754999965429306,0.08070000261068344,0.07769999653100967,0.0812000036239624,0.08309999853372574,0.07660000026226044,0.0778999999165535,0.08449999988079071,0.07859999686479568,0.08259999752044678,0.07400000095367432,0.07819999754428864,0.07989999651908875,0.08020000159740448,0.07599999755620956,0.0778999999165535,0.07819999754428864,0.07400000095367432,0.07970000058412552,0.07880000025033951,0.08089999854564667,0.08089999854564667,0.08169999718666077,0.0803999975323677,0.07429999858140945,0.07819999754428864,0.07569999992847443,0.07810000330209732,0.0786999985575676,0.08100000023841858,0.07970000058412552,0.07919999957084656,0.08129999786615372,0.07800000160932541,0.07680000364780426,0.07930000126361847,0.07989999651908875,0.08299999684095383,0.07909999787807465,0.07970000058412552,0.07819999754428864,0.08529999852180481,0.0771000012755394,0.08229999989271164,0.0737999975681305,0.08179999887943268,0.07760000228881836,0.07930000126361847,0.07970000058412552,0.08269999921321869,0.07859999686479568,0.07989999651908875,0.0737999975681305,0.08089999854564667,0.0778999999165535,0.07880000025033951,0.07769999653100967,0.07670000195503235,0.07930000126361847,0.07660000026226044,0.08030000329017639,0.08089999854564667,0.07919999957084656,0.0794999971985817,0.0786999985575676,0.0812000036239624,0.07699999958276749,0.07590000331401825,0.08309999853372574,0.07959999889135361,0.08009999990463257,0.08169999718666077,0.07609999924898148,0.08129999786615372,0.08129999786615372,0.07699999958276749,0.07800000160932541,0.0746999979019165,0.08410000056028366,0.07989999651908875,0.08250000327825546,0.07940000295639038,0.07660000026226044,0.07940000295639038,0.08049999922513962,0.08569999784231186,0.07890000194311142,0.07569999992847443,0.07919999957084656,0.08569999784231186,0.0828000009059906,0.07940000295639038,0.08139999955892563,0.07769999653100967,0.07670000195503235,0.07699999958276749,0.08049999922513962,0.07840000092983246,0.08250000327825546,0.07850000262260437,0.08569999784231186,0.07649999856948853,0.07540000230073929,0.08049999922513962,0.07739999890327454,0.0763000026345253,0.07509999722242355,0.08049999922513962,0.07919999957084656,0.07569999992847443,0.07909999787807465,0.08500000089406967,0.07859999686479568,0.07599999755620956,0.07930000126361847,0.07750000059604645,0.07850000262260437,0.07999999821186066,0.07769999653100967,0.07419999688863754,0.07840000092983246,0.08070000261068344,0.07909999787807465,0.08070000261068344,0.08299999684095383,0.07819999754428864,0.07970000058412552,0.08030000329017639,0.08529999852180481,0.07829999923706055,0.08209999650716782,0.07349999994039536,0.07810000330209732,0.07569999992847443,0.08060000091791153,0.08299999684095383,0.07410000264644623,0.07970000058412552,0.08209999650716782,0.0812000036239624,0.07639999687671661,0.07729999721050262,0.08169999718666077,0.07800000160932541,0.0786999985575676,0.07720000296831131,0.07590000331401825,0.0722000002861023,0.08309999853372574,0.07720000296831131,0.0812000036239624,0.07810000330209732,0.07729999721050262,0.08269999921321869,0.07829999923706055,0.07989999651908875,0.0771000012755394,0.08250000327825546,0.07900000363588333,0.0771000012755394,0.07680000364780426,0.0812000036239624,0.0754999965429306,0.08349999785423279,0.08060000091791153,0.07760000228881836,0.08020000159740448,0.07959999889135361,0.07609999924898148,0.07940000295639038,0.07559999823570251,0.08349999785423279,0.07930000126361847,0.0738999992609024,0.07850000262260437,0.08290000259876251,0.08139999955892563,0.07829999923706055,0.07880000025033951,0.08020000159740448,0.07909999787807465,0.08139999955892563,0.07989999651908875,0.07509999722242355,0.07999999821186066,0.07829999923706055,0.07800000160932541,0.08129999786615372,0.07779999822378159,0.08299999684095383,0.07940000295639038,0.08209999650716782,0.07689999788999557,0.07729999721050262,0.0803999975323677,0.08060000091791153,0.07519999891519547,0.07699999958276749,0.08269999921321869,0.08139999955892563,0.07900000363588333,0.07670000195503235,0.07970000058412552,0.07760000228881836,0.0731000006198883,0.07660000026226044,0.08030000329017639,0.07800000160932541,0.07720000296831131,0.08020000159740448,0.07850000262260437,0.08139999955892563,0.08449999988079071,0.08009999990463257,0.07649999856948853,0.07999999821186066,0.07850000262260437,0.0794999971985817,0.07739999890327454,0.08290000259876251,0.07490000128746033,0.07980000227689743,0.07940000295639038,0.07540000230073929,0.07670000195503235,0.08219999819993973,0.08110000193119049,0.08209999650716782,0.07859999686479568,0.07490000128746033,0.0786999985575676,0.08060000091791153,0.07720000296831131,0.07559999823570251,0.07890000194311142,0.07460000365972519,0.08269999921321869,0.08240000158548355,0.07880000025033951,0.07900000363588333,0.08049999922513962,0.08160000294446945,0.07760000228881836,0.0737999975681305,0.07819999754428864,0.07890000194311142,0.08079999685287476,0.07859999686479568,0.07519999891519547,0.07769999653100967,0.07750000059604645,0.0738999992609024,0.08049999922513962,0.07660000026226044,0.08380000293254852,0.07609999924898148,0.08020000159740448,0.07190000265836716,0.07810000330209732,0.08020000159740448,0.07890000194311142,0.07739999890327454,0.07819999754428864,0.07559999823570251,0.07999999821186066,0.0828000009059906,0.07779999822378159,0.07649999856948853,0.08070000261068344,0.07980000227689743,0.08009999990463257,0.07689999788999557,0.07880000025033951,0.0771000012755394,0.07750000059604645,0.08240000158548355,0.07609999924898148,0.07620000094175339,0.07779999822378159,0.07829999923706055,0.07729999721050262,0.07940000295639038,0.08079999685287476,0.07909999787807465,0.07900000363588333,0.07739999890327454,0.07890000194311142,0.08139999955892563,0.07800000160932541,0.08190000057220459,0.08129999786615372,0.08309999853372574,0.08030000329017639,0.07930000126361847,0.0738999992609024,0.07890000194311142,0.08169999718666077,0.07509999722242355,0.08550000190734863,0.08209999650716782,0.07930000126361847,0.07580000162124634,0.07940000295639038,0.07999999821186066,0.07859999686479568,0.08290000259876251,0.07999999821186066,0.08070000261068344,0.0737999975681305,0.08009999990463257,0.08190000057220459,0.0786999985575676,0.07859999686479568,0.07729999721050262,0.07569999992847443,0.07880000025033951,0.07720000296831131,0.0763000026345253,0.07479999959468842,0.07840000092983246,0.0820000022649765,0.07680000364780426,0.08030000329017639,0.0803999975323677,0.07970000058412552,0.08209999650716782,0.08349999785423279,0.07850000262260437,0.07880000025033951,0.07769999653100967,0.08079999685287476,0.08030000329017639,0.07959999889135361,0.08100000023841858,0.07829999923706055,0.0746999979019165,0.0722000002861023,0.07599999755620956,0.07880000025033951,0.07530000060796738,0.07890000194311142,0.08240000158548355,0.08070000261068344,0.08179999887943268,0.08269999921321869,0.07810000330209732,0.07800000160932541,0.07680000364780426,0.08340000361204147,0.07959999889135361,0.07919999957084656,0.07880000025033951,0.07639999687671661,0.07940000295639038,0.07909999787807465,0.07559999823570251,0.07729999721050262,0.0812000036239624,0.08150000125169754,0.0794999971985817,0.08290000259876251,0.08320000022649765,0.07699999958276749,0.08309999853372574,0.07959999889135361,0.07890000194311142,0.08340000361204147,0.07829999923706055,0.08030000329017639,0.08060000091791153,0.07779999822378159,0.07859999686479568,0.0778999999165535,0.07940000295639038,0.08169999718666077,0.07840000092983246,0.07580000162124634,0.08179999887943268,0.08100000023841858,0.0786999985575676,0.08489999920129776,0.07639999687671661,0.0820000022649765,0.08020000159740448,0.07989999651908875,0.07259999960660934,0.0778999999165535,0.07880000025033951,0.07739999890327454,0.08139999955892563,0.07429999858140945,0.08139999955892563,0.08020000159740448,0.07890000194311142,0.07509999722242355,0.08190000057220459,0.07699999958276749,0.07890000194311142,0.08389999717473984,0.07800000160932541,0.0763000026345253,0.0778999999165535,0.07530000060796738,0.08429999649524689,0.07639999687671661,0.08290000259876251,0.0771000012755394,0.07890000194311142,0.07639999687671661,0.07649999856948853,0.08030000329017639,0.07739999890327454,0.07859999686479568,0.07880000025033951,0.0771000012755394,0.07779999822378159,0.08030000329017639,0.07850000262260437,0.08340000361204147,0.07919999957084656,0.0763000026345253,0.07890000194311142,0.08110000193119049,0.07729999721050262,0.07750000059604645,0.07739999890327454,0.08399999886751175,0.08399999886751175,0.07829999923706055,0.07609999924898148,0.07569999992847443,0.07370000332593918,0.0786999985575676,0.07829999923706055,0.08129999786615372,0.08349999785423279,0.07769999653100967,0.07989999651908875,0.08190000057220459,0.07729999721050262,0.0794999971985817,0.07850000262260437,0.08320000022649765,0.08139999955892563,0.0803999975323677,0.0794999971985817,0.07450000196695328,0.08160000294446945,0.08150000125169754,0.07980000227689743,0.07410000264644623,0.07859999686479568,0.0820000022649765,0.08020000159740448,0.08089999854564667,0.07209999859333038,0.07280000299215317,0.0820000022649765,0.07959999889135361,0.07940000295639038,0.07800000160932541,0.07450000196695328,0.07840000092983246,0.08299999684095383,0.07970000058412552,0.07699999958276749,0.07919999957084656,0.08179999887943268,0.08320000022649765,0.07959999889135361,0.08129999786615372,0.08380000293254852,0.07680000364780426,0.07880000025033951,0.08070000261068344,0.08299999684095383,0.08320000022649765,0.07569999992847443,0.08250000327825546,0.07840000092983246,0.07750000059604645,0.08370000123977661,0.07680000364780426,0.07909999787807465,0.08110000193119049,0.08129999786615372,0.07829999923706055,0.07320000231266022,0.07769999653100967,0.07909999787807465,0.07999999821186066,0.08330000191926956,0.08259999752044678,0.08089999854564667,0.08009999990463257,0.07930000126361847,0.08110000193119049,0.07360000163316727,0.07930000126361847,0.07909999787807465,0.08229999989271164,0.08229999989271164,0.08179999887943268,0.0763000026345253,0.08479999750852585,0.07810000330209732,0.08250000327825546,0.07660000026226044,0.07760000228881836,0.08020000159740448,0.0731000006198883,0.07639999687671661,0.08070000261068344,0.0771000012755394,0.0828000009059906,0.08079999685287476,0.08060000091791153,0.07599999755620956,0.08550000190734863,0.0754999965429306,0.07850000262260437,0.07739999890327454,0.08049999922513962,0.07919999957084656,0.07850000262260437,0.07999999821186066,0.08190000057220459,0.07999999821186066,0.08250000327825546,0.07479999959468842,0.07739999890327454,0.0820000022649765,0.07890000194311142,0.07959999889135361,0.08129999786615372,0.07930000126361847,0.08129999786615372,0.07930000126361847,0.07840000092983246,0.07859999686479568,0.07970000058412552,0.07750000059604645,0.07800000160932541,0.07720000296831131,0.08330000191926956,0.08190000057220459,0.0812000036239624,0.08070000261068344,0.07850000262260437,0.07760000228881836,0.08129999786615372,0.0794999971985817,0.07760000228881836,0.07959999889135361,0.07519999891519547,0.07689999788999557,0.07670000195503235,0.07850000262260437,0.07810000330209732,0.08429999649524689,0.07429999858140945,0.08079999685287476,0.07829999923706055,0.07900000363588333,0.07689999788999557,0.07490000128746033,0.0778999999165535,0.08209999650716782,0.07840000092983246,0.07999999821186066,0.07750000059604645,0.08079999685287476,0.08079999685287476,0.07850000262260437,0.0771000012755394,0.07980000227689743,0.07760000228881836,0.07810000330209732,0.07720000296831131,0.0794999971985817,0.07919999957084656,0.08060000091791153,0.08079999685287476,0.07689999788999557,0.07559999823570251,0.08190000057220459,0.07940000295639038,0.0778999999165535,0.08009999990463257,0.07810000330209732,0.08259999752044678,0.07859999686479568,0.07769999653100967,0.07670000195503235,0.07840000092983246,0.07490000128746033,0.07829999923706055,0.08100000023841858,0.07859999686479568,0.08060000091791153,0.08089999854564667,0.07559999823570251,0.0786999985575676,0.07890000194311142,0.08009999990463257,0.07729999721050262,0.08150000125169754,0.07769999653100967,0.08169999718666077,0.07739999890327454,0.07720000296831131,0.0778999999165535,0.08190000057220459,0.07769999653100967,0.08169999718666077,0.07989999651908875,0.08259999752044678,0.07699999958276749,0.07930000126361847,0.08030000329017639,0.07590000331401825,0.0803999975323677,0.0738999992609024,0.08340000361204147,0.07509999722242355,0.07129999995231628,0.08049999922513962,0.07670000195503235,0.0737999975681305,0.07909999787807465,0.08070000261068344,0.08340000361204147,0.0746999979019165,0.08349999785423279,0.07819999754428864,0.07810000330209732,0.08550000190734863,0.08340000361204147,0.0812000036239624,0.07810000330209732,0.07919999957084656,0.0754999965429306,0.07999999821186066,0.08020000159740448,0.07609999924898148,0.08510000258684158,0.07980000227689743,0.07649999856948853,0.08070000261068344,0.08160000294446945,0.08030000329017639,0.07699999958276749,0.07779999822378159,0.07900000363588333,0.08070000261068344,0.07890000194311142,0.07670000195503235,0.08110000193119049,0.07450000196695328,0.07989999651908875,0.0778999999165535,0.07980000227689743,0.08510000258684158,0.08259999752044678,0.07440000027418137,0.08089999854564667,0.07410000264644623,0.07649999856948853,0.0812000036239624,0.07490000128746033,0.0754999965429306,0.07729999721050262,0.07620000094175339,0.07599999755620956,0.08129999786615372,0.0803999975323677,0.07360000163316727,0.07530000060796738,0.0786999985575676,0.07909999787807465,0.07599999755620956
0.3709999918937683,0.5677000284194946,0.599399983882904,0.7281000018119812,0.781499981880188,0.8246999979019165,0.8054999709129333,0.8012999892234802,0.8267999887466431,0.840499997138977,0.7026000022888184,0.7044000029563904,0.6861000061035156,0.666700005531311,0.6942999958992004,0.6305000185966492,0.607699990272522,0.6157000064849854,0.5685999989509583,0.5422999858856201,0.5282999873161316,0.5325999855995178,0.49070000648498535,0.4893999993801117,0.475600004196167,0.47760000824928284,0.4697999954223633,0.4259999990463257,0.3806000053882599,0.3578000068664551,0.35670000314712524,0.3747999966144562,0.3336000144481659,0.3700000047683716,0.30559998750686646,0.2825999855995178,0.2547000050544739,0.2483000010251999,0.27950000762939453,0.33169999718666077,0.28690001368522644,0.26989999413490295,0.2759000062942505,0.2720000147819519,0.2741999924182892,0.27309998869895935,0.27399998903274536,0.26010000705718994,0.274399995803833,0.2732999920845032,0.2754000127315521,0.26010000705718994,0.2599000036716461,0.272599995136261,0.29190000891685486,0.31839999556541443,0.2773999869823456,0.2915000021457672,0.2761000096797943,0.29350000619888306,0.3294999897480011,0.26989999413490295,0.27140000462532043,0.27390000224113464,0.3343000113964081,0.29739999771118164,0.31040000915527344,0.36399999260902405,0.2842999994754791,0.3093000054359436,0.3853999972343445,0.388700008392334,0.35740000009536743,0.33329999446868896,0.38040000200271606,0.37130001187324524,0.296099990606308,0.275299996137619,0.2955000102519989,0.3224000036716461,0.3926999866962433,0.4124999940395355,0.3522999882698059,0.39329999685287476,0.43700000643730164,0.39160001277923584,0.42010000348091125,0.4810999929904938,0.38040000200271606,0.48179998993873596,0.34769999980926514,0.4172999858856201,0.37459999322891235,0.48570001125335693,0.48249998688697815,0.45489999651908875,0.47269999980926514,0.45249998569488525,0.48899999260902405,0.39089998602867126,0.453900009393692,0.5504999756813049,0.48510000109672546,0.5170000195503235,0.48890000581741333,0.4571000039577484,0.5098999738693237,0.4927000105381012,0.48410001397132874,0.5289000272750854,0.5806000232696533,0.5281000137329102,0.5105000138282776,0.5472999811172485,0.5758000016212463,0.5490000247955322,0.5252000093460083,0.566100001335144,0.5468000173568726,0.5849999785423279,0.5340999960899353,0.5716000199317932,0.5590000152587891,0.5676000118255615,0.5795000195503235,0.5131000280380249,0.5713000297546387,0.5450999736785889,0.5530999898910522,0.565500020980835,0.5432000160217285,0.593500018119812,0.5884000062942505,0.611299991607666,0.5964999794960022,0.5687000155448914,0.5697000026702881,0.6327000260353088,0.5688999891281128,0.5947999954223633,0.6115999817848206,0.5827000141143799,0.6312999725341797,0.6340000033378601,0.6327000260353088,0.5824000239372253,0.6040999889373779,0.607200026512146,0.6194000244140625,0.6269999742507935,0.6625000238418579,0.6394000053405762,0.6617000102996826,0.6617000102996826,0.6636000275611877,0.5964999794960022,0.6399000287055969,0.6521999835968018,0.6060000061988831,0.6241999864578247,0.6431999802589417,0.6668000221252441,0.6391000151634216,0.6897000074386597,0.7121999859809875,0.708299994468689,0.70660001039505,0.7063000202178955,0.7060999870300293,0.7091000080108643,0.7031999826431274,0.6869000196456909,0.6884999871253967,0.6771000027656555,0.7064999938011169,0.7049999833106995,0.6820999979972839,0.6848999857902527,0.707099974155426,0.7050999999046326,0.7074999809265137,0.6863999962806702,0.6722000241279602,0.6898999810218811,0.6858999729156494,0.7024000287055969,0.7009000182151794,0.7027000188827515,0.705299973487854,0.7071999907493591,0.7087000012397766,0.7193999886512756,0.7019000053405762,0.7049999833106995,0.6800000071525574,0.7001000046730042,0.7067000269889832,0.7203999757766724,0.7049999833106995,0.7236999869346619,0.7245000004768372,0.7247999906539917,0.7150999903678894,0.7250999808311462,0.7222999930381775,0.7214999794960022,0.7283999919891357,0.7171000242233276,0.7281000018119812,0.7268999814987183,0.7325999736785889,0.7200000286102295,0.7224000096321106,0.7166000008583069,0.7186999917030334,0.7269999980926514,0.720300018787384,0.7236999869346619,0.7186999917030334,0.7166000008583069,0.7228000164031982,0.7226999998092651,0.7210000157356262,0.7214999794960022,0.728600025177002,0.7178999781608582,0.718999981880188,0.7276999950408936,0.7350000143051147,0.7243000268936157,0.7440000176429749,0.7508999705314636,0.7455999851226807,0.7451000213623047,0.7305999994277954,0.7512000203132629,0.727400004863739,0.7444999814033508,0.7430999875068665,0.7245000004768372,0.7301999926567078,0.7229999899864197,0.7433000206947327,0.7477999925613403,0.7423999905586243,0.7384999990463257,0.7402999997138977,0.7396000027656555,0.7361000180244446,0.7031000256538391,0.7427999973297119,0.7436000108718872,0.7415000200271606,0.7444999814033508,0.7487000226974487,0.7531999945640564,0.7421000003814697,0.7430999875068665,0.741599977016449,0.732699990272522,0.7444000244140625,0.7412999868392944,0.7415000200271606,0.7402999997138977,0.7436000108718872,0.7728999853134155,0.7436000108718872,0.7498999834060669,0.7502999901771545,0.7458000183105469,0.7652000188827515,0.7692000269889832,0.7630000114440918,0.7652000188827515,0.7727000117301941,0.766700029373169,0.7857000231742859,0.7843000292778015,0.7687000036239624,0.7894999980926514,0.7825999855995178,0.8023999929428101,0.7813000082969666,0.8116999864578247,0.7835999727249146,0.8001999855041504,0.8030999898910522,0.8051000237464905,0.8237000107765198,0.8087000250816345,0.843999981880188,0.8016999959945679,0.8228999972343445,0.8234999775886536,0.8474000096321106,0.8443999886512756,0.8234000205993652,0.8226000070571899,0.8409000039100647,0.828499972820282,0.8191999793052673,0.8442000150680542,0.8407999873161316,0.859499990940094,0.868399977684021,0.8640000224113464,0.8816999793052673,0.8601999878883362,0.8747000098228455,0.879800021648407,0.8873999714851379,0.8845999836921692,0.8876000046730042,0.8636999726295471,0.882099986076355,0.8888000249862671,0.883400022983551,0.8817999958992004,0.8859000205993652,0.8841999769210815,0.8615000247955322,0.888700008392334,0.8622999787330627,0.875,0.8870999813079834,0.8776999711990356,0.8820000290870667,0.8863000273704529,0.8449000120162964,0.883899986743927,0.9034000039100647,0.9021000266075134,0.8970000147819519,0.9056000113487244,0.8996000289916992,0.9047999978065491,0.9018999934196472,0.9016000032424927,0.9070000052452087,0.9021000266075134,0.9014000296592712,0.9024999737739563,0.902999997138977,0.9000999927520752,0.9059000015258789,0.8787999749183655,0.901199996471405,0.9021000266075134,0.9000999927520752,0.9045000076293945,0.8999999761581421,0.9207000136375427,0.9223999977111816,0.9221000075340271,0.9182000160217285,0.8980000019073486,0.9226999878883362,0.9215999841690063,0.9190999865531921,0.9246000051498413,0.9214000105857849,0.9236999750137329,0.925000011920929,0.9193000197410583,0.919700026512146,0.9192000031471252,0.9229000210762024,0.9266999959945679,0.9205999970436096,0.9230999946594238,0.9229999780654907,0.9179999828338623,0.9207000136375427,0.9211999773979187,0.9405999779701233,0.9398999810218811,0.9415000081062317,0.9390000104904175,0.9429000020027161,0.9426000118255615,0.9404000043869019,0.9372000098228455,0.9434999823570251,0.9228000044822693,0.9197999835014343,0.9459999799728394,0.9415000081062317,0.9433000087738037,0.9431999921798706,0.9424999952316284,0.9391000270843506,0.9430999755859375,0.9430999755859375,0.9395999908447266,0.9448999762535095,0.9422000050544739,0.9426000118255615,0.9395999908447266,0.9401999711990356,0.9391000270843506,0.9404000043869019,0.9409000277519226,0.9399999976158142,0.9379000067710876,0.9419999718666077,0.9424999952316284,0.9419999718666077,0.9430000185966492,0.9452999830245972,0.9402999877929688,0.9388999938964844,0.9448999762535095,0.939300000667572,0.9372000098228455,0.9379000067710876,0.9394999742507935,0.9449999928474426,0.9422000050544739,0.9405999779701233,0.942300021648407,0.9395999908447266,0.9409000277519226,0.9440000057220459,0.9423999786376953,0.9362999796867371,0.9416999816894531,0.9441999793052673,0.942300021648407,0.9455999732017517,0.9430000185966492,0.9409999847412109,0.9429000020027161,0.9366000294685364,0.9383999705314636,0.9394000172615051,0.9416999816894531,0.9399999976158142,0.9449999928474426,0.9391000270843506,0.9404000043869019,0.9379000067710876,0.9387000203132629,0.9379000067710876,0.9379000067710876,0.9397000074386597,0.9415000081062317,0.9614999890327454,0.9639999866485596,0.9613000154495239,0.9595999717712402,0.9610000252723694,0.9617000222206116,0.9624000191688538,0.9587000012397766,0.9603999853134155,0.9607999920845032,0.9596999883651733,0.9624000191688538,0.9625999927520752,0.9623000025749207,0.9621000289916992,0.9611999988555908,0.964900016784668,0.9596999883651733,0.9577999711036682,0.9642000198364258,0.9632999897003174,0.9625999927520752,0.9592000246047974,0.9656999707221985,0.9635000228881836,0.9603000283241272,0.9621999859809875,0.9592999815940857,0.9563000202178955,0.961899995803833,0.9603999853134155,0.9591000080108643,0.9598000049591064,0.9599999785423279,0.9592000246047974,0.9805999994277954,0.9799000024795532,0.9599000215530396,0.9818000197410583,0.9805999994277954,0.9810000061988831,0.982699990272522,0.9799000024795532,0.9614999890327454,0.9814000129699707,0.9811000227928162,0.9801999926567078,0.9778000116348267,0.9803000092506409,0.9797999858856201,0.9797999858856201,0.9828000068664551,0.9789000153541565,0.9789999723434448,0.9815000295639038,0.9797000288963318,0.9804999828338623,0.9797000288963318,0.9794999957084656,0.9796000123023987,0.9817000031471252,0.9805999994277954,0.9794999957084656,0.9801999926567078,0.979200005531311,0.979200005531311,0.9776999950408936,0.9797000288963318,0.9787999987602234,0.9797999858856201,0.9811000227928162,0.983299970626831,0.9789999723434448,0.980400025844574,0.9782999753952026,0.98089998960495,0.978600025177002,0.9812999963760376,0.9800000190734863,0.9811000227928162,0.9817000031471252,0.9815999865531921,0.9818000197410583,0.9786999821662903,0.9810000061988831,0.9797000288963318,0.9797999858856201,0.9807999730110168,0.9794999957084656,0.9789999723434448,0.9810000061988831,0.9800000190734863,0.9810000061988831,0.9807000160217285,0.9817000031471252,0.9810000061988831,0.9807999730110168,0.98089998960495,0.9794999957084656,0.9818999767303467,0.9801999926567078,0.98089998960495,0.9786999821662903,0.9818000197410583,0.9811000227928162,0.980400025844574,0.9789000153541565,0.9807999730110168,0.9776999950408936,0.9789999723434448,0.9829999804496765,0.9815000295639038,0.9799000024795532,0.9782999753952026,0.9805999994277954,0.98089998960495,0.9794999957084656,0.9822999835014343,0.9807000160217285,0.9819999933242798,0.9815000295639038,0.9807000160217285,0.982699990272522,0.9803000092506409,0.9825000166893005,0.9786999821662903,0.9800000190734863,0.979200005531311,0.9796000123023987,0.9800000190734863,0.9789999723434448,0.9817000031471252,0.9779999852180481,0.9793999791145325,0.9815999865531921,0.9803000092506409,0.980400025844574,0.9805999994277954,0.9800000190734863,0.9768000245094299,0.9815000295639038,0.9815000295639038,0.9810000061988831,0.9799000024795532,0.9825000166893005,0.9818999767303467,0.9793000221252441,0.9785000085830688,0.9797999858856201,0.9815000295639038,0.9800000190734863,0.9819999933242798,0.9812999963760376,0.9811000227928162,0.9812999963760376,0.9825999736785889,0.9812999963760376,0.9815999865531921,0.9847999811172485,0.9797999858856201,0.9815999865531921,0.9815000295639038,0.979200005531311,0.9817000031471252,0.9800999760627747,0.9815999865531921,0.9803000092506409,0.9824000000953674,0.9830999970436096,0.9805999994277954,0.9805999994277954,0.9793000221252441,0.982699990272522,0.9789000153541565,0.9810000061988831,0.9789000153541565,0.9799000024795532,0.9807000160217285,0.980400025844574,0.9797000288963318,0.9801999926567078,0.979200005531311,0.9797000288963318,0.9782000184059143,0.9804999828338623,0.9801999926567078,0.9817000031471252,0.9782999753952026,0.9815000295639038,0.9815000295639038,0.9799000024795532,0.9815000295639038,0.9793000221252441,0.9804999828338623,0.9825000166893005,0.9782000184059143,0.98089998960495,0.977400004863739,0.9807000160217285,0.9801999926567078,0.9829999804496765,0.9797999858856201,0.9804999828338623,0.9789999723434448,0.98089998960495,0.9787999987602234,0.9776999950408936,0.9829000234603882,0.9790999889373779,0.9790999889373779,0.9801999926567078,1.0,1.0,1.0,1.0,1.0,1.0,1.0,1.0,1.0,1.0,1.0,1.0,1.0,1.0,1.0,1.0,1.0,1.0,1.0,1.0,1.0,1.0,1.0,1.0,1.0,1.0,1.0,1.0,1.0,1.0,1.0,1.0,1.0,1.0,1.0,1.0,1.0,1.0,1.0,1.0,1.0,1.0,1.0,1.0,1.0,1.0,1.0,1.0,1.0,1.0,1.0,1.0,1.0,1.0,1.0,1.0,1.0,1.0,1.0,1.0,1.0,1.0,1.0,1.0,1.0,1.0,1.0,1.0,1.0,1.0,1.0,1.0,1.0,1.0,1.0,1.0,1.0,1.0,1.0,1.0,1.0,1.0,1.0,1.0,1.0,1.0,1.0,1.0,1.0,1.0,1.0,1.0,1.0,1.0,1.0,1.0,1.0,1.0,1.0,1.0,1.0,1.0,1.0,1.0,1.0,1.0,1.0,1.0,1.0,1.0,1.0,1.0,1.0,1.0,1.0,1.0,1.0,1.0,1.0,1.0,1.0,1.0,1.0,1.0,1.0,1.0,1.0,1.0,1.0,1.0,1.0,1.0,1.0,1.0,1.0,1.0,1.0,1.0,1.0,1.0,1.0,1.0,1.0,1.0,1.0,1.0,1.0,1.0,1.0,1.0,1.0,1.0,1.0,1.0,1.0,1.0,1.0,1.0,1.0,1.0,1.0,1.0,1.0,1.0,1.0,1.0,1.0,1.0,1.0,1.0,1.0,1.0,1.0,1.0,1.0,1.0,1.0,1.0,1.0,1.0,1.0,1.0,1.0,1.0,1.0,1.0,1.0,1.0,1.0,1.0,1.0,1.0,1.0,1.0,1.0,1.0,1.0,1.0,1.0,1.0,1.0,1.0,1.0,1.0,1.0,1.0,1.0,1.0,1.0,1.0,1.0,1.0,1.0,1.0,1.0,1.0,1.0,1.0,1.0,1.0,1.0,1.0,1.0,1.0,1.0,1.0,1.0,1.0,1.0,1.0,1.0,1.0,1.0,1.0,1.0,1.0,1.0,1.0,1.0,1.0,1.0,1.0,1.0,1.0,1.0,1.0,1.0,1.0,1.0,1.0,1.0,1.0,1.0,1.0,1.0,1.0,1.0,1.0,1.0,1.0,1.0,1.0,1.0,1.0,1.0,1.0,1.0,1.0,1.0,1.0,1.0,1.0,1.0,1.0,1.0,1.0,1.0,1.0,1.0,1.0,1.0,1.0,1.0,1.0,1.0,1.0,1.0,1.0,1.0,1.0,1.0,1.0,1.0,1.0,1.0,1.0,1.0,1.0,1.0,1.0,1.0,1.0,1.0,1.0,1.0,1.0,1.0,1.0,1.0,1.0,1.0,1.0,1.0,1.0,1.0,1.0,1.0,1.0,1.0,1.0,1.0,1.0,1.0,1.0,1.0,1.0,1.0,1.0,1.0,1.0,1.0,1.0,1.0,1.0,1.0,1.0,1.0,1.0,1.0,1.0,1.0,1.0,1.0,1.0,1.0,1.0,1.0,1.0,1.0,1.0,1.0,1.0,1.0,1.0,1.0,1.0,1.0,1.0,1.0,1.0,1.0,1.0,1.0,1.0,1.0,1.0,1.0,1.0,1.0,1.0,1.0,1.0,1.0,1.0,1.0,1.0,1.0,1.0,1.0,1.0,1.0,1.0,1.0,1.0,1.0,1.0,1.0,1.0,1.0,1.0,1.0,1.0,1.0,1.0,1.0,1.0,1.0,1.0,1.0,1.0,1.0,1.0,1.0,1.0,1.0,1.0,1.0,1.0,1.0,1.0,1.0,1.0,1.0,1.0,1.0,1.0,1.0,1.0,1.0,1.0,1.0,1.0,1.0,1.0,1.0,1.0,1.0,1.0,1.0,1.0,1.0,1.0,1.0,1.0,1.0,1.0,1.0,1.0,1.0,1.0,1.0,1.0,1.0,1.0,1.0,1.0,1.0,1.0,1.0,1.0,1.0,1.0,1.0,1.0,1.0,1.0,1.0,1.0,1.0,1.0,1.0,1.0,1.0,1.0,1.0,1.0,1.0,1.0,1.0,1.0,1.0,1.0,1.0,1.0,1.0,1.0,1.0,1.0,1.0,1.0,1.0,1.0,1.0,1.0,1.0,1.0,1.0,1.0,1.0,1.0,1.0,1.0,1.0,1.0,1.0,1.0,1.0,1.0,1.0,1.0,1.0,1.0,1.0,1.0,1.0,1.0,1.0,1.0,1.0,1.0,1.0,1.0,1.0,1.0,1.0,1.0,1.0,1.0,1.0,1.0,1.0,1.0,1.0,1.0,1.0,1.0,1.0,1.0,1.0,1.0,1.0,1.0,1.0,1.0,1.0,1.0,1.0,1.0,1.0,1.0,1.0,1.0,1.0,1.0,1.0,1.0,1.0,1.0,1.0,1.0,1.0,1.0,1.0,1.0,1.0,1.0,1.0,1.0,1.0,1.0,1.0,1.0,1.0,1.0,1.0,1.0,1.0,1.0,1.0,1.0,1.0,1.0,1.0,1.0,1.0,1.0,1.0,1.0,1.0,1.0,1.0,1.0,1.0,1.0,1.0,1.0,1.0,1.0,1.0,1.0,1.0,1.0,1.0,1.0,1.0,1.0,1.0,1.0,1.0,1.0,1.0,1.0,1.0,1.0,1.0,1.0,1.0,1.0,1.0,1.0,1.0,1.0,1.0,1.0,1.0,1.0,1.0,1.0,1.0,1.0,1.0,1.0,1.0,1.0,1.0,1.0,1.0,1.0,1.0,1.0,1.0,1.0,1.0,1.0,1.0,1.0,1.0,1.0,1.0,1.0,1.0,1.0,1.0,1.0,1.0,1.0,1.0,1.0,1.0,1.0,1.0,1.0,1.0,1.0,1.0,1.0,1.0,1.0,1.0,1.0,1.0,1.0,1.0,1.0,1.0,1.0,1.0,1.0,1.0,1.0,1.0,1.0,1.0,1.0,1.0,1.0,1.0,1.0,1.0,1.0,1.0,1.0,1.0,1.0,1.0,1.0,1.0,1.0,1.0,1.0,1.0,1.0,1.0,1.0,1.0,1.0,1.0,1.0,1.0,1.0,1.0,1.0,1.0,1.0,1.0,1.0,1.0,1.0,1.0,1.0,1.0,1.0,1.0,1.0,1.0,1.0,1.0,1.0,1.0,1.0,1.0,1.0,1.0,1.0,1.0,1.0,1.0,1.0,1.0,1.0,1.0,1.0,1.0,1.0,1.0,1.0,1.0,1.0,1.0,1.0,1.0,1.0,1.0,1.0,1.0,1.0,1.0,1.0,1.0,1.0,1.0,1.0,1.0,1.0,1.0,1.0,1.0,1.0,1.0,1.0,1.0,1.0,1.0,1.0,1.0,1.0,1.0,1.0,1.0,1.0,1.0,1.0,1.0,1.0,1.0,1.0,1.0,1.0,1.0,1.0,1.0,1.0,1.0,1.0,1.0,1.0,1.0,1.0,1.0,1.0,1.0,1.0,1.0,1.0,1.0,1.0,1.0,1.0,1.0,1.0,1.0,1.0,1.0,1.0,1.0,1.0,1.0,1.0,1.0,1.0,1.0,1.0,1.0,1.0,1.0,1.0,1.0,1.0,1.0,1.0,1.0,1.0,1.0,1.0,1.0,1.0,1.0,1.0,1.0,1.0,1.0,1.0,1.0,1.0,1.0,1.0,1.0,1.0,1.0,1.0,1.0,1.0,1.0,1.0,1.0,1.0,1.0,1.0,1.0,1.0,1.0,1.0,1.0,1.0,1.0,1.0,1.0,1.0,1.0,1.0,1.0,1.0,1.0,1.0,1.0,1.0,1.0,1.0,1.0,1.0,1.0,1.0,1.0,1.0,1.0,1.0,1.0,1.0,1.0,1.0,1.0,1.0,1.0,1.0,1.0,1.0,1.0,1.0,1.0,1.0,1.0,1.0,1.0,1.0,1.0,1.0,1.0,1.0,1.0,1.0,1.0,1.0,1.0,1.0,1.0,1.0,1.0,1.0,1.0,1.0,1.0,1.0,1.0,1.0,1.0,1.0,1.0,1.0,1.0,1.0,1.0,1.0,1.0,1.0,1.0,1.0,1.0,1.0,1.0,1.0,1.0,1.0,1.0,1.0,1.0,1.0,1.0,1.0,1.0,1.0,1.0,1.0,1.0,1.0,1.0,1.0,1.0,1.0,1.0,1.0,1.0,1.0,1.0,1.0,1.0,1.0,1.0,1.0,1.0,1.0,1.0,1.0,1.0,1.0,1.0,1.0,1.0,1.0,1.0,1.0,1.0,1.0,1.0,1.0,1.0,1.0,1.0,1.0,1.0,1.0,1.0,1.0,1.0,1.0,1.0,1.0,1.0,1.0,1.0,1.0,1.0,1.0,1.0,1.0,1.0,1.0,1.0,1.0,1.0,1.0,1.0,1.0,1.0,1.0,1.0,1.0,1.0,1.0,1.0,1.0,1.0,1.0,1.0,1.0,1.0,1.0,1.0,1.0,1.0,1.0,1.0,1.0,1.0,1.0,1.0,1.0,1.0,1.0,1.0,1.0,1.0,1.0,1.0,1.0,1.0,1.0,1.0,1.0,1.0,1.0,1.0,1.0,1.0,1.0,1.0,1.0,1.0,1.0,1.0,1.0,1.0,1.0,1.0,1.0,1.0,1.0,1.0,1.0,1.0,1.0,1.0,1.0,1.0,1.0,1.0,1.0,1.0,1.0,1.0,1.0,1.0,1.0,1.0,1.0,1.0,1.0,1.0,1.0,1.0,1.0,1.0,1.0,1.0,1.0,1.0,1.0,1.0,1.0,1.0,1.0,1.0,1.0,1.0,1.0,1.0,1.0,1.0,1.0,1.0,1.0,1.0,1.0,1.0,1.0,1.0,1.0,1.0,1.0,1.0,1.0,1.0,1.0,1.0,1.0,1.0,1.0,1.0,1.0,1.0,1.0,1.0,1.0,1.0,1.0,1.0,1.0,1.0,1.0,1.0,1.0,1.0,1.0,1.0,1.0,1.0,1.0,1.0,1.0,1.0,1.0,1.0,1.0,1.0,1.0,1.0,1.0,1.0,1.0,1.0,1.0,1.0,1.0,1.0,1.0,1.0,1.0,1.0,1.0,1.0,1.0,1.0,1.0,1.0,1.0,1.0,1.0,1.0,1.0,1.0,1.0,1.0,1.0,1.0,1.0,1.0,1.0,1.0,1.0,1.0,1.0,1.0,1.0,1.0,1.0,1.0,1.0,1.0,1.0,1.0,1.0,1.0,1.0,1.0,1.0,1.0,1.0,1.0,1.0,1.0,1.0,1.0,1.0,1.0,1.0,1.0,1.0,1.0,1.0,1.0,1.0,1.0,1.0,1.0,1.0,1.0,1.0,1.0,1.0,1.0,1.0,1.0,1.0,1.0,1.0,1.0,1.0,1.0,1.0,1.0,1.0,1.0,1.0,1.0,1.0,1.0,1.0,1.0,1.0,1.0,1.0,1.0,1.0,1.0,1.0,1.0,1.0,1.0,1.0,1.0,1.0,1.0,1.0,1.0,1.0,1.0,1.0,1.0,1.0,1.0,1.0,1.0,1.0,1.0,1.0,1.0,1.0,1.0,1.0,1.0,1.0,1.0,1.0,1.0,1.0,1.0,1.0,1.0,1.0,1.0,1.0,1.0,1.0,1.0,1.0,1.0,1.0,1.0,1.0,1.0,1.0,1.0,1.0,1.0,1.0,1.0,1.0,1.0,1.0,1.0,1.0,1.0,1.0,1.0,1.0,1.0,1.0,1.0,1.0,1.0,1.0,1.0,1.0,1.0,1.0,1.0,1.0,1.0,1.0,1.0,1.0,1.0,1.0,1.0,1.0,1.0,1.0,1.0,1.0,1.0,1.0,1.0,1.0,1.0,1.0,1.0,1.0,1.0,1.0,1.0,1.0,1.0,1.0,1.0
0.4959000051021576,0.2948000133037567,0.05270000174641609,0.019600000232458115,0.01979999989271164,0.01940000057220459,0.0,0.0,0.0,0.0,0.0,0.0,0.0,0.0,0.0,0.0,0.0,0.0,0.0,0.01759999990463257,0.019200000911951065,0.0,0.0,0.01979999989271164,0.01810000091791153,0.01889999955892563,0.0,0.020400000736117363,0.0,0.0,0.01850000023841858,0.018699999898672104,0.0,0.0,0.018699999898672104,0.0,0.0,0.0,0.0,0.0,0.0,0.0,0.0,0.020400000736117363,0.0,0.0,0.0,0.0,0.0,0.0,0.0,0.0,0.0,0.0,0.0,0.0,0.0,0.0,0.0,0.020099999383091927,0.0,0.020800000056624413,0.0,0.0,0.0,0.0,0.0,0.0,0.0,0.0,0.0,0.020099999383091927,0.0,0.0,0.02070000022649765,0.0,0.017799999564886093,0.0,0.01940000057220459,0.0,0.018699999898672104,0.0,0.0,0.0,0.0,0.020800000056624413,0.0,0.0,0.0,0.0,0.0,0.0,0.0,0.0,0.0,0.0,0.0,0.0,0.0,0.0,0.01889999955892563,0.0,0.0,0.0,0.0,0.0,0.0,0.0,0.0,0.0,0.0,0.0,0.0,0.0,0.0,0.0,0.01769999973475933,0.0,0.016499999910593033,0.0,0.0,0.0,0.0,0.0,0.019300000742077827,0.0,0.0,0.0,0.0,0.0,0.0,0.0,0.0,0.0,0.0,0.0,0.0,0.0,0.020400000736117363,0.02250000089406967,0.0,0.0,0.0,0.0,0.0,0.0,0.0,0.0,0.01810000091791153,0.0,0.0,0.0,0.0,0.01860000006854534,0.0,0.0,0.0,0.020899999886751175,0.0,0.0,0.019200000911951065,0.020899999886751175,0.020899999886751175,0.0,0.02290000021457672,0.0,0.0,0.017999999225139618,0.020400000736117363,0.021800000220537186,0.0,0.0,0.019099999219179153,0.01889999955892563,0.019999999552965164,0.020600000396370888,0.01730000041425228,0.03840000182390213,0.0,0.02239999920129776,0.0,0.0,0.020999999716877937,0.0,0.0,0.04129999876022339,0.0,0.0,0.03750000149011612,0.0,0.0,0.020400000736117363,0.02239999920129776,0.0,0.0,0.03799999877810478,0.01679999940097332,0.05530000105500221,0.03909999877214432,0.01810000091791153,0.0,0.0,0.03849999979138374,0.03620000183582306,0.017999999225139618,0.05429999902844429,0.0,0.01769999973475933,0.039500001817941666,0.01979999989271164,0.0,0.04089999943971634,0.034299999475479126,0.0,0.01720000058412552,0.0,0.0203000009059906,0.04129999876022339,0.0,0.03849999979138374,0.042100001126527786,0.04039999842643738,0.0203000009059906,0.04190000146627426,0.039799999445676804,0.01889999955892563,0.06120000034570694,0.01810000091791153,0.0,0.10260000079870224,0.09830000251531601,0.03819999843835831,0.05909999832510948,0.05860000103712082,0.04170000180602074,0.05339999869465828,0.08209999650716782,0.017799999564886093,0.018400000408291817,0.05860000103712082,0.0575999990105629,0.09489999711513519,0.0,0.05739999935030937,0.017500000074505806,0.05889999866485596,0.05999999865889549,0.0778999999165535,0.054499998688697815,0.018200000748038292,0.0,0.10010000318288803,0.05939999967813492,0.08079999685287476,0.03620000183582306,0.019200000911951065,0.07530000060796738,0.05849999934434891,0.03849999979138374,0.06289999932050705,0.05820000171661377,0.05609999969601631,0.09719999879598618,0.0,0.040800001472234726,0.04149999842047691,0.020899999886751175,0.01759999990463257,0.07959999889135361,0.03680000081658363,0.05770000070333481,0.07270000129938126,0.03680000081658363,0.040699999779462814,0.0,0.07840000092983246,0.039900001138448715,0.05959999933838844,0.03629999980330467,0.05609999969601631,0.019200000911951065,0.09669999778270721,0.04019999876618385,0.0,0.10660000145435333,0.07959999889135361,0.09889999777078629,0.05400000140070915,0.09969999641180038,0.09520000219345093,0.07840000092983246,0.09860000014305115,0.09799999743700027,0.07599999755620956,0.08070000261068344,0.03849999979138374,0.060499999672174454,0.0,0.041200000792741776,0.06340000033378601,0.0608999989926815,0.1031000018119812,0.019099999219179153,0.056699998676776886,0.040300000458955765,0.1168999969959259,0.1177000030875206,0.11590000241994858,0.1005999967455864,0.09839999675750732,0.061000000685453415,0.0568000003695488,0.11890000104904175,0.09520000219345093,0.11999999731779099,0.05739999935030937,0.10119999945163727,0.07530000060796738,0.11089999973773956,0.11710000038146973,0.08060000091791153,0.08150000125169754,0.09669999778270721,0.07519999891519547,0.13600000739097595,0.12330000102519989,0.03799999877810478,0.11590000241994858,0.11710000038146973,0.1185000017285347,0.0997999981045723,0.10029999911785126,0.03779999911785126,0.11940000206232071,0.13650000095367432,0.0989999994635582,0.13510000705718994,0.14239999651908875,0.07769999653100967,0.11400000005960464,0.09570000320672989,0.11720000207424164,0.07699999958276749,0.09449999779462814,0.10050000250339508,0.13130000233650208,0.05779999867081642,0.1160999983549118,0.10289999842643738,0.11169999837875366,0.11219999939203262,0.11779999732971191,0.13699999451637268,0.10019999742507935,0.11500000208616257,0.07490000128746033,0.11320000141859055,0.05770000070333481,0.09679999947547913,0.12110000103712082,0.10029999911785126,0.12189999967813492,0.14069999754428864,0.1316000074148178,0.1168999969959259,0.09950000047683716,0.10989999771118164,0.10419999808073044,0.13120000064373016,0.09809999912977219,0.07999999821186066,0.11620000004768372,0.14219999313354492,0.13339999318122864,0.07760000228881836,0.1168999969959259,0.10140000283718109,0.11509999632835388,0.09860000014305115,0.1379999965429306,0.1225999966263771,0.11720000207424164,0.13840000331401825,0.03590000048279762,0.12020000070333481,0.07890000194311142,0.10010000318288803,0.10080000013113022,0.12150000035762787,0.0966000035405159,0.13420000672340393,0.10080000013113022,0.13500000536441803,0.08209999650716782,0.06319999694824219,0.09929999709129333,0.10239999741315842,0.09529999643564224,0.13830000162124634,0.13910000026226044,0.12110000103712082,0.12370000034570694,0.1339000016450882,0.09220000356435776,0.13259999454021454,0.11760000139474869,0.10029999911785126,0.07580000162124634,0.1404999941587448,0.09610000252723694,0.09700000286102295,0.11810000240802765,0.11309999972581863,0.07569999992847443,0.06260000169277191,0.07819999754428864,0.1185000017285347,0.13529999554157257,0.09880000352859497,0.17960000038146973,0.13989999890327454,0.11150000244379044,0.12049999833106995,0.120899997651577,0.10140000283718109,0.16899999976158142,0.09939999878406525,0.15119999647140503,0.09960000216960907,0.13289999961853027,0.11869999766349792,0.14079999923706055,0.09549999982118607,0.09780000150203705,0.13580000400543213,0.13590000569820404,0.09749999642372131,0.13490000367164612,0.14110000431537628,0.1428000032901764,0.0982000008225441,0.16680000722408295,0.17880000174045563,0.09629999846220016,0.03849999979138374,0.1421000063419342,0.21310000121593475,0.13899999856948853,0.1378999948501587,0.057500001043081284,0.09459999948740005,0.21780000627040863,0.1371999979019165,0.22030000388622284,0.1371999979019165,0.13779999315738678,0.19689999520778656,0.21639999747276306,0.15520000457763672,0.18950000405311584,0.15929999947547913,0.19589999318122864,0.21649999916553497,0.1665000021457672,0.1785999983549118,0.1956000030040741,0.17520000040531158,0.1931000053882599,0.1745000034570694,0.20080000162124634,0.20170000195503235,0.18199999630451202,0.19580000638961792,0.1720000058412552,0.19840000569820404,0.18050000071525574,0.09960000216960907,0.20720000565052032,0.1339000016450882,0.19629999995231628,0.19740000367164612,0.19339999556541443,0.17739999294281006,0.17739999294281006,0.2134000062942505,0.18860000371932983,0.17870000004768372,0.13609999418258667,0.11479999870061874,0.1559000015258789,0.2004999965429306,0.17839999496936798,0.11819999665021896,0.155799999833107,0.10170000046491623,0.21310000121593475,0.17949999868869781,0.1396999955177307,0.11749999970197678,0.15489999949932098,0.21089999377727509,0.16300000250339508,0.17759999632835388,0.15600000321865082,0.0957999974489212,0.2053000032901764,0.15440000593662262,0.1606999933719635,0.19040000438690186,0.19619999825954437,0.15629999339580536,0.21559999883174896,0.20919999480247498,0.20000000298023224,0.179299995303154,0.155799999833107,0.21780000627040863,0.14300000667572021,0.1737000048160553,0.17839999496936798,0.1736000031232834,0.1981000006198883,0.22349999845027924,0.19939999282360077,0.21449999511241913,0.1941000074148178,0.20759999752044678,0.16019999980926514,0.15790000557899475,0.13580000400543213,0.17260000109672546,0.19709999859333038,0.15940000116825104,0.17589999735355377,0.11829999834299088,0.19050000607967377,0.1388999968767166,0.13979999721050262,0.13019999861717224,0.195700004696846,0.17409999668598175,0.15790000557899475,0.17730000615119934,0.17389999330043793,0.1745000034570694,0.17759999632835388,0.2101999968290329,0.17409999668598175,0.1534000039100647,0.13770000636577606,0.19480000436306,0.19920000433921814,0.22040000557899475,0.22349999845027924,0.13770000636577606,0.15139999985694885,0.22200000286102295,0.18950000405311584,0.1754000037908554,0.2206999957561493,0.17649999260902405,0.19120000302791595,0.19359999895095825,0.21770000457763672,0.1881999969482422,0.13030000030994415,0.22020000219345093,0.2272000014781952,0.1615000069141388,0.15929999947547913,0.1979999989271164,0.11959999799728394,0.21379999816417694,0.2409999966621399,0.21330000460147858,0.1777999997138977,0.21320000290870667,0.1818999946117401,0.19349999725818634,0.21289999783039093,0.2012999951839447,0.19689999520778656,0.19869999587535858,0.2363000065088272,0.19840000569820404,0.15710000693798065,0.17820000648498535,0.20440000295639038,0.21649999916553497,0.15189999341964722,0.18029999732971191,0.1542000025510788,0.1808999925851822,0.17110000550746918,0.17960000038146973,0.2003999948501587,0.1753000020980835,0.1800999939441681,0.19539999961853027,0.1404999941587448,0.13689999282360077,0.21320000290870667,0.17309999465942383,0.1599999964237213,0.16590000689029694,0.20739999413490295,0.1281999945640564,0.13490000367164612,0.2092999964952469,0.22349999845027924,0.19009999930858612,0.21299999952316284,0.19449999928474426,0.2013999968767166,0.19429999589920044,0.1965000033378601,0.1551000028848648,0.16130000352859497,0.17419999837875366,0.18289999663829803,0.19699999690055847,0.19419999420642853,0.21050000190734863,0.20149999856948853,0.19480000436306,0.24070000648498535,0.2053000032901764,0.20970000326633453,0.22139999270439148,0.23639999330043793,0.2345999926328659,0.17219999432563782,0.2013999968767166,0.1981000006198883,0.21899999678134918,0.1898999959230423,0.17640000581741333,0.23260000348091125,0.156700000166893,0.2345000058412552,0.22089999914169312,0.23270000517368317,0.21850000321865082,0.1973000019788742,0.2176000028848648,0.21220000088214874,0.23180000483989716,0.23109999299049377,0.23070000112056732,0.24660000205039978,0.23280000686645508,0.2168000042438507,0.23649999499320984,0.1509999930858612,0.19509999454021454,0.2281000018119812,0.1826999932527542,0.21469999849796295,0.24169999361038208,0.17749999463558197,0.19990000128746033,0.21330000460147858,0.23250000178813934,0.17720000445842743,0.1712000072002411,0.19629999995231628,0.16019999980926514,0.23010000586509705,0.18569999933242798,0.23420000076293945,0.17669999599456787,0.20800000429153442,0.16779999434947968,0.20900000631809235,0.21870000660419464,0.19020000100135803,0.1754000037908554,0.0982000008225441,0.17890000343322754,0.2540999948978424,0.20100000500679016,0.17000000178813934,0.22509999573230743,0.18459999561309814,0.1704999953508377,0.21819999814033508,0.21449999511241913,0.19699999690055847,0.17759999632835388,0.21960000693798065,0.13699999451637268,0.20919999480247498,0.19370000064373016,0.2605000138282776,0.20999999344348907,0.21870000660419464,0.21400000154972076,0.21950000524520874,0.21739999949932098,0.23579999804496765,0.2003999948501587,0.19920000433921814,0.19460000097751617,0.2143000066280365,0.21570000052452087,0.20100000500679016,0.2232999950647354,0.1906999945640564,0.19439999759197235,0.19840000569820404,0.1590999960899353,0.21940000355243683,0.21369999647140503,0.23720000684261322,0.2199999988079071,0.21199999749660492,0.15520000457763672,0.17589999735355377,0.2363000065088272,0.23260000348091125,0.19359999895095825,0.15809999406337738,0.21629999577999115,0.1931000053882599,0.23909999430179596,0.23229999840259552,0.21879999339580536,0.19629999995231628,0.2142000049352646,0.21690000593662262,0.1808999925851822,0.19589999318122864,0.21879999339580536,0.24320000410079956,0.21490000188350677,0.22120000422000885,0.19779999554157257,0.19789999723434448,0.2362000048160553,0.22059999406337738,0.13840000331401825,0.13459999859333038,0.19349999725818634,0.1754000037908554,0.1987999975681305,0.1906999945640564,0.23600000143051147,0.2337999939918518,0.21359999477863312,0.21690000593662262,0.17470000684261322,0.19429999589920044,0.19920000433921814,0.26179999113082886,0.17260000109672546,0.23000000417232513,0.24410000443458557,0.17229999601840973,0.21089999377727509,0.20819999277591705,0.2078000009059906,0.23080000281333923,0.2363000065088272,0.15469999611377716,0.26190000772476196,0.24469999969005585,0.1720000058412552,0.2110999971628189,0.179299995303154,0.21150000393390656,0.21060000360012054,0.15440000593662262,0.23749999701976776,0.23440000414848328,0.24160000681877136,0.22990000247955322,0.11379999667406082,0.2363000065088272,0.25380000472068787,0.21240000426769257,0.2329999953508377,0.2434999942779541,0.18070000410079956,0.23849999904632568,0.24819999933242798,0.15389999747276306,0.25600001215934753,0.17949999868869781,0.2467000037431717,0.26579999923706055,0.23340000212192535,0.2565000057220459,0.23309999704360962,0.21170000731945038,0.23800000548362732,0.2345999926328659,0.1354999989271164,0.21960000693798065,0.20160000026226044,0.25619998574256897,0.21780000627040863,0.24060000479221344,0.23849999904632568,0.2563000023365021,0.2533000111579895,0.20200000703334808,0.23109999299049377,0.1941000074148178,0.2721000015735626,0.25189998745918274,0.2451999932527542,0.25099998712539673,0.23250000178813934,0.193900004029274,0.22920000553131104,0.19779999554157257,0.2768999934196472,0.2362000048160553,0.27219998836517334,0.2558000087738037,0.19499999284744263,0.23589999973773956,0.23499999940395355,0.21850000321865082,0.18000000715255737,0.2745000123977661,0.14900000393390656,0.26460000872612,0.21320000290870667,0.25429999828338623,0.27390000224113464,0.23389999568462372,0.2556000053882599,0.31709998846054077,0.2563999891281128,0.23720000684261322,0.29420000314712524,0.15459999442100525,0.17299999296665192,0.29159998893737793,0.2563000023365021,0.2750999927520752,0.271699994802475,0.2379000037908554,0.2712000012397766,0.25459998846054077,0.15870000422000885,0.25279998779296875,0.23180000483989716,0.23499999940395355,0.2337999939918518,0.2547999918460846,0.23280000686645508,0.24469999969005585,0.2393999993801117,0.2337000072002411,0.2549000084400177,0.29249998927116394,0.2759000062942505,0.2870999872684479,0.29829999804496765,0.28859999775886536,0.2874000072479248,0.3167000114917755,0.2939000129699707,0.2897000014781952,0.2759999930858612,0.35089999437332153,0.27869999408721924,0.25200000405311584,0.2913999855518341,0.3077000081539154,0.27790001034736633,0.2782999873161316,0.3440999984741211,0.2467000037431717,0.251800000667572,0.3327000141143799,0.267300009727478,0.3774999976158142,0.2761000096797943,0.3343000113964081,0.3122999966144562,0.28769999742507935,0.31209999322891235,0.3368000090122223,0.33469998836517334,0.2736999988555908,0.23919999599456787,0.2590999901294708,0.367900013923645,0.3758000135421753,0.27709999680519104,0.2551000118255615,0.29120001196861267,0.33250001072883606,0.3109999895095825,0.2964000105857849,0.323199987411499,0.3682999908924103,0.39480000734329224,0.4117000102996826,0.30959999561309814,0.3165999948978424,0.2953000068664551,0.3239000141620636,0.3294999897480011,0.42480000853538513,0.3959999978542328,0.34929999709129333,0.366100013256073,0.34860000014305115,0.3127000033855438,0.4011000096797943,0.44670000672340393,0.3700000047683716,0.43230000138282776,0.3479999899864197,0.4198000133037567,0.38769999146461487,0.4056999981403351,0.3003999888896942,0.37220001220703125,0.28299999237060547,0.31130000948905945,0.31450000405311584,0.40139999985694885,0.38690000772476196,0.3686000108718872,0.3919000029563904,0.3919999897480011,0.40630000829696655,0.45829999446868896,0.3912999927997589,0.3853999972343445,0.4106000065803528,0.38499999046325684,0.4677000045776367,0.4235999882221222,0.384799987077713,0.4259999990463257,0.3294999897480011,0.29499998688697815,0.3882000148296356,0.36090001463890076,0.3955000042915344,0.4609000086784363,0.35670000314712524,0.3598000109195709,0.4372999966144562,0.3937000036239624,0.37700000405311584,0.3472999930381775,0.3991999924182892,0.43070000410079956,0.31709998846054077,0.4122999906539917,0.3720000088214874,0.3379000127315521,0.41260001063346863,0.3156000077724457,0.3693000078201294,0.38670000433921814,0.4140999913215637,0.39750000834465027,0.3831000030040741,0.3749000132083893,0.43470001220703125,0.450300008058548,0.42239999771118164,0.328900009393692,0.3847000002861023,0.3928000032901764,0.35510000586509705,0.34950000047683716,0.3546999990940094,0.37770000100135803,0.3465000092983246,0.4056999981403351,0.4122999906539917,0.39590001106262207,0.4487999975681305,0.4023999869823456,0.38510000705718994,0.37229999899864197,0.3555000126361847,0.3517000079154968,0.4537000060081482,0.3702000081539154,0.29670000076293945,0.4122999906539917,0.32409998774528503,0.3531000018119812,0.3977999985218048,0.42829999327659607,0.3005000054836273,0.4580000042915344,0.45249998569488525,0.5031999945640564,0.4113999903202057,0.4350999891757965,0.47360000014305115,0.3483999967575073,0.42719998955726624,0.36800000071525574,0.38830000162124634,0.4341999888420105,0.3935999870300293,0.428600013256073,0.34630000591278076,0.37549999356269836,0.4287000000476837,0.45159998536109924,0.4361000061035156,0.35109999775886536,0.296999990940094,0.414900004863739,0.37279999256134033,0.4075999855995178,0.39100000262260437,0.29159998893737793,0.41100001335144043,0.4018000066280365,0.4332999885082245,0.4943999946117401,0.4251999855041504,0.39570000767707825,0.41499999165534973,0.41679999232292175,0.41280001401901245,0.4361000061035156,0.40700000524520874,0.39329999685287476,0.45350000262260437,0.5690000057220459,0.42100000381469727,0.5339999794960022,0.4690999984741211,0.38839998841285706,0.4311000108718872,0.37869998812675476,0.42989999055862427,0.3921999931335449,0.4562999904155731,0.39250001311302185,0.3953999876976013,0.45980000495910645,0.4699000120162964,0.3431999981403351,0.3912999927997589,0.429500013589859,0.4311999976634979,0.48429998755455017,0.4336000084877014,0.2971999943256378,0.39079999923706055,0.3912000060081482,0.374099999666214,0.39489999413490295,0.37790000438690186,0.49540001153945923,0.46209999918937683,0.3953999876976013,0.39250001311302185,0.3693999946117401,0.40549999475479126,0.39750000834465027,0.400299996137619,0.4205000102519989,0.33880001306533813,0.33799999952316284,0.38929998874664307,0.5472999811172485,0.47609999775886536,0.49380001425743103,0.47040000557899475,0.4138000011444092,0.3580999970436096,0.5013999938964844,0.4302999973297119,0.451200008392334,0.4383000135421753,0.4178999960422516,0.3375000059604645,0.44839999079704285,0.4700999855995178,0.44040000438690186,0.4156000018119812,0.4862000048160553,0.45719999074935913,0.46880000829696655,0.2962999939918518,0.43619999289512634,0.5099999904632568,0.48510000109672546,0.4050000011920929,0.39660000801086426,0.3752000033855438,0.41449999809265137,0.45669999718666077,0.42730000615119934,0.3982999920845032,0.5375999808311462,0.3921999931335449,0.3650999963283539,0.39010000228881836,0.41040000319480896,0.4763999879360199,0.6080999970436096,0.3815999925136566,0.536300003528595,0.3824999928474426,0.4724000096321106,0.41290000081062317,0.48399999737739563,0.47620001435279846,0.3727000057697296,0.42829999327659607,0.527400016784668,0.4221999943256378,0.49050000309944153,0.39739999175071716,0.4731999933719635,0.412200003862381,0.4309000074863434,0.4772999882698059,0.3068999946117401,0.47049999237060547,0.35569998621940613,0.4661000072956085,0.43799999356269836,0.373199999332428,0.39559999108314514,0.45669999718666077,0.38760000467300415,0.42250001430511475,0.5078999996185303,0.49459999799728394,0.4147000014781952,0.45260000228881836,0.5099999904632568,0.43650001287460327,0.4900999963283539,0.5188999772071838,0.5088000297546387,0.42649999260902405,0.4713999927043915,0.4165000021457672,0.43050000071525574,0.35280001163482666,0.39089998602867126,0.5120999813079834,0.451200008392334,0.4142000079154968,0.5497000217437744,0.5271999835968018,0.553600013256073,0.3675000071525574,0.5182999968528748,0.5189999938011169,0.4343000054359436,0.438400000333786,0.4699999988079071,0.44600000977516174,0.3930000066757202,0.5094000101089478,0.4372999966144562,0.5339000225067139,0.45410001277923584,0.5378999710083008,0.49050000309944153,0.3887999951839447,0.35120001435279846,0.45100000500679016,0.42980000376701355,0.45100000500679016,0.5264000296592712,0.5839999914169312,0.5856999754905701,0.49059998989105225,0.39739999175071716,0.3873000144958496,0.531000018119812,0.5248000025749207,0.43799999356269836,0.45320001244544983,0.39800000190734863,0.4650000035762787,0.376800000667572,0.4429999887943268,0.31360000371932983,0.430400013923645,0.37059998512268066,0.5103999972343445,0.3188000023365021,0.5109000205993652,0.5699999928474426,0.5242000222206116,0.6104000210762024,0.48669999837875366,0.4691999852657318,0.35499998927116394,0.460099995136261,0.5166000127792358,0.5270000100135803,0.45509999990463257,0.4586000144481659,0.5486000180244446,0.392300009727478,0.4422999918460846,0.4652999937534332,0.47780001163482666,0.484499990940094,0.4903999865055084,0.5045999884605408,0.5424000024795532,0.6079999804496765,0.47209998965263367,0.4912000000476837,0.4706999957561493,0.5011000037193298,0.49549999833106995,0.6248000264167786,0.49380001425743103,0.54339998960495,0.5527999997138977,0.5260000228881836,0.48660001158714294,0.5273000001907349,0.46779999136924744,0.3686999976634979,0.34850001335144043,0.5328999757766724,0.5102999806404114,0.4943000078201294,0.4742000102996826,0.526199996471405,0.5867000222206116,0.4259999990463257,0.595300018787384,0.49320000410079956,0.4717000126838684,0.36899998784065247,0.335099995136261,0.5102999806404114,0.4959000051021576,0.5605000257492065,0.3750999867916107,0.4325000047683716,0.5042999982833862,0.45339998602867126,0.41040000319480896,0.43140000104904175,0.45170000195503235,0.4894999861717224,0.49160000681877136,0.554099977016449,0.5066999793052673,0.5706999897956848,0.5228000283241272,0.5296000242233276,0.5245000123977661,0.5313000082969666,0.3752000033855438,0.5881999731063843,0.34769999980926514,0.4440999925136566,0.5297999978065491,0.4668999910354614,0.4903999865055084,0.4661000072956085,0.5993000268936157,0.3840000033378601,0.5403000116348267,0.57669997215271,0.5817999839782715,0.5078999996185303,0.4912000000476837,0.4830000102519989,0.5306000113487244,0.44110000133514404,0.5235000252723694,0.5101000070571899,0.5135999917984009,0.512499988079071,0.49959999322891235,0.4251999855041504,0.48910000920295715,0.4830999970436096,0.4862000048160553,0.5077999830245972,0.5636000037193298,0.49300000071525574,0.4871000051498413,0.5566999912261963,0.47440001368522644,0.5763999819755554,0.4846999943256378,0.5169000029563904,0.4733000099658966,0.503000020980835,0.6043999791145325,0.629800021648407,0.5550000071525574,0.42829999327659607,0.5054000020027161,0.5827000141143799,0.6036999821662903,0.5669000148773193,0.42829999327659607,0.6141999959945679,0.4530999958515167,0.39430001378059387,0.4530999958515167,0.4925999939441681,0.491100013256073,0.531499981880188,0.3580999970436096,0.4742000102996826,0.4627000093460083,0.61080002784729,0.5960999727249146,0.4056999981403351,0.6126999855041504,0.6051999926567078,0.34769999980926514,0.5166000127792358,0.4390000104904175,0.5295000076293945,0.5060999989509583,0.5162000060081482,0.4555000066757202,0.3864000141620636,0.41350001096725464,0.5885000228881836,0.5349000096321106,0.4481000006198883,0.5685999989509583,0.4844000041484833,0.5457000136375427,0.4754999876022339,0.552299976348877,0.4740000069141388,0.4715000092983246,0.5148000121116638,0.5268999934196472,0.5331000089645386,0.5400000214576721,0.5335999727249146,0.44609999656677246,0.5504000186920166,0.5092999935150146,0.5105999708175659,0.5741000175476074,0.48489999771118164,0.4050999879837036,0.5511999726295471,0.4058000147342682,0.54339998960495,0.5878000259399414,0.4131999909877777,0.5439000129699707,0.565500020980835,0.5181999802589417,0.39010000228881836,0.4887999892234802,0.46860000491142273,0.5669999718666077,0.5259000062942505,0.5264999866485596,0.6516000032424927,0.49639999866485596,0.5286999940872192,0.5297999978065491,0.5220000147819519,0.49559998512268066,0.49050000309944153,0.5268999934196472,0.5421000123023987,0.48989999294281006,0.5303999781608582,0.6097999811172485,0.5479000210762024,0.5612999796867371,0.6270999908447266,0.5631999969482422,0.5644000172615051,0.46050000190734863,0.5478000044822693,0.5013999938964844,0.5306000113487244,0.5224000215530396,0.45980000495910645,0.517799973487854,0.47450000047683716,0.5092999935150146,0.5374000072479248,0.5324000120162964,0.5051000118255615,0.5472000241279602,0.5112000107765198,0.5034000277519226,0.5128999948501587,0.5888000130653381,0.5300999879837036,0.5449000000953674,0.5396000146865845,0.4880000054836273,0.45320001244544983,0.45680001378059387,0.5746999979019165,0.39419999718666077,0.5339000225067139,0.5392000079154968,0.46970000863075256,0.5139999985694885,0.41780000925064087,0.5282999873161316,0.41019999980926514,0.48820000886917114,0.5548999905586243,0.492000013589859,0.5667999982833862,0.5081999897956848,0.5454999804496765,0.4388999938964844,0.453900009393692,0.47929999232292175,0.5422999858856201,0.49070000648498535,0.474700003862381,0.5228000283241272,0.5432000160217285,0.5885000228881836,0.4846999943256378,0.5062000155448914,0.5056999921798706,0.5550000071525574,0.531499981880188,0.46050000190734863,0.49070000648498535,0.5587999820709229,0.42739999294281006,0.5400999784469604,0.5224000215530396,0.43540000915527344,0.6033999919891357,0.4262999892234802,0.47269999980926514,0.550599992275238,0.48649999499320984,0.5663999915122986,0.5051000118255615,0.545199990272522,0.5508000254631042,0.33250001072883606,0.597000002861023,0.5716999769210815,0.48809999227523804,0.546500027179718,0.5467000007629395,0.5249000191688538,0.5957000255584717,0.6065999865531921,0.4343000054359436,0.5437999963760376,0.483599990606308,0.5087000131607056,0.5313000082969666,0.47450000047683716,0.6103000044822693,0.5084999799728394,0.5372999906539917,0.6635000109672546,0.5659000277519226,0.4851999878883362,0.4690999984741211,0.43720000982284546,0.4239000082015991,0.4830000102519989,0.4925000071525574,0.4537999927997589,0.5117999911308289,0.492000013589859,0.6097000241279602,0.5699999928474426,0.4526999890804291,0.5695000290870667,0.5677000284194946,0.6603999733924866,0.5504999756813049,0.535099983215332,0.5759999752044678,0.5289999842643738,0.5310999751091003,0.5357000231742859,0.5458999872207642,0.49480000138282776,0.4092999994754791,0.5633000135421753,0.6111999750137329,0.5440999865531921,0.49950000643730164,0.5404999852180481,0.5131000280380249,0.5874000191688538,0.4431000053882599,0.41609999537467957,0.4740999937057495,0.41200000047683716,0.47119998931884766,0.599399983882904,0.5620999932289124,0.5776000022888184,0.5935999751091003,0.54339998960495,0.4422000050544739,0.5654000043869019,0.508400022983551,0.4799000024795532,0.5331000089645386,0.567300021648407,0.4821000099182129,0.4921000003814697,0.49050000309944153,0.5703999996185303,0.5910999774932861,0.6129999756813049,0.6049000024795532,0.5270000100135803,0.5917999744415283,0.47110000252723694,0.5809999704360962,0.542900025844574,0.5504000186920166,0.5503000020980835,0.531000018119812,0.503000020980835,0.4902999997138977,0.5195000171661377,0.512499988079071,0.5098000168800354,0.4659999907016754,0.5285999774932861,0.5242000222206116,0.567799985408783,0.5321000218391418,0.5468999743461609,0.454800009727478,0.527999997138977,0.4724999964237213,0.5891000032424927,0.5611000061035156,0.4602000117301941,0.44359999895095825,0.41130000352859497,0.4731999933719635,0.4876999855041504,0.54339998960495,0.5286999940872192,0.5489000082015991,0.58160001039505,0.5307000279426575,0.5289999842643738,0.689300000667572,0.4357999861240387,0.5335999727249146,0.5898000001907349,0.43479999899864197,0.5841000080108643,0.5514000058174133,0.6455000042915344,0.5821999907493591,0.5291000008583069,0.5218999981880188,0.4528999924659729,0.5281999707221985,0.5084999799728394,0.550599992275238,0.5690000057220459,0.4708999991416931,0.5727999806404114,0.6183000206947327,0.5511000156402588,0.5716000199317932,0.4945000112056732,0.4115000069141388,0.5315999984741211,0.46230000257492065,0.5519000291824341,0.4668999910354614,0.6028000116348267,0.4754999876022339,0.5748000144958496,0.5327000021934509,0.6065000295639038,0.5914999842643738,0.574400007724762,0.5315999984741211,0.491100013256073,0.5221999883651733,0.4562000036239624,0.5690000057220459,0.573199987411499,0.612500011920929,0.5437999963760376,0.5795999765396118,0.5722000002861023,0.484499990940094,0.6287999749183655,0.5627999901771545,0.4560000002384186,0.5130000114440918,0.5680000185966492,0.5633000135421753,0.5116000175476074,0.42980000376701355,0.4174000024795532,0.5623000264167786,0.5460000038146973,0.5878999829292297,0.49000000953674316,0.5685999989509583,0.5385000109672546,0.5041000247001648,0.5070000290870667,0.47440001368522644,0.4745999872684479,0.6474000215530396,0.5421000123023987,0.4341000020503998,0.5679000020027161,0.550599992275238,0.43639999628067017,0.5465999841690063,0.4765999913215637,0.5335999727249146,0.574400007724762,0.5238999724388123,0.5873000025749207,0.5825999975204468,0.6848999857902527,0.4104999899864197,0.5770000219345093,0.5350000262260437,0.5270000100135803,0.49140000343322754,0.4875999987125397,0.47380000352859497,0.5047000050544739,0.5853999853134155,0.6398000121116638,0.621399998664856,0.6032000184059143,0.6273999810218811,0.506600022315979,0.5845999717712402,0.5882999897003174,0.47620001435279846,0.5080000162124634,0.5157999992370605,0.652899980545044,0.5429999828338623,0.5814999938011169,0.5819000005722046,0.5259000062942505,0.5839999914169312,0.4489000141620636,0.48069998621940613,0.41449999809265137,0.4708000123500824,0.42739999294281006,0.5546000003814697,0.6366999745368958,0.5281000137329102,0.5620999932289124,0.4499000012874603,0.6043999791145325,0.5120000243186951,0.5873000025749207,0.541700005531311,0.4810999929904938,0.5065000057220459,0.5672000050544739,0.6075000166893005,0.4641000032424927,0.593999981880188,0.5042999982833862,0.450300008058548,0.4708999991416931,0.5631999969482422,0.6089000105857849,0.4984000027179718,0.5097000002861023,0.43959999084472656,0.4799000024795532,0.6370000243186951,0.4277999997138977,0.5712000131607056,0.4571000039577484,0.5511000156402588,0.49050000309944153,0.609499990940094,0.5080000162124634,0.5662000179290771,0.6230999827384949,0.5327000021934509,0.6078000068664551,0.46470001339912415,0.5080999732017517,0.5428000092506409,0.5712000131607056,0.5782999992370605,0.43299999833106995,0.529699981212616,0.5820000171661377,0.5680999755859375,0.5181999802589417,0.46630001068115234,0.5432999730110168,0.48260000348091125,0.4973999857902527,0.5357000231742859,0.6008999943733215,0.5024999976158142,0.5332000255584717,0.5550000071525574,0.5508000254631042,0.4478999972343445,0.501800000667572,0.6717000007629395,0.5162000060081482,0.6061999797821045,0.4934999942779541,0.5605000257492065,0.42649999260902405,0.4323999881744385,0.4648999869823456,0.5138000249862671,0.5543000102043152,0.5479999780654907,0.6090999841690063,0.5716000199317932,0.5112000107765198,0.5113000273704529,0.5756999850273132,0.5285000205039978,0.5349000096321106,0.5885000228881836,0.5364000201225281,0.585099995136261,0.5069000124931335,0.5123000144958496,0.5138000249862671,0.5023999810218811,0.5763000249862671,0.5465999841690063,0.5659000277519226,0.5045999884605408,0.5573999881744385,0.5080999732017517,0.5683000087738037,0.5239999890327454,0.5336999893188477,0.4571000039577484,0.5357999801635742,0.6274999976158142,0.5253999829292297,0.5735999941825867,0.6280999779701233,0.5656999945640564,0.5543000102043152,0.5715000033378601,0.454800009727478,0.4864000082015991,0.4528000056743622,0.564300000667572,0.42149999737739563,0.5892999768257141,0.5720000267028809,0.5698000192642212,0.5250999927520752,0.49300000071525574,0.4291999936103821,0.4345000088214874,0.5867999792098999,0.39340001344680786,0.5281999707221985,0.4521999955177307,0.6101999878883362,0.6690000295639038,0.5716999769210815,0.5254999995231628,0.5486999750137329,0.5496000051498413,0.506600022315979,0.4934999942779541,0.5418000221252441,0.5927000045776367,0.4056999981403351,0.4941999912261963,0.4717999994754791,0.4514999985694885,0.5349000096321106,0.5302000045776367,0.4659000039100647,0.46700000762939453,0.4302999973297119,0.5917999744415283,0.6086999773979187,0.47350001335144043,0.5246000289916992,0.4611000120639801,0.5855000019073486,0.5178999900817871,0.5325999855995178,0.5318999886512756,0.48660001158714294,0.4146000146865845,0.5322999954223633,0.545799970626831,0.40860000252723694,0.5885999798774719,0.5073999762535095,0.5507000088691711,0.4683000147342682,0.4447000026702881,0.5875999927520752,0.4474000036716461,0.5490999817848206,0.5138999819755554,0.546999990940094,0.4945000112056732,0.4885999858379364,0.5278000235557556,0.4507000148296356,0.5239999890327454,0.5092999935150146,0.4081000089645386,0.46219998598098755,0.5877000093460083,0.49410000443458557,0.5871999859809875,0.5936999917030334,0.5060999989509583,0.4731999933719635,0.43059998750686646,0.5303000211715698,0.4672999978065491,0.42809998989105225,0.5187000036239624,0.4440000057220459,0.5383999943733215,0.5397999882698059,0.5060999989509583,0.43320000171661377,0.42410001158714294,0.3684000074863434,0.49459999799728394,0.47130000591278076,0.3950999975204468,0.506600022315979,0.5709999799728394,0.508899986743927,0.513700008392334,0.5476999878883362,0.5274999737739563,0.4620000123977661,0.5325999855995178,0.5931000113487244,0.49230000376701355,0.43880000710487366,0.5320000052452087,0.48820000886917114,0.5060999989509583,0.5540000200271606,0.490200012922287,0.5479000210762024,0.5297999978065491,0.5267000198364258,0.474700003862381,0.4697999954223633,0.5112000107765198,0.4429999887943268,0.4887000024318695,0.5347999930381775,0.6317999958992004,0.589900016784668,0.46650001406669617,0.5422999858856201,0.5924000144004822,0.6175000071525574,0.4715999960899353,0.4902999997138977,0.585099995136261,0.5537999868392944,0.46480000019073486,0.48989999294281006,0.5063999891281128,0.5307999849319458,0.4699000120162964,0.41130000352859497,0.6074000000953674,0.5139999985694885,0.5609999895095825,0.5,0.49810001254081726,0.49320000410079956,0.5644999742507935,0.6086000204086304,0.42879998683929443,0.46860000491142273,0.5056999921798706,0.5651999711990356,0.5425999760627747,0.47920000553131104,0.4659999907016754,0.5893999934196472,0.5985000133514404,0.5508999824523926,0.5882999897003174,0.4830000102519989,0.5073999762535095,0.4740999937057495,0.4291999936103821,0.5127000212669373,0.5690000057220459,0.5289000272750854,0.6281999945640564,0.5694000124931335,0.5504999756813049,0.5871999859809875,0.553600013256073,0.539900004863739,0.5703999996185303,0.3970000147819519,0.5454999804496765,0.546999990940094,0.6040999889373779,0.5864999890327454,0.6043000221252441,0.5666000247001648,0.5069000124931335,0.4952000081539154,0.5177000164985657,0.4950999915599823,0.5453000068664551,0.49309998750686646,0.586899995803833,0.4903999865055084,0.492000013589859,0.5564000010490417,0.5454999804496765,0.48399999737739563,0.5726000070571899,0.4758000075817108,0.5339999794960022,0.536300003528595,0.4230000078678131,0.535099983215332,0.5271000266075134,0.5220000147819519,0.5342000126838684,0.5231999754905701,0.5231000185012817,0.5504000186920166,0.46970000863075256,0.4309000074863434,0.6866000294685364,0.46970000863075256,0.5141000151634216,0.5527999997138977,0.3774999976158142,0.5110999941825867,0.4740000069141388,0.5094000101089478,0.4837000072002411,0.3684999942779541,0.4796999990940094,0.4056999981403351,0.5277000069618225,0.644599974155426,0.47189998626708984,0.43479999899864197,0.5533000230789185,0.5016000270843506,0.6345000267028809,0.5418000221252441,0.5756999850273132,0.5856000185012817,0.49129998683929443,0.5432999730110168,0.5357000231742859,0.5364999771118164,0.5095000267028809,0.5855000019073486,0.5645999908447266,0.5879999995231628,0.5138999819755554,0.5083000063896179
0.4661000072956085,0.27070000767707825,0.01759999990463257,0.019600000232458115,0.01979999989271164,0.01940000057220459,0.02239999920129776,0.020800000056624413,0.017799999564886093,0.020899999886751175,0.016599999740719795,0.01940000057220459,0.017000000923871994,0.01730000041425228,0.02070000022649765,0.019899999722838402,0.02019999921321869,0.0203000009059906,0.019600000232458115,0.01759999990463257,0.019200000911951065,0.0,0.0,0.0,0.0,0.0,0.0,0.0,0.0,0.0,0.0,0.0,0.0,0.0,0.0,0.0,0.0,0.0,0.0,0.0,0.0,0.0,0.0,0.0,0.0,0.0,0.0,0.0,0.0,0.0,0.0,0.0,0.0,0.0,0.0,0.0,0.0,0.0,0.0,0.0,0.0,0.0,0.0,0.0,0.0,0.0,0.0,0.0,0.0,0.0,0.0,0.0,0.0,0.0,0.02070000022649765,0.0,0.0,0.0,0.01940000057220459,0.0,0.018699999898672104,0.0,0.0,0.0,0.0,0.0,0.0,0.0,0.0,0.0,0.0,0.0,0.01850000023841858,0.0,0.0,0.0,0.0,0.0,0.0,0.0,0.0,0.0,0.0,0.0,0.0,0.0,0.0,0.0,0.0,0.0,0.0,0.0,0.0,0.0,0.0,0.0,0.01769999973475933,0.0,0.0,0.0,0.0,0.0,0.0,0.0,0.019300000742077827,0.0,0.0,0.0,0.0,0.0,0.0,0.0,0.0,0.0,0.0,0.0,0.0,0.0,0.0,0.0,0.0,0.0,0.0,0.0,0.0,0.0,0.0,0.0,0.0,0.0,0.0,0.0,0.0,0.0,0.0,0.0,0.0,0.0,0.0,0.0,0.0,0.0,0.020899999886751175,0.0,0.02290000021457672,0.0,0.0,0.0,0.020400000736117363,0.0,0.0,0.0,0.019099999219179153,0.0,0.019999999552965164,0.020600000396370888,0.0,0.0,0.0,0.0,0.0,0.0,0.020999999716877937,0.0,0.0,0.0,0.0,0.0,0.0,0.0,0.0,0.0,0.0,0.0,0.0,0.019099999219179153,0.0,0.03689999878406525,0.03909999877214432,0.0,0.0,0.0,0.019600000232458115,0.0,0.0,0.01679999940097332,0.0,0.0,0.0,0.0,0.0,0.0,0.0,0.0,0.04100000113248825,0.03779999911785126,0.0,0.0,0.0,0.0,0.0,0.0,0.022099999710917473,0.04190000146627426,0.0,0.01889999955892563,0.0,0.02019999921321869,0.0,0.020099999383091927,0.03999999910593033,0.0,0.05909999832510948,0.03849999979138374,0.019200000911951065,0.0,0.0,0.017799999564886093,0.0,0.0,0.0,0.0,0.0,0.0,0.0,0.038100000470876694,0.019700000062584877,0.03790000081062317,0.035999998450279236,0.0,0.0,0.040699999779462814,0.0210999995470047,0.03909999877214432,0.017899999395012856,0.019200000911951065,0.0,0.019700000062584877,0.03849999979138374,0.04390000179409981,0.05820000171661377,0.03759999945759773,0.041099999099969864,0.0,0.019899999722838402,0.0,0.020899999886751175,0.01759999990463257,0.03840000182390213,0.03739999979734421,0.05559999868273735,0.03579999879002571,0.03720000013709068,0.040699999779462814,0.0,0.0,0.041200000792741776,0.039000000804662704,0.03620000183582306,0.019099999219179153,0.0,0.0,0.0,0.0,0.04190000146627426,0.018200000748038292,0.0632999986410141,0.05400000140070915,0.061799999326467514,0.03689999878406525,0.04010000079870224,0.04230000078678131,0.04010000079870224,0.0,0.0421999990940094,0.03739999979734421,0.057100001722574234,0.0,0.04039999842643738,0.04340000078082085,0.0,0.060600001364946365,0.03790000081062317,0.03819999843835831,0.040300000458955765,0.06199999898672104,0.017999999225139618,0.03849999979138374,0.0,0.04100000113248825,0.041200000792741776,0.018799999728798866,0.01899999938905239,0.05770000070333481,0.02019999921321869,0.0,0.0,0.03849999979138374,0.0,0.05829999968409538,0.0,0.05829999968409538,0.041600000113248825,0.020800000056624413,0.0,0.06310000270605087,0.01940000057220459,0.0,0.0,0.05820000171661377,0.059300001710653305,0.0,0.0,0.05909999832510948,0.03779999911785126,0.03819999843835831,0.053599998354911804,0.05920000001788139,0.020099999383091927,0.03680000081658363,0.0414000004529953,0.03629999980330467,0.0,0.0568000003695488,0.06109999865293503,0.07329999655485153,0.0,0.03620000183582306,0.03970000147819519,0.0,0.03830000013113022,0.018200000748038292,0.07660000026226044,0.05849999934434891,0.01940000057220459,0.1177000030875206,0.018799999728798866,0.01860000006854534,0.07900000363588333,0.05660000070929527,0.037700001150369644,0.07800000160932541,0.04129999876022339,0.07460000365972519,0.07919999957084656,0.14229999482631683,0.11330000311136246,0.12399999797344208,0.09880000352859497,0.11400000005960464,0.11890000104904175,0.1371999979019165,0.04170000180602074,0.09920000284910202,0.11630000174045563,0.11620000004768372,0.0763000026345253,0.1396999955177307,0.13920000195503235,0.13500000536441803,0.10279999673366547,0.12080000340938568,0.1193000003695488,0.1006999984383583,0.12370000034570694,0.07750000059604645,0.10090000182390213,0.1005999967455864,0.0551999993622303,0.0771000012755394,0.11559999734163284,0.11949999630451202,0.13729999959468842,0.08259999752044678,0.09610000252723694,0.08150000125169754,0.11789999902248383,0.11789999902248383,0.12049999833106995,0.03909999877214432,0.08089999854564667,0.08510000258684158,0.08219999819993973,0.11429999768733978,0.15240000188350677,0.1282999962568283,0.09839999675750732,0.12139999866485596,0.1615999937057495,0.15610000491142273,0.17649999260902405,0.11890000104904175,0.11509999632835388,0.1581999957561493,0.07750000059604645,0.0949999988079071,0.179299995303154,0.09950000047683716,0.15860000252723694,0.15690000355243683,0.1599999964237213,0.11219999939203262,0.09489999711513519,0.12280000001192093,0.1387999951839447,0.12880000472068787,0.13539999723434448,0.17440000176429749,0.07760000228881836,0.13449999690055847,0.11620000004768372,0.11490000039339066,0.0794999971985817,0.15569999814033508,0.07540000230073929,0.16040000319480896,0.1388999968767166,0.11649999767541885,0.14010000228881836,0.12110000103712082,0.15620000660419464,0.16329999268054962,0.1606999933719635,0.11720000207424164,0.15299999713897705,0.13850000500679016,0.1501999944448471,0.16210000216960907,0.12200000137090683,0.09690000116825104,0.07590000331401825,0.13459999859333038,0.120899997651577,0.10029999911785126,0.15860000252723694,0.08009999990463257,0.15299999713897705,0.193900004029274,0.15940000116825104,0.12839999794960022,0.15479999780654907,0.08110000193119049,0.1581999957561493,0.1501999944448471,0.12219999730587006,0.11590000241994858,0.17509999871253967,0.17319999635219574,0.09470000118017197,0.18209999799728394,0.20170000195503235,0.20020000636577606,0.1768999993801117,0.17409999668598175,0.15780000388622284,0.12120000272989273,0.20069999992847443,0.1881999969482422,0.13850000500679016,0.19820000231266022,0.15780000388622284,0.15150000154972076,0.1956000030040741,0.19850000739097595,0.193900004029274,0.14630000293254852,0.13899999856948853,0.19380000233650208,0.19339999556541443,0.19339999556541443,0.16110000014305115,0.15569999814033508,0.13729999959468842,0.1615000069141388,0.12039999663829803,0.17350000143051147,0.16189999878406525,0.15330000221729279,0.19609999656677246,0.17299999296665192,0.21089999377727509,0.20329999923706055,0.1581999957561493,0.15369999408721924,0.15189999341964722,0.16930000483989716,0.1753000020980835,0.1800999939441681,0.15299999713897705,0.21410000324249268,0.15610000491142273,0.1387999951839447,0.13330000638961792,0.20000000298023224,0.19859999418258667,0.17560000717639923,0.21780000627040863,0.20550000667572021,0.19349999725818634,0.16359999775886536,0.19059999287128448,0.20010000467300415,0.16200000047683716,0.19789999723434448,0.19529999792575836,0.11879999935626984,0.1703999936580658,0.20239999890327454,0.19869999587535858,0.19419999420642853,0.1931000053882599,0.1940000057220459,0.19619999825954437,0.15929999947547913,0.195700004696846,0.2087000012397766,0.19589999318122864,0.1818999946117401,0.11289999634027481,0.17710000276565552,0.2102999985218048,0.1995999962091446,0.23810000717639923,0.21070000529289246,0.1745000034570694,0.19990000128746033,0.19470000267028809,0.21209999918937683,0.11710000038146973,0.1745000034570694,0.19480000436306,0.23770000040531158,0.22040000557899475,0.15870000422000885,0.1785999983549118,0.18950000405311584,0.20200000703334808,0.20880000293254852,0.1956000030040741,0.21529999375343323,0.21619999408721924,0.1729000061750412,0.21170000731945038,0.17720000445842743,0.1671999990940094,0.2079000025987625,0.16050000488758087,0.20980000495910645,0.1776999980211258,0.21709999442100525,0.1762000024318695,0.21870000660419464,0.1712999939918518,0.22120000422000885,0.21379999816417694,0.2012999951839447,0.19660000503063202,0.21729999780654907,0.21299999952316284,0.21140000224113464,0.1745000034570694,0.14069999754428864,0.17489999532699585,0.17759999632835388,0.20069999992847443,0.21369999647140503,0.16009999811649323,0.22619999945163727,0.1712999939918518,0.20669999718666077,0.20180000364780426,0.21490000188350677,0.22130000591278076,0.13120000064373016,0.21809999644756317,0.22139999270439148,0.2143000066280365,0.17550000548362732,0.17499999701976776,0.1996999979019165,0.21610000729560852,0.2151000052690506,0.2175000011920929,0.24089999496936798,0.18569999933242798,0.1324000060558319,0.20630000531673431,0.2101999968290329,0.20909999310970306,0.20589999854564667,0.18970000743865967,0.21140000224113464,0.1941000074148178,0.19699999690055847,0.21089999377727509,0.23659999668598175,0.21130000054836273,0.22020000219345093,0.17499999701976776,0.18050000071525574,0.21860000491142273,0.2134999930858612,0.17479999363422394,0.2386000007390976,0.2126999944448471,0.22110000252723694,0.18019999563694,0.21130000054836273,0.2020999938249588,0.21809999644756317,0.21439999341964722,0.18979999423027039,0.21879999339580536,0.1987999975681305,0.1395999938249588,0.1770000010728836,0.17870000004768372,0.21050000190734863,0.18950000405311584,0.2337000072002411,0.20000000298023224,0.21119999885559082,0.21860000491142273,0.17749999463558197,0.21629999577999115,0.21410000324249268,0.2110999971628189,0.19480000436306,0.19269999861717224,0.20350000262260437,0.17479999363422394,0.2160000056028366,0.21699999272823334,0.2143000066280365,0.21490000188350677,0.2126999944448471,0.22439999878406525,0.23810000717639923,0.19670000672340393,0.193900004029274,0.23839999735355377,0.19269999861717224,0.23149999976158142,0.17630000412464142,0.1678999960422516,0.21879999339580536,0.20309999585151672,0.19280000030994415,0.2076999992132187,0.19509999454021454,0.2160000056028366,0.20749999582767487,0.19329999387264252,0.21089999377727509,0.23659999668598175,0.19259999692440033,0.19550000131130219,0.1728000044822693,0.17880000174045563,0.23489999771118164,0.18019999563694,0.21330000460147858,0.1656000018119812,0.2387000024318695,0.22759999334812164,0.2143000066280365,0.15970000624656677,0.21299999952316284,0.2160000056028366,0.20000000298023224,0.15719999372959137,0.20890000462532043,0.19550000131130219,0.22390000522136688,0.2084999978542328,0.1770000010728836,0.23260000348091125,0.2167000025510788,0.19519999623298645,0.21410000324249268,0.24060000479221344,0.21870000660419464,0.19529999792575836,0.23739999532699585,0.19599999487400055,0.2004999965429306,0.16279999911785126,0.20839999616146088,0.2134999930858612,0.22130000591278076,0.21459999680519104,0.21879999339580536,0.2143000066280365,0.2379000037908554,0.22050000727176666,0.21439999341964722,0.1776999980211258,0.1761000007390976,0.21610000729560852,0.21389999985694885,0.20890000462532043,0.21199999749660492,0.23980000615119934,0.19179999828338623,0.21529999375343323,0.20880000293254852,0.21529999375343323,0.2176000028848648,0.19329999387264252,0.21580000221729279,0.14149999618530273,0.21469999849796295,0.13660000264644623,0.21819999814033508,0.2126999944448471,0.12200000137090683,0.19300000369548798,0.17800000309944153,0.18119999766349792,0.20000000298023224,0.2110999971628189,0.21150000393390656,0.2126999944448471,0.1762000024318695,0.21709999442100525,0.21130000054836273,0.23229999840259552,0.19589999318122864,0.23360000550746918,0.2198999971151352,0.19509999454021454,0.23330000042915344,0.17560000717639923,0.2184000015258789,0.2062000036239624,0.19419999420642853,0.24619999527931213,0.22519999742507935,0.25220000743865967,0.23180000483989716,0.22949999570846558,0.25290000438690186,0.21789999306201935,0.2459000051021576,0.195700004696846,0.22470000386238098,0.2110999971628189,0.23340000212192535,0.2515000104904175,0.24879999458789825,0.23229999840259552,0.24390000104904175,0.25839999318122864,0.2084999978542328,0.2619999945163727,0.21040000021457672,0.21279999613761902,0.2378000020980835,0.23489999771118164,0.23729999363422394,0.17350000143051147,0.2563000023365021,0.2410999983549118,0.19619999825954437,0.22750000655651093,0.1728000044822693,0.25529998540878296,0.2702000141143799,0.24779999256134033,0.26570001244544983,0.21150000393390656,0.25060001015663147,0.2551000118255615,0.17299999296665192,0.1808999925851822,0.2540000081062317,0.2304999977350235,0.24269999563694,0.23899999260902405,0.25760000944137573,0.2176000028848648,0.17949999868869781,0.24070000648498535,0.155799999833107,0.2522999942302704,0.25189998745918274,0.25270000100135803,0.24950000643730164,0.19709999859333038,0.2529999911785126,0.22830000519752502,0.2483000010251999,0.17399999499320984,0.25999999046325684,0.24560000002384186,0.15710000693798065,0.2578999996185303,0.25380000472068787,0.2930000126361847,0.2786000072956085,0.27079999446868896,0.271699994802475,0.23160000145435333,0.2736999988555908,0.2379000037908554,0.2759000062942505,0.14720000326633453,0.2117999941110611,0.23520000278949738,0.2126999944448471,0.2563000023365021,0.17520000040531158,0.21299999952316284,0.2768000066280365,0.23669999837875366,0.21969999372959137,0.21060000360012054,0.211899995803833,0.27090001106262207,0.2572999894618988,0.2793000042438507,0.2003999948501587,0.23190000653266907,0.2515000104904175,0.2508000135421753,0.25029999017715454,0.23420000076293945,0.19210000336170197,0.2782000005245209,0.26100000739097595,0.27889999747276306,0.2563999891281128,0.27810001373291016,0.22759999334812164,0.2818000018596649,0.25540000200271606,0.27570000290870667,0.31189998984336853,0.2533000111579895,0.22859999537467957,0.30160000920295715,0.24009999632835388,0.23319999873638153,0.3206000030040741,0.25850000977516174,0.2320999950170517,0.22020000219345093,0.21619999408721924,0.23669999837875366,0.251800000667572,0.25279998779296875,0.2883000075817108,0.2784000039100647,0.27639999985694885,0.321399986743927,0.29030001163482666,0.3504999876022339,0.2743000090122223,0.272599995136261,0.2387000024318695,0.27399998903274536,0.27250000834465027,0.25859999656677246,0.20739999413490295,0.29269999265670776,0.2992999851703644,0.3012000024318695,0.2759999930858612,0.26100000739097595,0.2775000035762787,0.2921999990940094,0.31529998779296875,0.29249998927116394,0.2728999853134155,0.2897999882698059,0.2556000053882599,0.3379000127315521,0.314300000667572,0.2978000044822693,0.2538999915122986,0.3375000059604645,0.3504999876022339,0.2890999913215637,0.30219998955726624,0.2549000084400177,0.3050000071525574,0.19050000607967377,0.2513999938964844,0.33809998631477356,0.2953000068664551,0.2702000141143799,0.250900000333786,0.3124000132083893,0.26249998807907104,0.267300009727478,0.3131999969482422,0.27880001068115234,0.2761000096797943,0.33629998564720154,0.35089999437332153,0.3122999966144562,0.30469998717308044,0.335999995470047,0.22769999504089355,0.3154999911785126,0.25600001215934753,0.2946999967098236,0.3303000032901764,0.2870999872684479,0.27480000257492065,0.3310000002384186,0.33009999990463257,0.37279999256134033,0.3343000113964081,0.31040000915527344,0.33329999446868896,0.22990000247955322,0.31060001254081726,0.29330000281333923,0.27300000190734863,0.3325999975204468,0.28630000352859497,0.2572999894618988,0.30889999866485596,0.3133000135421753,0.3154999911785126,0.3034000098705292,0.3391999900341034,0.3109999895095825,0.3375999927520752,0.25589999556541443,0.3630000054836273,0.2696000039577484,0.31850001215934753,0.31439998745918274,0.2872999906539917,0.3319000005722046,0.3109999895095825,0.37720000743865967,0.2718999981880188,0.3296000063419342,0.33959999680519104,0.3246000111103058,0.3100999891757965,0.31709998846054077,0.2784999907016754,0.3343000113964081,0.33500000834465027,0.39719998836517334,0.35580000281333923,0.29429998993873596,0.37220001220703125,0.3303000032901764,0.30720001459121704,0.33000001311302185,0.35499998927116394,0.2953999936580658,0.3172000050544739,0.3052999973297119,0.3391000032424927,0.31940001249313354,0.30889999866485596,0.30079999566078186,0.3652999997138977,0.24140000343322754,0.33809998631477356,0.3147999942302704,0.26249998807907104,0.2556000053882599,0.2793000042438507,0.2736999988555908,0.24969999492168427,0.3160000145435333,0.296999990940094,0.2962000072002411,0.1981000006198883,0.31439998745918274,0.34880000352859497,0.34929999709129333,0.2971000075340271,0.35409998893737793,0.27639999985694885,0.37049999833106995,0.295199990272522,0.24619999527931213,0.3930000066757202,0.3312999904155731,0.3634999990463257,0.3917999863624573,0.2660999894142151,0.271699994802475,0.3479999899864197,0.37209999561309814,0.3183000087738037,0.289000004529953,0.35019999742507935,0.387800008058548,0.3330000042915344,0.37119999527931213,0.4377000033855438,0.19099999964237213,0.3671000003814697,0.3594000041484833,0.35339999198913574,0.45080000162124634,0.32010000944137573,0.34049999713897705,0.30880001187324524,0.290800005197525,0.3353999853134155,0.33880001306533813,0.33090001344680786,0.30809998512268066,0.436599999666214,0.41440001130104065,0.38029998540878296,0.3522999882698059,0.43540000915527344,0.2888999879360199,0.2700999975204468,0.4383000135421753,0.3540000021457672,0.3871999979019165,0.2768000066280365,0.24899999797344208,0.38760000467300415,0.39899998903274536,0.23160000145435333,0.23770000040531158,0.31690001487731934,0.37950000166893005,0.35740000009536743,0.27810001373291016,0.3118000030517578,0.24160000681877136,0.257999986410141,0.29260000586509705,0.3529999852180481,0.39590001106262207,0.3375000059604645,0.301800012588501,0.24940000474452972,0.37139999866485596,0.3005000054836273,0.290800005197525,0.32100000977516174,0.3386000096797943,0.2685999870300293,0.32510000467300415,0.2985000014305115,0.41359999775886536,0.27399998903274536,0.3847000002861023,0.2784999907016754,0.39320001006126404,0.3977999985218048,0.3508000075817108,0.3779999911785126,0.43779999017715454,0.3474999964237213,0.397599995136261,0.3817000091075897,0.28459998965263367,0.4097999930381775,0.3458999991416931,0.39430001378059387,0.4383000135421753,0.33559998869895935,0.3521000146865845,0.39469999074935913,0.3301999866962433,0.30239999294281006,0.3711000084877014,0.31709998846054077,0.290800005197525,0.29159998893737793,0.36039999127388,0.27709999680519104,0.30550000071525574,0.3736000061035156,0.3714999854564667,0.2971999943256378,0.33980000019073486,0.27160000801086426,0.27559998631477356,0.35989999771118164,0.3695000112056732,0.40209999680519104,0.3937000036239624,0.3790999948978424,0.35920000076293945,0.3050999939441681,0.43470001220703125,0.4124999940395355,0.38830000162124634,0.3596000075340271,0.2930000126361847,0.36910000443458557,0.3547999858856201,0.3659999966621399,0.37529999017715454,0.374099999666214,0.35659998655319214,0.313400000333786,0.41110000014305115,0.45669999718666077,0.38850000500679016,0.33169999718666077,0.4117000102996826,0.4043999910354614,0.3382999897003174,0.35679998993873596,0.33149999380111694,0.350600004196167,0.365200012922287,0.30889999866485596,0.4088999927043915,0.4196000099182129,0.31940001249313354,0.3725999891757965,0.40880000591278076,0.35409998893737793,0.29600000381469727,0.3790999948978424,0.40630000829696655,0.36800000071525574,0.3626999855041504,0.35519999265670776,0.39329999685287476,0.29989999532699585,0.3921000063419342,0.40450000762939453,0.3418999910354614,0.328000009059906,0.3944999873638153,0.41940000653266907,0.4122999906539917,0.43299999833106995,0.3756999969482422,0.34389999508857727,0.43529999256134033,0.3628999888896942,0.3547999858856201,0.421999990940094,0.3677000105381012,0.3698999881744385,0.38019999861717224,0.40059998631477356,0.3310999870300293,0.44749999046325684,0.37770000100135803,0.4323999881744385,0.41029998660087585,0.4683000147342682,0.3310000002384186,0.3709999918937683,0.3855000138282776,0.4043999910354614,0.34459999203681946,0.4706000089645386,0.4016000032424927,0.38920000195503235,0.29030001163482666,0.41339999437332153,0.350600004196167,0.41019999980926514,0.37470000982284546,0.3928000032901764,0.3176000118255615,0.44679999351501465,0.3095000088214874,0.4068000018596649,0.3763999938964844,0.41110000014305115,0.44909998774528503,0.37369999289512634,0.4162999987602234,0.42969998717308044,0.3714999854564667,0.3928999900817871,0.32839998602867126,0.3077000081539154,0.3529999852180481,0.35499998927116394,0.4316999912261963,0.5658000111579895,0.49619999527931213,0.4300000071525574,0.390500009059906,0.2757999897003174,0.3727000057697296,0.4237000048160553,0.484499990940094,0.4244999885559082,0.4074000120162964,0.5310999751091003,0.39329999685287476,0.3894999921321869,0.3919000029563904,0.4277999997138977,0.34929999709129333,0.37470000982284546,0.4442000091075897,0.34040001034736633,0.450300008058548,0.45579999685287476,0.3720000088214874,0.4296000003814697,0.3846000134944916,0.396699994802475,0.33469998836517334,0.4505999982357025,0.4171000123023987,0.41990000009536743,0.32109999656677246,0.4043999910354614,0.38589999079704285,0.43560001254081726,0.489300012588501,0.46059998869895935,0.4731999933719635,0.40459999442100525,0.3873000144958496,0.37540000677108765,0.41179999709129333,0.44760000705718994,0.46149998903274536,0.4708000123500824,0.3564000129699707,0.37229999899864197,0.3151000142097473,0.35600000619888306,0.486299991607666,0.3917999863624573,0.46650001406669617,0.5199000239372253,0.3537999987602234,0.3537999987602234,0.3968000113964081,0.4032999873161316,0.37450000643730164,0.3903000056743622,0.4537000060081482,0.4090999960899353,0.49059998989105225,0.42250001430511475,0.42899999022483826,0.45829999446868896,0.35510000586509705,0.4431999921798706,0.39640000462532043,0.4099999964237213,0.4350999891757965,0.3921000063419342,0.4742000102996826,0.4016999900341034,0.4269999861717224,0.39640000462532043,0.40049999952316284,0.4749000072479248,0.3944999873638153,0.4138000011444092,0.43220001459121704,0.44760000705718994,0.41589999198913574,0.43479999899864197,0.46799999475479126,0.4081999957561493,0.3698999881744385,0.40299999713897705,0.3878999948501587,0.31690001487731934,0.3808000087738037,0.4047999978065491,0.4560999870300293,0.45190000534057617,0.37459999322891235,0.4544000029563904,0.46889999508857727,0.4560999870300293,0.41620001196861267,0.43130001425743103,0.44029998779296875,0.39149999618530273,0.38580000400543213,0.3691999912261963,0.4106999933719635,0.4733000099658966,0.48579999804496765,0.3718999922275543,0.4717000126838684,0.29440000653266907,0.3474000096321106,0.4212999939918518,0.32280001044273376,0.3921999931335449,0.43290001153945923,0.35679998993873596,0.3142000138759613,0.43230000138282776,0.37229999899864197,0.5338000059127808,0.3878999948501587,0.4099000096321106,0.42829999327659607,0.3549000024795532,0.37049999833106995,0.4733999967575073,0.4131999909877777,0.3594000041484833,0.3361000120639801,0.428600013256073,0.4474000036716461,0.35269999504089355,0.2782000005245209,0.42980000376701355,0.3928999900817871,0.5084999799728394,0.3901999890804291,0.41130000352859497,0.41290000081062317,0.37130001187324524,0.44429999589920044,0.3763999938964844,0.41119998693466187,0.3898000121116638,0.3521000146865845,0.33340001106262207,0.4650999903678894,0.46650001406669617,0.4472000002861023,0.4438999891281128,0.37439998984336853,0.4049000144004822,0.4246000051498413,0.39730000495910645,0.48980000615119934,0.27790001034736633,0.34689998626708984,0.3831000030040741,0.41940000653266907,0.39149999618530273,0.4244000017642975,0.4878999888896942,0.3492000102996826,0.4246000051498413,0.4562999904155731,0.3560999929904938,0.3889999985694885,0.299699991941452,0.4296000003814697,0.4043000042438507,0.49149999022483826,0.3668000102043152,0.4296000003814697,0.37400001287460327,0.4309000074863434,0.36910000443458557,0.41429999470710754,0.37689998745918274,0.3878999948501587,0.4275999963283539,0.40610000491142273,0.45419999957084656,0.42719998955726624,0.448199987411499,0.4101000130176544,0.3601999878883362,0.4296000003814697,0.39399999380111694,0.4092999994754791,0.37459999322891235,0.3546999990940094,0.3912000060081482,0.37560001015663147,0.4672999978065491,0.3675999939441681,0.38850000500679016,0.4293999969959259,0.39250001311302185,0.45179998874664307,0.4903999865055084,0.47279998660087585,0.4422000050544739,0.46869999170303345,0.5313000082969666,0.4438999891281128,0.32989999651908875,0.41600000858306885,0.4140999913215637,0.43810001015663147,0.40209999680519104,0.41499999165534973,0.439300000667572,0.34700000286102295,0.382099986076355,0.4487999975681305,0.47209998965263367,0.3873000144958496,0.4481000006198883,0.44110000133514404,0.3977999985218048,0.39629998803138733,0.41749998927116394,0.4690000116825104,0.3968000113964081,0.413100004196167,0.3910999894142151,0.414000004529953,0.3961000144481659,0.41040000319480896,0.44519999623298645,0.4309000074863434,0.49459999799728394,0.49230000376701355,0.40799999237060547,0.45190000534057617,0.453900009393692,0.44909998774528503,0.38679999113082886,0.3779999911785126,0.3944999873638153,0.4348999857902527,0.4318000078201294,0.34619998931884766,0.38769999146461487,0.39309999346733093,0.4277999997138977,0.3961000144481659,0.45329999923706055,0.42739999294281006,0.48840001225471497,0.4092000126838684,0.5311999917030334,0.4523000121116638,0.3725000023841858,0.4945000112056732,0.48750001192092896,0.46209999918937683,0.3702000081539154,0.4041999876499176,0.35199999809265137,0.49459999799728394,0.3894999921321869,0.3513999879360199,0.3993000090122223,0.4221999943256378,0.4092000126838684,0.48730000853538513,0.38609999418258667,0.5429999828338623,0.46790000796318054,0.43720000982284546,0.49320000410079956,0.43299999833106995,0.4083000123500824,0.41370001435279846,0.42989999055862427,0.39800000190734863,0.4625999927520752,0.4034000039100647,0.4090999960899353,0.4837999939918518,0.36500000953674316,0.44830000400543213,0.47279998660087585,0.5062999725341797,0.3871000111103058,0.4081999957561493,0.49140000343322754,0.4936999976634979,0.49050000309944153,0.45190000534057617,0.42559999227523804,0.36640000343322754,0.48660001158714294,0.37040001153945923,0.36730000376701355,0.46639999747276306,0.4277999997138977,0.43369999527931213,0.5335000157356262,0.42590001225471497,0.42570000886917114,0.506600022315979,0.41119998693466187,0.30730000138282776,0.34779998660087585,0.5182999968528748,0.3953999876976013,0.3693000078201294,0.4036000072956085,0.4968000054359436,0.48980000615119934,0.4066999852657318,0.4837000072002411,0.4487000107765198,0.42890000343322754,0.3686000108718872,0.41609999537467957,0.4339999854564667,0.4745999872684479,0.3962000012397766,0.37540000677108765,0.4521999955177307,0.40799999237060547,0.4399000108242035,0.486299991607666,0.4311999976634979,0.46070000529289246,0.3359000086784363,0.34439998865127563,0.46970000863075256,0.4043999910354614,0.4066999852657318,0.41519999504089355,0.4580000042915344,0.4408000111579895,0.3926999866962433,0.4047999978065491,0.4366999864578247,0.4284999966621399,0.3582000136375427,0.3346000015735626,0.4049000144004822,0.36980000138282776,0.37229999899864197,0.3887999951839447,0.35359999537467957,0.42890000343322754,0.2937000095844269,0.4717999994754791,0.4343999922275543,0.46230000257492065,0.4307999908924103,0.42340001463890076,0.4009999930858612,0.4088999927043915,0.43790000677108765,0.4544000029563904,0.3734000027179718,0.4113999903202057,0.45399999618530273,0.3529999852180481,0.42890000343322754,0.4154999852180481,0.4546999931335449,0.45660001039505005,0.35440000891685486,0.4307999908924103,0.47699999809265137,0.4674000144004822,0.5338000059127808,0.49309998750686646,0.45989999175071716,0.3919000029563904,0.44029998779296875,0.3885999917984009,0.4323999881744385,0.5116999745368958,0.3531999886035919,0.36910000443458557,0.39559999108314514,0.43130001425743103,0.43140000104904175,0.39070001244544983,0.39079999923706055,0.4154999852180481,0.4074999988079071,0.41100001335144043,0.36820000410079956,0.46799999475479126,0.4311000108718872,0.41510000824928284,0.43720000982284546,0.4284000098705292,0.5080999732017517,0.4007999897003174,0.4661000072956085,0.31150001287460327,0.3797000050544739,0.3962000012397766,0.4278999865055084,0.3718000054359436,0.391400009393692,0.36970001459121704,0.4805999994277954,0.48730000853538513,0.2946999967098236,0.4975999891757965,0.5065000057220459,0.4950999915599823,0.4505000114440918,0.4311000108718872,0.35530000925064087,0.3725000023841858,0.37229999899864197,0.4104999899864197,0.40779998898506165,0.49230000376701355,0.49000000953674316,0.37470000982284546,0.5139999985694885,0.4165000021457672,0.40709999203681946,0.4684000015258789,0.4323999881744385,0.3797999918460846,0.3926999866962433,0.43459999561309814,0.4142000079154968,0.5141000151634216,0.4747999906539917,0.41100001335144043,0.36559998989105225,0.3970000147819519,0.35359999537467957,0.4909000098705292,0.484499990940094,0.5026999711990356,0.40610000491142273,0.4171000123023987,0.39469999074935913,0.43230000138282776,0.45509999990463257,0.3869999945163727,0.35089999437332153,0.39660000801086426,0.38909998536109924,0.4300000071525574,0.42730000615119934,0.44780001044273376,0.4447999894618988,0.36880001425743103,0.38580000400543213,0.4900999963283539,0.4124999940395355,0.3131999969482422,0.375900000333786,0.43070000410079956,0.49129998683929443,0.43779999017715454,0.4885999858379364,0.46700000762939453,0.37470000982284546,0.44830000400543213,0.450300008058548,0.36059999465942383,0.42800000309944153,0.47679999470710754,0.4196000099182129,0.4507000148296356,0.4212999939918518,0.45660001039505005,0.3353999853134155,0.44609999656677246,0.35100001096725464,0.5059999823570251,0.47920000553131104,0.5092999935150146,0.40639999508857727,0.41280001401901245,0.3919000029563904,0.4912000000476837,0.5601000189781189,0.3714999854564667,0.3939000070095062,0.45329999923706055,0.361299991607666,0.35850000381469727,0.3521000146865845,0.4478999972343445,0.34790000319480896,0.4311999976634979,0.3750999867916107,0.3671000003814697,0.47839999198913574,0.3971000015735626,0.41179999709129333,0.3635999858379364,0.49230000376701355,0.34040001034736633,0.4163999855518341,0.3894999921321869,0.4648999869823456,0.3903999924659729,0.46779999136924744,0.522599995136261,0.367000013589859,0.36169999837875366,0.45820000767707825,0.35670000314712524,0.5109999775886536,0.3714999854564667,0.33160001039505005,0.3831000030040741,0.4212000072002411,0.3970000147819519,0.41100001335144043,0.41920000314712524,0.5085999965667725,0.5102999806404114,0.5331000089645386,0.4855000078678131,0.4823000133037567,0.41269999742507935,0.4474000036716461,0.4528000056743622,0.33340001106262207,0.44859999418258667,0.48410001397132874,0.5514000058174133,0.513700008392334,0.46239998936653137,0.4544000029563904,0.37040001153945923,0.40459999442100525,0.41530001163482666,0.47920000553131104,0.412200003862381,0.4481000006198883,0.41530001163482666,0.5091999769210815,0.46860000491142273,0.489300012588501,0.3871000111103058,0.44530001282691956,0.43309998512268066,0.44119998812675476,0.44440001249313354,0.48730000853538513,0.48820000886917114,0.48730000853538513,0.44749999046325684,0.41510000824928284,0.5227000117301941,0.4465999901294708,0.427700012922287,0.4507000148296356,0.4490000009536743,0.46369999647140503,0.45170000195503235,0.5055000185966492,0.41929998993873596,0.3610999882221222,0.4180999994277954,0.4242999851703644,0.44920000433921814,0.4163999855518341,0.3921000063419342,0.37130001187324524,0.39309999346733093,0.46720001101493835,0.3580999970436096,0.3368000090122223,0.30720001459121704,0.3508000075817108,0.3921999931335449,0.4528999924659729,0.4377000033855438,0.43459999561309814,0.3935999870300293,0.46880000829696655,0.39910000562667847,0.4453999996185303,0.4666000008583069,0.49900001287460327,0.5476999878883362,0.43220001459121704,0.4909999966621399,0.554099977016449,0.4763000011444092,0.4092000126838684,0.4668999910354614,0.5145000219345093,0.44940000772476196,0.31290000677108765,0.4390999972820282,0.4296000003814697,0.3700000047683716,0.3465000092983246,0.45559999346733093,0.4368000030517578,0.5160999894142151,0.4316999912261963,0.4083999991416931,0.4681999981403351,0.35190001130104065,0.4884999990463257,0.4507000148296356,0.4821999967098236,0.49570000171661377,0.4431999921798706,0.4855000078678131,0.4334999918937683,0.4300999939441681,0.4560000002384186,0.2946999967098236,0.4101000130176544,0.43700000643730164,0.47200000286102295,0.414900004863739,0.47099998593330383,0.48489999771118164,0.4551999866962433,0.45509999990463257,0.4724000096321106,0.5436000227928162,0.3785000145435333,0.4108999967575073,0.3361000120639801,0.3937000036239624,0.3799000084400177,0.4284999966621399,0.38429999351501465,0.43689998984336853,0.4318000078201294,0.44339999556541443,0.2667999863624573,0.3723999857902527,0.37139999866485596,0.3833000063896179,0.3174000084400177,0.4681999981403351,0.3522999882698059,0.387800008058548,0.39010000228881836,0.4372999966144562,0.3977000117301941,0.4885999858379364,0.49709999561309814,0.4074000120162964,0.5030999779701233,0.44290000200271606,0.45210000872612,0.4876999855041504,0.43050000071525574,0.4189000129699707,0.3840000033378601,0.4083000123500824,0.39259999990463257,0.30790001153945923,0.4088999927043915,0.4546999931335449,0.37540000677108765,0.3698999881744385,0.3716000020503998,0.4027000069618225,0.4519999921321869,0.47760000824928284,0.4991999864578247,0.37389999628067017,0.49470001459121704,0.4043999910354614,0.5717999935150146,0.4162999987602234,0.4368000030517578,0.32670000195503235,0.41019999980926514,0.48660001158714294,0.3571000099182129,0.4050000011920929,0.45100000500679016,0.34869998693466187,0.4059999883174896,0.5084999799728394,0.4422999918460846,0.41370001435279846,0.4115999937057495,0.3718999922275543,0.38929998874664307,0.5200999975204468,0.40799999237060547,0.5023000240325928,0.41600000858306885,0.46889999508857727,0.47940000891685486,0.41040000319480896,0.38670000433921814,0.35499998927116394,0.49380001425743103,0.3312999904155731,0.5299999713897705,0.36959999799728394,0.5059999823570251,0.4228000044822693,0.4837000072002411,0.3953999876976013,0.37209999561309814,0.46480000019073486,0.36559998989105225,0.42989999055862427,0.3741999864578247,0.37700000405311584,0.4724000096321106,0.38429999351501465,0.27309998869895935,0.3691999912261963,0.48330000042915344,0.4740000069141388,0.4275999963283539,0.4253999888896942,0.37139999866485596,0.33160001039505005,0.41200000047683716,0.41200000047683716,0.3111000061035156,0.33340001106262207,0.4293000102043152,0.374099999666214,0.451200008392334,0.3953999876976013,0.4763999879360199,0.4503999948501587,0.3939000070095062,0.44920000433921814,0.41119998693466187,0.2896000146865845,0.43650001287460327,0.42669999599456787,0.40540000796318054,0.4535999894142151,0.35420000553131104,0.43479999899864197,0.5091999769210815,0.3986000120639801,0.44200000166893005,0.4097999930381775,0.39469999074935913,0.4749000072479248,0.5126000046730042,0.5048999786376953,0.3725999891757965,0.454800009727478,0.47350001335144043,0.4108000099658966,0.45509999990463257,0.5232999920845032,0.4821999967098236,0.3758000135421753,0.4553999900817871,0.4408000111579895,0.31769999861717224,0.3873000144958496,0.32829999923706055,0.49480000138282776,0.4771000146865845,0.414000004529953,0.5015000104904175,0.3930000066757202,0.413100004196167,0.4650999903678894,0.323199987411499,0.4519999921321869,0.3709000051021576,0.4722000062465668,0.4140999913215637,0.47350001335144043,0.4465999901294708,0.2976999878883362,0.3865000009536743,0.45260000228881836,0.5552999973297119,0.37549999356269836,0.3977999985218048,0.41909998655319214,0.3515999913215637,0.40849998593330383,0.35499998927116394,0.492900013923645,0.5080000162124634,0.4065999984741211,0.3993000090122223,0.3986999988555908,0.41179999709129333,0.5291000008583069,0.3513000011444092,0.4814999997615814,0.476500004529953,0.35359999537467957
0.45509999990463257,0.0,0.01759999990463257,0.019600000232458115,0.01979999989271164,0.01940000057220459,0.02239999920129776,0.020800000056624413,0.017799999564886093,0.020899999886751175,0.016599999740719795,0.01940000057220459,0.017000000923871994,0.01730000041425228,0.0,0.0,0.02019999921321869,0.0203000009059906,0.019600000232458115,0.01759999990463257,0.0,0.0,0.0,0.0,0.0,0.0,0.0,0.0,0.0,0.0,0.0,0.0,0.0,0.0,0.0,0.0,0.0,0.0,0.0,0.0,0.0,0.0,0.0,0.020400000736117363,0.0,0.0,0.0,0.0,0.0,0.0,0.0,0.0,0.0,0.0,0.0,0.0,0.0,0.0,0.0,0.0,0.0,0.0,0.0,0.0,0.0,0.0,0.0,0.0,0.0,0.0,0.0,0.0,0.0,0.0,0.0,0.0,0.0,0.0,0.01940000057220459,0.0,0.0,0.0,0.0,0.0,0.0,0.0,0.0,0.0,0.0,0.0,0.0,0.0,0.0,0.0,0.0,0.0,0.0,0.0,0.0,0.0,0.0,0.0,0.0,0.0,0.0,0.0,0.0,0.0,0.0,0.0,0.0,0.0,0.0,0.0,0.0,0.0,0.01769999973475933,0.0,0.0,0.0,0.0,0.0,0.0,0.0,0.0,0.0,0.0,0.0,0.0,0.0,0.0,0.0,0.0,0.0,0.0,0.0,0.0,0.0,0.0,0.0,0.0,0.0,0.0,0.0,0.0,0.0,0.0,0.0,0.0,0.0,0.0,0.0,0.0,0.0,0.0,0.0,0.0,0.0,0.0,0.0,0.0,0.0,0.0,0.0,0.0,0.0,0.0,0.0,0.0,0.0,0.0,0.0,0.0,0.0,0.0,0.0,0.0,0.0,0.0,0.0,0.0,0.0,0.0,0.0,0.0,0.0,0.0,0.0,0.0,0.0,0.0,0.0,0.0,0.0,0.0,0.0,0.0,0.019300000742077827,0.0,0.0,0.0,0.0,0.0,0.0,0.0,0.0,0.0,0.0,0.0,0.0,0.0,0.0,0.0,0.0,0.0,0.0,0.0,0.0,0.0,0.0,0.0,0.0,0.0,0.0,0.0,0.01889999955892563,0.0,0.0,0.0,0.0,0.0,0.0,0.0,0.0,0.0,0.0,0.0,0.0,0.0,0.0,0.0,0.0,0.0,0.0,0.0,0.0,0.0,0.0,0.0,0.0,0.0,0.0,0.0,0.0,0.0,0.0,0.0,0.0,0.020999999716877937,0.0,0.0,0.0,0.0,0.0,0.0,0.0,0.0,0.0,0.0,0.0,0.0,0.0,0.0,0.0,0.0,0.0,0.0,0.0,0.0,0.0,0.0,0.0,0.0,0.0,0.0,0.0,0.0,0.01810000091791153,0.0,0.0,0.0,0.0,0.0,0.0,0.0,0.0,0.0,0.0,0.0,0.0,0.0,0.0,0.0,0.0,0.0,0.0,0.017999999225139618,0.0,0.0,0.0,0.0,0.018799999728798866,0.0,0.018300000578165054,0.0,0.0,0.0,0.0,0.0,0.0,0.0,0.0,0.0,0.0,0.0,0.0,0.0,0.0,0.0,0.0,0.0,0.0,0.0,0.0,0.0,0.0,0.0,0.0,0.0,0.0,0.0,0.0,0.0,0.0,0.0,0.0,0.0,0.0,0.0,0.0,0.0,0.0,0.0,0.0210999995470047,0.0,0.0,0.0,0.0,0.0,0.0,0.0,0.0,0.0,0.0,0.0,0.020600000396370888,0.0,0.0,0.0,0.038100000470876694,0.0,0.01979999989271164,0.0,0.0,0.0,0.0,0.0,0.019700000062584877,0.0,0.018300000578165054,0.0,0.04170000180602074,0.03779999911785126,0.0,0.023099999874830246,0.0,0.0,0.0,0.0,0.0,0.019999999552965164,0.04270000010728836,0.01889999955892563,0.0,0.03909999877214432,0.0,0.019700000062584877,0.0,0.0,0.0,0.0,0.0,0.0,0.0,0.03849999979138374,0.0,0.0,0.021199999377131462,0.0,0.0,0.018799999728798866,0.0,0.0,0.0,0.0,0.0,0.0,0.0,0.0,0.05939999967813492,0.0,0.0,0.0,0.0,0.02160000056028366,0.0,0.0,0.03610000014305115,0.0,0.0,0.0,0.0,0.0,0.0,0.0,0.0,0.021400000900030136,0.0,0.0,0.0,0.0,0.0,0.0,0.0,0.0,0.0,0.0,0.0,0.0,0.0,0.0,0.0,0.0,0.0,0.0,0.0,0.0,0.0,0.0,0.04010000079870224,0.0,0.0,0.0,0.0,0.0,0.01979999989271164,0.0,0.0,0.0,0.0,0.0,0.0,0.0,0.0,0.0,0.0,0.0,0.020899999886751175,0.0,0.0,0.03709999844431877,0.0,0.0,0.0,0.0,0.0,0.0,0.0,0.0,0.0,0.020600000396370888,0.0,0.0,0.0,0.0,0.0,0.0,0.0,0.0,0.0,0.0,0.0,0.01979999989271164,0.0,0.0,0.0,0.0,0.0,0.0,0.0,0.0,0.03869999945163727,0.0,0.0,0.0,0.0,0.018400000408291817,0.0,0.0,0.0,0.019500000402331352,0.02070000022649765,0.0,0.0,0.0,0.0203000009059906,0.0,0.02239999920129776,0.0,0.0,0.0,0.038100000470876694,0.0,0.0,0.0,0.0,0.0,0.0,0.0,0.0,0.020500000566244125,0.0,0.039000000804662704,0.0,0.0,0.0,0.0,0.0,0.0,0.0,0.0,0.0,0.0,0.01899999938905239,0.0,0.0,0.0,0.0,0.0,0.0,0.0,0.0203000009059906,0.0,0.0,0.0,0.0,0.0,0.020099999383091927,0.0,0.038600001484155655,0.0,0.0,0.0,0.0,0.0,0.0,0.0,0.0,0.0,0.0,0.022700000554323196,0.0,0.0,0.0,0.0,0.0,0.0,0.019899999722838402,0.0,0.0,0.0,0.0,0.0,0.0,0.0,0.0,0.0,0.08020000159740448,0.0,0.0,0.019700000062584877,0.0,0.0,0.0,0.0,0.0,0.0,0.0,0.0,0.0,0.0,0.0,0.0,0.020099999383091927,0.0,0.0,0.0,0.0,0.0,0.0,0.0,0.019500000402331352,0.0,0.0,0.0,0.0,0.0,0.0,0.0,0.0,0.0,0.0,0.0,0.0,0.0,0.0,0.0,0.0,0.0,0.0,0.0,0.018699999898672104,0.0,0.0203000009059906,0.0,0.020099999383091927,0.0,0.0,0.0,0.0,0.04129999876022339,0.0,0.0,0.0,0.0,0.0,0.0,0.0,0.0,0.0,0.0,0.01889999955892563,0.0,0.0,0.05810000002384186,0.0,0.0,0.0,0.03750000149011612,0.0,0.0,0.0,0.0,0.0,0.0,0.0,0.0,0.0,0.0,0.0,0.0,0.0,0.0,0.0,0.0,0.0,0.019600000232458115,0.0,0.0,0.0,0.0,0.0,0.0,0.0,0.01889999955892563,0.03739999979734421,0.017999999225139618,0.0,0.0,0.0,0.0,0.0,0.0,0.0,0.0,0.0,0.0,0.0,0.0,0.0,0.0,0.0,0.0,0.0,0.0,0.0,0.0,0.0,0.0,0.0,0.0,0.0,0.0,0.058800000697374344,0.0,0.039400000125169754,0.0,0.0,0.0,0.0,0.01940000057220459,0.018300000578165054,0.0,0.0,0.0,0.0,0.0,0.019899999722838402,0.0,0.020999999716877937,0.04129999876022339,0.018799999728798866,0.0,0.0,0.0,0.0,0.020400000736117363,0.0,0.0,0.0,0.0,0.0,0.0,0.0,0.018300000578165054,0.0,0.0,0.019999999552965164,0.0,0.017400000244379044,0.0,0.0,0.0,0.0,0.0,0.0,0.0,0.0,0.0,0.0,0.0,0.0,0.0,0.0,0.0,0.018300000578165054,0.0,0.017100000753998756,0.0,0.0,0.0,0.0,0.0,0.0,0.0,0.0,0.0,0.0,0.0,0.01979999989271164,0.0,0.0,0.0,0.0,0.0,0.0,0.0,0.0,0.0,0.0,0.0,0.0,0.0,0.0,0.0,0.0,0.0,0.0,0.04149999842047691,0.0,0.0,0.0,0.018200000748038292,0.0,0.019300000742077827,0.021800000220537186,0.018799999728798866,0.020600000396370888,0.018699999898672104,0.0,0.0,0.0,0.0,0.01860000006854534,0.0,0.0,0.0,0.0,0.0,0.0,0.0,0.0,0.0,0.0,0.042500000447034836,0.0,0.0,0.0,0.018799999728798866,0.0,0.0,0.0,0.0,0.0,0.019999999552965164,0.0,0.0,0.0,0.0,0.020899999886751175,0.0,0.0,0.0,0.0,0.05900000035762787,0.01769999973475933,0.0,0.02070000022649765,0.019300000742077827,0.0,0.03880000114440918,0.0,0.0,0.0,0.019600000232458115,0.0210999995470047,0.0,0.0,0.0,0.0203000009059906,0.019099999219179153,0.0,0.0,0.0,0.0,0.0210999995470047,0.0,0.02019999921321869,0.0,0.0,0.0,0.0,0.0,0.0,0.0,0.0,0.0,0.0,0.021199999377131462,0.0,0.0,0.0,0.0,0.0,0.0,0.0,0.0,0.0,0.0,0.0,0.02070000022649765,0.0,0.018300000578165054,0.02070000022649765,0.020800000056624413,0.018200000748038292,0.040300000458955765,0.016100000590085983,0.03689999878406525,0.0,0.0,0.03799999877810478,0.03999999910593033,0.038600001484155655,0.0,0.01899999938905239,0.0,0.018799999728798866,0.019200000911951065,0.03669999912381172,0.018699999898672104,0.0,0.0,0.020999999716877937,0.0,0.0,0.02019999921321869,0.0,0.0,0.0,0.02019999921321869,0.0,0.0,0.0,0.0,0.0,0.0,0.0,0.0,0.0,0.0,0.0,0.0,0.0,0.0,0.0,0.0,0.0,0.0,0.0,0.0,0.0,0.0,0.02239999920129776,0.0,0.0,0.0,0.0,0.0,0.0,0.05770000070333481,0.0,0.0,0.019899999722838402,0.0,0.0,0.0,0.0,0.0,0.017999999225139618,0.0,0.0,0.0,0.0,0.0,0.0,0.0,0.021299999207258224,0.0,0.03750000149011612,0.0,0.0,0.0,0.0,0.0,0.0,0.0,0.0,0.0,0.0,0.0,0.0,0.0,0.0,0.0,0.0,0.0,0.0,0.0,0.0,0.0,0.0,0.0,0.0,0.0,0.0,0.0,0.0,0.0,0.0210999995470047,0.0,0.0,0.0,0.0,0.021199999377131462,0.0,0.0,0.0,0.0,0.0,0.0,0.0,0.0,0.0,0.0,0.0,0.0,0.0,0.0,0.0,0.0,0.0,0.0,0.0,0.0,0.0,0.0,0.0,0.0,0.0,0.0,0.0,0.0,0.0,0.0,0.0,0.0,0.0,0.0,0.0,0.0,0.0,0.019600000232458115,0.0,0.0,0.0,0.0,0.0,0.0,0.0,0.0,0.0,0.0,0.019999999552965164,0.0,0.0,0.0,0.0,0.0,0.0,0.0,0.0,0.0,0.0,0.0,0.0,0.0,0.020800000056624413,0.0,0.0,0.0,0.0,0.0,0.0,0.0,0.0,0.0,0.0,0.0,0.01899999938905239,0.0215000007301569,0.0,0.0,0.0,0.0,0.0,0.0,0.0,0.0,0.0,0.0,0.0,0.0,0.0,0.0,0.0,0.0,0.0,0.0,0.0,0.0,0.0,0.0,0.0,0.0,0.0,0.0,0.0,0.0,0.0,0.0,0.0,0.0,0.0,0.0,0.0,0.016499999910593033,0.0,0.0,0.0,0.0,0.0,0.0,0.0,0.0,0.0,0.0,0.0,0.0,0.0,0.0,0.0,0.0,0.0,0.0,0.0,0.0,0.0,0.0,0.0,0.0,0.0,0.0,0.0,0.0,0.0,0.0,0.0,0.0,0.0,0.0,0.0,0.0,0.0,0.0,0.0,0.0,0.0,0.0,0.0,0.0,0.0,0.0,0.0,0.0,0.0,0.019600000232458115,0.0,0.0,0.0,0.0,0.0,0.0,0.0,0.0,0.0,0.0,0.0,0.0,0.0,0.0,0.0,0.0,0.0,0.0,0.0,0.0,0.0,0.0,0.0,0.0,0.0,0.0,0.0,0.0,0.0,0.0,0.0,0.0,0.0,0.0,0.0,0.0,0.0,0.0,0.0,0.0,0.0,0.0,0.0,0.0,0.0,0.0,0.0,0.0,0.0,0.0,0.0,0.0,0.0,0.0,0.0,0.0,0.0,0.0,0.0,0.0,0.0,0.0,0.0,0.0,0.0,0.0,0.0,0.0,0.0,0.0,0.0,0.0,0.0,0.0,0.0,0.0,0.0,0.0,0.0,0.0,0.0,0.0,0.0,0.0,0.0,0.0,0.0,0.0,0.0,0.0,0.0,0.0,0.0,0.0,0.0,0.0,0.0,0.0,0.0,0.0,0.0,0.0,0.0,0.0,0.0,0.0,0.0,0.0,0.0,0.0,0.0,0.0,0.0,0.0,0.0,0.0,0.0,0.0,0.0,0.0,0.0,0.0,0.0,0.0,0.0,0.0,0.0,0.0,0.0,0.0,0.0,0.0,0.0,0.0,0.0,0.0,0.0,0.0,0.0,0.0,0.0,0.0,0.0,0.0,0.0,0.0,0.0,0.0,0.0,0.0,0.0,0.0,0.0,0.0,0.0,0.0,0.0,0.0,0.0,0.0,0.0,0.0,0.0,0.0,0.0,0.0,0.0,0.0,0.0,0.0,0.0,0.0,0.0,0.0,0.0,0.0,0.0,0.0,0.0,0.0,0.0,0.0,0.0,0.0,0.0,0.0,0.0,0.0,0.0,0.0,0.0,0.0,0.0,0.0,0.0,0.0,0.0,0.0,0.0,0.0,0.0,0.0,0.0,0.0,0.0,0.0,0.0,0.0,0.0,0.0,0.0,0.0,0.0,0.0,0.0,0.0,0.0,0.0,0.0,0.0,0.0,0.0,0.0,0.0,0.0,0.0,0.0,0.0,0.0,0.0,0.0,0.0,0.0,0.0,0.0,0.0,0.0,0.0,0.0,0.0,0.0,0.0,0.0,0.0,0.0,0.0,0.0,0.0,0.0,0.0,0.0,0.0,0.0,0.0,0.0,0.0,0.0,0.0,0.0,0.0,0.0,0.0,0.0,0.0,0.0,0.0,0.0,0.0,0.0,0.0,0.0,0.0,0.0,0.0,0.0,0.0,0.0,0.0,0.0,0.0,0.0,0.0,0.0,0.0,0.0,0.0,0.0,0.0,0.0,0.0,0.0,0.0,0.0,0.0,0.0,0.0,0.0,0.0,0.0,0.0,0.0,0.0,0.0,0.0,0.0,0.0,0.0,0.0,0.0,0.0,0.0,0.0,0.0,0.0,0.0,0.0,0.0,0.0,0.0,0.0,0.0,0.0,0.0,0.0,0.0,0.0,0.0,0.0,0.0,0.0,0.0,0.0,0.0,0.0,0.0,0.0,0.0,0.0,0.0,0.0,0.0,0.0,0.0,0.0,0.0,0.0,0.0,0.0,0.0,0.0,0.0,0.0,0.0,0.0,0.0,0.0,0.0,0.0,0.0,0.0,0.0,0.0,0.0,0.0,0.0,0.0,0.0,0.0,0.0,0.0,0.0,0.0,0.0,0.0,0.0,0.0210999995470047,0.0,0.0,0.0,0.0,0.0,0.0,0.0,0.0,0.0,0.0,0.0,0.0,0.0,0.0,0.0,0.0,0.0,0.0,0.019099999219179153,0.0,0.0,0.0,0.0,0.0,0.0,0.0,0.0,0.0,0.0,0.0,0.0,0.0,0.0,0.0,0.0,0.0,0.0,0.0,0.0,0.0,0.0,0.0,0.0,0.0,0.0,0.0,0.0,0.0,0.0,0.0,0.0,0.0,0.0,0.0,0.0,0.0,0.0,0.0,0.0,0.0,0.0,0.0,0.0,0.0,0.0,0.0,0.0,0.0,0.0,0.0,0.0,0.0,0.0,0.0,0.0,0.0,0.0,0.0,0.0,0.0,0.0,0.0,0.0,0.0,0.0,0.0,0.0,0.0,0.0,0.0,0.0,0.0,0.0,0.0,0.0,0.0,0.0,0.0,0.0,0.0,0.0,0.0,0.0,0.0,0.0,0.0,0.0,0.0,0.0,0.0,0.0,0.0,0.0,0.0,0.0,0.0,0.0,0.0,0.0,0.0,0.0,0.0,0.0,0.0,0.0,0.0,0.0,0.0,0.0,0.0,0.0,0.0,0.0,0.0,0.0,0.0,0.0,0.0,0.0,0.0,0.0,0.0,0.0,0.0,0.0,0.0,0.0,0.0,0.0,0.0,0.0,0.0,0.0,0.0,0.0,0.0,0.0,0.0,0.0,0.0,0.0,0.0,0.0,0.0,0.0,0.0,0.0,0.0,0.0,0.0,0.0,0.0,0.0,0.0,0.0,0.0,0.0,0.0,0.0,0.0,0.0,0.0,0.0,0.0,0.0,0.0,0.0,0.0,0.0,0.0,0.0,0.0,0.0,0.0,0.0,0.0,0.0,0.0,0.0,0.0,0.0,0.0,0.0,0.0,0.0,0.0,0.0,0.0,0.0,0.0,0.0,0.0,0.0,0.0,0.0,0.0,0.0,0.0,0.0,0.0,0.0,0.0,0.0,0.0,0.0,0.0,0.0,0.0,0.0,0.0,0.0,0.0,0.0,0.0,0.0,0.0,0.0,0.0,0.0,0.0,0.0,0.0,0.0,0.0,0.0,0.0,0.0,0.0,0.0,0.0,0.0,0.0,0.0,0.0,0.0,0.0,0.0,0.0,0.0,0.0,0.0,0.0,0.0,0.0,0.0,0.0,0.0,0.0,0.0,0.0,0.0,0.0,0.0,0.0,0.0,0.0,0.0,0.0,0.0,0.0,0.0,0.0,0.0,0.0,0.0,0.0,0.0,0.0,0.0,0.0,0.0,0.0,0.0,0.0,0.0,0.0,0.0,0.0,0.0,0.0,0.0,0.0,0.0,0.0,0.0,0.0,0.0,0.0,0.0,0.0,0.0,0.0,0.0,0.0,0.0,0.0,0.0,0.0,0.0,0.0,0.0,0.0,0.0,0.0,0.0,0.0,0.0,0.0,0.0,0.0,0.0,0.0,0.0,0.0,0.0,0.0,0.0,0.0,0.0,0.0,0.0,0.0,0.0,0.0,0.0,0.0,0.0,0.0,0.0,0.0,0.0,0.0,0.0,0.0,0.0,0.0,0.0,0.0,0.0,0.0,0.0,0.0,0.0,0.0,0.0,0.0,0.0,0.0,0.0,0.0,0.0,0.0,0.0,0.0,0.0,0.0,0.0,0.0,0.0,0.0,0.0,0.0,0.0,0.0,0.0,0.0,0.0,0.0,0.0,0.0,0.0,0.0,0.0,0.0,0.0,0.0,0.0,0.0,0.0,0.0,0.0,0.0,0.0,0.0,0.0,0.0,0.0,0.0,0.0,0.0,0.0,0.0,0.0,0.0,0.0,0.0,0.0,0.0,0.0,0.0,0.0,0.0,0.0,0.0,0.0,0.0,0.0,0.0,0.0,0.0,0.0,0.0,0.0,0.0,0.0,0.0,0.0,0.0,0.0,0.0,0.0,0.0,0.0,0.0,0.0,0.0,0.0
0.43050000071525574,0.14970000088214874,0.0,0.019600000232458115,0.01979999989271164,0.01940000057220459,0.02239999920129776,0.020800000056624413,0.017799999564886093,0.020899999886751175,0.016599999740719795,0.01940000057220459,0.017000000923871994,0.01730000041425228,0.02070000022649765,0.019899999722838402,0.02019999921321869,0.0203000009059906,0.019600000232458115,0.01759999990463257,0.019200000911951065,0.019700000062584877,0.01679999940097332,0.01979999989271164,0.01810000091791153,0.01889999955892563,0.01850000023841858,0.020400000736117363,0.020899999886751175,0.021800000220537186,0.01850000023841858,0.018699999898672104,0.021299999207258224,0.016899999231100082,0.018699999898672104,0.0,0.0,0.0,0.019300000742077827,0.018400000408291817,0.02019999921321869,0.0,0.016499999910593033,0.020400000736117363,0.020500000566244125,0.0,0.0,0.0,0.0,0.0,0.0,0.020600000396370888,0.019899999722838402,0.019500000402331352,0.0,0.0,0.0,0.0,0.019600000232458115,0.0,0.0,0.0,0.0,0.0,0.0,0.0,0.0,0.0,0.0,0.0,0.0,0.0,0.0,0.023000000044703484,0.02070000022649765,0.0,0.017799999564886093,0.0,0.01940000057220459,0.0,0.018699999898672104,0.0,0.0,0.0,0.0,0.020800000056624413,0.01769999973475933,0.0,0.019099999219179153,0.022600000724196434,0.0,0.0,0.01850000023841858,0.0,0.021199999377131462,0.0,0.0,0.0,0.01889999955892563,0.0,0.01889999955892563,0.0,0.019700000062584877,0.021299999207258224,0.0,0.019899999722838402,0.018699999898672104,0.021800000220537186,0.01979999989271164,0.018799999728798866,0.0,0.021299999207258224,0.01979999989271164,0.0,0.020099999383091927,0.0,0.01769999973475933,0.018799999728798866,0.016499999910593033,0.0,0.0,0.0,0.02280000038444996,0.02019999921321869,0.019300000742077827,0.019500000402331352,0.01979999989271164,0.020999999716877937,0.02019999921321869,0.01810000091791153,0.01850000023841858,0.02019999921321869,0.0,0.021800000220537186,0.021299999207258224,0.020600000396370888,0.019600000232458115,0.0,0.020400000736117363,0.02250000089406967,0.021199999377131462,0.0210999995470047,0.0,0.01730000041425228,0.022199999541044235,0.020099999383091927,0.0,0.0,0.01810000091791153,0.02019999921321869,0.017000000923871994,0.0,0.019300000742077827,0.01860000006854534,0.021199999377131462,0.018799999728798866,0.0,0.01850000023841858,0.020400000736117363,0.0,0.019200000911951065,0.0,0.020899999886751175,0.0,0.02290000021457672,0.0,0.0,0.0,0.020400000736117363,0.021800000220537186,0.0,0.01759999990463257,0.019099999219179153,0.01889999955892563,0.019999999552965164,0.020600000396370888,0.01730000041425228,0.01940000057220459,0.0,0.0,0.0,0.018200000748038292,0.020999999716877937,0.019099999219179153,0.018799999728798866,0.021700000390410423,0.019899999722838402,0.019999999552965164,0.0,0.0,0.021800000220537186,0.020400000736117363,0.02239999920129776,0.019899999722838402,0.01899999938905239,0.01889999955892563,0.01679999940097332,0.019300000742077827,0.0203000009059906,0.0203000009059906,0.0,0.0,0.020600000396370888,0.0,0.017999999225139618,0.01889999955892563,0.018300000578165054,0.0,0.020099999383091927,0.01979999989271164,0.01899999938905239,0.0,0.0,0.0,0.01720000058412552,0.0,0.0203000009059906,0.0,0.01889999955892563,0.0,0.0,0.019899999722838402,0.022099999710917473,0.022700000554323196,0.020099999383091927,0.01889999955892563,0.03720000013709068,0.02019999921321869,0.023000000044703484,0.020999999716877937,0.019300000742077827,0.0,0.019500000402331352,0.0,0.0,0.015699999406933784,0.019300000742077827,0.017799999564886093,0.018400000408291817,0.0,0.0,0.03959999978542328,0.0,0.0,0.019200000911951065,0.0,0.041099999099969864,0.040699999779462814,0.042100001126527786,0.0,0.0,0.016499999910593033,0.0,0.0,0.017899999395012856,0.0,0.0,0.0,0.020999999716877937,0.06469999998807907,0.04039999842643738,0.01850000023841858,0.0,0.0,0.0,0.041999999433755875,0.05739999935030937,0.05649999901652336,0.07880000025033951,0.03739999979734421,0.09260000288486481,0.03579999879002571,0.07999999821186066,0.06080000102519989,0.04170000180602074,0.05939999967813492,0.041200000792741776,0.019999999552965164,0.04039999842643738,0.0,0.055799998342990875,0.05620000138878822,0.04019999876618385,0.01860000006854534,0.0632999986410141,0.09730000048875809,0.0632999986410141,0.03629999980330467,0.10350000113248825,0.09749999642372131,0.05900000035762787,0.018799999728798866,0.04010000079870224,0.07840000092983246,0.019999999552965164,0.0,0.057100001722574234,0.0,0.061400000005960464,0.06340000033378601,0.040300000458955765,0.09629999846220016,0.03880000114440918,0.08020000159740448,0.040300000458955765,0.06199999898672104,0.08269999921321869,0.07699999958276749,0.03790000081062317,0.0997999981045723,0.08160000294446945,0.05999999865889549,0.0608999989926815,0.018300000578165054,0.07800000160932541,0.058400001376867294,0.04010000079870224,0.0,0.07609999924898148,0.13680000603199005,0.0,0.0812000036239624,0.0,0.03840000182390213,0.07959999889135361,0.13670000433921814,0.060499999672174454,0.042399998754262924,0.11680000275373459,0.07829999923706055,0.13269999623298645,0.07609999924898148,0.07410000264644623,0.1404000073671341,0.1151999980211258,0.0940999984741211,0.11569999903440475,0.17949999868869781,0.15620000660419464,0.0,0.060100000351667404,0.11400000005960464,0.13590000569820404,0.1145000010728836,0.18019999563694,0.13210000097751617,0.13379999995231628,0.1160999983549118,0.10199999809265137,0.1371999979019165,0.11819999665021896,0.11249999701976776,0.09910000115633011,0.03790000081062317,0.1688999980688095,0.17630000412464142,0.15620000660419464,0.07569999992847443,0.059700001031160355,0.09690000116825104,0.11270000040531158,0.039799999445676804,0.11949999630451202,0.1704999953508377,0.0357000008225441,0.16410000622272491,0.13359999656677246,0.18029999732971191,0.1615000069141388,0.15649999678134918,0.16140000522136688,0.17339999973773956,0.17919999361038208,0.08089999854564667,0.15850000083446503,0.1151999980211258,0.09480000287294388,0.1776999980211258,0.17679999768733978,0.17839999496936798,0.16089999675750732,0.1597999930381775,0.1193000003695488,0.11919999867677689,0.12370000034570694,0.1551000028848648,0.13950000703334808,0.16120000183582306,0.10350000113248825,0.15850000083446503,0.13580000400543213,0.14180000126361847,0.15639999508857727,0.11890000104904175,0.11879999935626984,0.1777999997138977,0.17759999632835388,0.15539999306201935,0.17890000343322754,0.1404000073671341,0.15960000455379486,0.14399999380111694,0.1420000046491623,0.11180000007152557,0.17229999601840973,0.12630000710487366,0.10019999742507935,0.15940000116825104,0.18310000002384186,0.17640000581741333,0.1160999983549118,0.16099999845027924,0.1768999993801117,0.11860000342130661,0.14059999585151672,0.1687999963760376,0.179299995303154,0.13510000705718994,0.15860000252723694,0.17599999904632568,0.1599999964237213,0.11569999903440475,0.11659999936819077,0.18219999969005585,0.09809999912977219,0.1678999960422516,0.1363999992609024,0.15610000491142273,0.15330000221729279,0.15539999306201935,0.15299999713897705,0.15520000457763672,0.13699999451637268,0.15569999814033508,0.1340000033378601,0.16040000319480896,0.1370999962091446,0.15700000524520874,0.14010000228881836,0.12300000339746475,0.1386999934911728,0.16329999268054962,0.1606999933719635,0.15639999508857727,0.11630000174045563,0.15960000455379486,0.16949999332427979,0.18029999732971191,0.12200000137090683,0.15710000693798065,0.07940000295639038,0.15410000085830688,0.11869999766349792,0.18029999732971191,0.11739999800920486,0.15639999508857727,0.15410000085830688,0.15410000085830688,0.16169999539852142,0.13030000030994415,0.15479999780654907,0.1185000017285347,0.17759999632835388,0.16850000619888306,0.17839999496936798,0.17880000174045563,0.11540000140666962,0.17319999635219574,0.14890000224113464,0.14409999549388885,0.17479999363422394,0.15710000693798065,0.15469999611377716,0.155799999833107,0.15780000388622284,0.09870000183582306,0.15940000116825104,0.11330000311136246,0.15839999914169312,0.17810000479221344,0.1768999993801117,0.1729000061750412,0.15800000727176666,0.17749999463558197,0.17479999363422394,0.15320000052452087,0.1784999966621399,0.15449999272823334,0.11270000040531158,0.1151999980211258,0.10509999841451645,0.15569999814033508,0.13539999723434448,0.16009999811649323,0.15710000693798065,0.1573999971151352,0.16189999878406525,0.15080000460147858,0.15520000457763672,0.11590000241994858,0.17239999771118164,0.13689999282360077,0.09549999982118607,0.11580000072717667,0.17190000414848328,0.11180000007152557,0.13680000603199005,0.13740000128746033,0.13619999587535858,0.17170000076293945,0.15719999372959137,0.11940000206232071,0.131400004029274,0.16099999845027924,0.11999999731779099,0.15639999508857727,0.17739999294281006,0.1444000005722046,0.1324000060558319,0.10320000350475311,0.11460000276565552,0.14270000159740448,0.16050000488758087,0.18060000240802765,0.15839999914169312,0.11879999935626984,0.16930000483989716,0.10379999876022339,0.16269999742507935,0.155799999833107,0.17399999499320984,0.13850000500679016,0.17430000007152557,0.17640000581741333,0.1581999957561493,0.15369999408721924,0.09719999879598618,0.09640000015497208,0.13030000030994415,0.13740000128746033,0.11339999735355377,0.13850000500679016,0.18160000443458557,0.17159999907016754,0.15770000219345093,0.16300000250339508,0.1599999964237213,0.1712000072002411,0.07339999824762344,0.15000000596046448,0.15710000693798065,0.17910000681877136,0.17990000545978546,0.08110000193119049,0.0989999994635582,0.1551000028848648,0.16210000216960907,0.14970000088214874,0.12240000069141388,0.19990000128746033,0.15379999577999115,0.11550000309944153,0.19249999523162842,0.13500000536441803,0.17090000212192535,0.15080000460147858,0.1412999927997589,0.18479999899864197,0.09669999778270721,0.17890000343322754,0.19699999690055847,0.2395000010728836,0.17350000143051147,0.20020000636577606,0.23309999704360962,0.17890000343322754,0.23180000483989716,0.21930000185966492,0.19099999964237213,0.10000000149011612,0.09780000150203705,0.1429000049829483,0.17839999496936798,0.19670000672340393,0.19949999451637268,0.21369999647140503,0.13670000433921814,0.16670000553131104,0.2125999927520752,0.17100000381469727,0.22310000658035278,0.19550000131130219,0.2198999971151352,0.15129999816417694,0.21709999442100525,0.24089999496936798,0.23469999432563782,0.21799999475479126,0.1746000051498413,0.09650000184774399,0.156700000166893,0.2151000052690506,0.21490000188350677,0.19589999318122864,0.22310000658035278,0.10999999940395355,0.16599999368190765,0.21469999849796295,0.20909999310970306,0.2249000072479248,0.22689999639987946,0.21140000224113464,0.19419999420642853,0.19990000128746033,0.19300000369548798,0.23659999668598175,0.23240000009536743,0.17990000545978546,0.18880000710487366,0.19830000400543213,0.21860000491142273,0.17569999396800995,0.19300000369548798,0.22100000083446503,0.1525000035762787,0.22110000252723694,0.18019999563694,0.193900004029274,0.20190000534057617,0.23639999330043793,0.21580000221729279,0.15240000188350677,0.21879999339580536,0.21570000052452087,0.13819999992847443,0.1906999945640564,0.17759999632835388,0.19269999861717224,0.19280000030994415,0.21559999883174896,0.20080000162124634,0.21119999885559082,0.20000000298023224,0.19519999623298645,0.21629999577999115,0.21250000596046448,0.210099995136261,0.23109999299049377,0.20909999310970306,0.2460000067949295,0.2134000062942505,0.21660000085830688,0.1987999975681305,0.2142000049352646,0.19509999454021454,0.2126999944448471,0.20509999990463257,0.21870000660419464,0.2003999948501587,0.17399999499320984,0.23839999735355377,0.17299999296665192,0.21070000529289246,0.17630000412464142,0.18520000576972961,0.21619999408721924,0.22509999573230743,0.19300000369548798,0.2076999992132187,0.2160000056028366,0.17810000479221344,0.226500004529953,0.1688999980688095,0.21089999377727509,0.22089999914169312,0.13189999759197235,0.21629999577999115,0.1995999962091446,0.1988999992609024,0.23489999771118164,0.19930000603199005,0.21330000460147858,0.16680000722408295,0.17949999868869781,0.18870000541210175,0.21539999544620514,0.1800999939441681,0.19519999623298645,0.19499999284744263,0.17630000412464142,0.07970000058412552,0.20890000462532043,0.21469999849796295,0.24230000376701355,0.2272000014781952,0.19679999351501465,0.23260000348091125,0.21879999339580536,0.2370000034570694,0.1941000074148178,0.16169999539852142,0.19990000128746033,0.21660000085830688,0.2159000039100647,0.19599999487400055,0.18150000274181366,0.16259999573230743,0.17159999907016754,0.2134999930858612,0.18170000612735748,0.15690000355243683,0.21879999339580536,0.19550000131130219,0.1818999946117401,0.22050000727176666,0.19599999487400055,0.21330000460147858,0.17329999804496765,0.23559999465942383,0.21389999985694885,0.23029999434947968,0.17180000245571136,0.21950000524520874,0.19200000166893005,0.23510000109672546,0.22869999706745148,0.19789999723434448,0.23770000040531158,0.1340000033378601,0.23549999296665192,0.12219999730587006,0.19439999759197235,0.17820000648498535,0.21889999508857727,0.23280000686645508,0.20020000636577606,0.21549999713897705,0.1793999969959259,0.18119999766349792,0.18050000071525574,0.2110999971628189,0.21150000393390656,0.21230000257492065,0.21610000729560852,0.21709999442100525,0.210999995470047,0.1932000070810318,0.25279998779296875,0.1745000034570694,0.15440000593662262,0.19769999384880066,0.13590000569820404,0.1923999935388565,0.19589999318122864,0.2062000036239624,0.19750000536441803,0.22579999268054962,0.17020000517368317,0.21150000393390656,0.19169999659061432,0.20960000157356262,0.23080000281333923,0.1965000033378601,0.1859000027179718,0.23690000176429749,0.24480000138282776,0.2287999987602234,0.2295999974012375,0.23559999465942383,0.21160000562667847,0.21060000360012054,0.20739999413490295,0.218299999833107,0.21250000596046448,0.24120000004768372,0.22869999706745148,0.1761000007390976,0.2395000010728836,0.21770000457763672,0.1941000074148178,0.11420000344514847,0.24240000545978546,0.20000000298023224,0.13449999690055847,0.2101999968290329,0.17489999532699585,0.25529998540878296,0.2362000048160553,0.2468000054359436,0.24690000712871552,0.1728000044822693,0.23350000381469727,0.17229999601840973,0.1964000016450882,0.20090000331401825,0.23389999568462372,0.17499999701976776,0.22010000050067902,0.1371999979019165,0.21950000524520874,0.2379000037908554,0.22190000116825104,0.22030000388622284,0.1777999997138977,0.23090000450611115,0.1914999932050705,0.25429999828338623,0.20990000665187836,0.2190999984741211,0.21170000731945038,0.2094999998807907,0.19200000166893005,0.17309999465942383,0.21969999372959137,0.2069000005722046,0.13740000128746033,0.21960000693798065,0.2754000127315521,0.27250000834465027,0.2556999921798706,0.21639999747276306,0.193900004029274,0.21060000360012054,0.19550000131130219,0.21940000355243683,0.2345000058412552,0.19300000369548798,0.2526000142097473,0.2167000025510788,0.21649999916553497,0.2353000044822693,0.15600000321865082,0.17270000278949738,0.2768000066280365,0.25780001282691956,0.25609999895095825,0.23430000245571136,0.218299999833107,0.2705000042915344,0.25450000166893005,0.23960000276565552,0.2378000020980835,0.29109999537467957,0.2363000065088272,0.21580000221729279,0.23659999668598175,0.1738000065088272,0.23589999973773956,0.2766000032424927,0.2134000062942505,0.23899999260902405,0.2777999937534332,0.23559999465942383,0.22450000047683716,0.2784000039100647,0.23360000550746918,0.19210000336170197,0.32850000262260437,0.23720000684261322,0.21070000529289246,0.28200000524520874,0.2515999972820282,0.30799999833106995,0.25609999895095825,0.2711000144481659,0.2687999904155731,0.15870000422000885,0.2759000062942505,0.2800999879837036,0.16949999332427979,0.27149999141693115,0.23160000145435333,0.23350000381469727,0.27790001034736633,0.28290000557899475,0.25029999017715454,0.17790000140666962,0.23810000717639923,0.2354000061750412,0.2784000039100647,0.19429999589920044,0.1793999969959259,0.23960000276565552,0.15289999544620514,0.310699999332428,0.29899999499320984,0.23919999599456787,0.19480000436306,0.2777999937534332,0.28220000863075256,0.2363000065088272,0.2409999966621399,0.25380000472068787,0.2549999952316284,0.23360000550746918,0.2402999997138977,0.25780001282691956,0.19779999554157257,0.2825999855995178,0.2547999918460846,0.23970000445842743,0.2985999882221222,0.26910001039505005,0.2581999897956848,0.23880000412464142,0.25,0.27549999952316284,0.2531000077724457,0.23720000684261322,0.25519999861717224,0.27309998869895935,0.23190000653266907,0.2500999867916107,0.17270000278949738,0.2502000033855438,0.2524999976158142,0.35989999771118164,0.2563000023365021,0.2551000118255615,0.22830000519752502,0.2492000013589859,0.24230000376701355,0.3147999942302704,0.18940000236034393,0.26089999079704285,0.25839999318122864,0.23749999701976776,0.23829999566078186,0.22910000383853912,0.23810000717639923,0.2554999887943268,0.27070000767707825,0.3440999984741211,0.2718999981880188,0.2502000033855438,0.3140000104904175,0.23489999771118164,0.3540000021457672,0.31119999289512634,0.29510000348091125,0.26460000872612,0.2094999998807907,0.25619998574256897,0.23270000517368317,0.31779998540878296,0.2542000114917755,0.3382999897003174,0.35420000553131104,0.25110000371932983,0.36149999499320984,0.29420000314712524,0.3000999987125397,0.2493000030517578,0.2754000127315521,0.23340000212192535,0.2946999967098236,0.31520000100135803,0.2944999933242798,0.21559999883174896,0.34869998693466187,0.2599000036716461,0.3375999927520752,0.25270000100135803,0.32670000195503235,0.296999990940094,0.25690001249313354,0.26969999074935913,0.29429998993873596,0.3319000005722046,0.2770000100135803,0.2563000023365021,0.3296000063419342,0.2483000010251999,0.3490999937057495,0.29490000009536743,0.3547999858856201,0.2937000095844269,0.2985000014305115,0.3303000032901764,0.2985000014305115,0.33809998631477356,0.3285999894142151,0.23810000717639923,0.3037000000476837,0.22859999537467957,0.2574999928474426,0.3149000108242035,0.2700999975204468,0.2653000056743622,0.3167000114917755,0.33730000257492065,0.23180000483989716,0.39320001006126404,0.3188999891281128,0.3709999918937683,0.1850000023841858,0.3727000057697296,0.30790001153945923,0.4372999966144562,0.3668000102043152,0.39079999923706055,0.3531999886035919,0.3059999942779541,0.40790000557899475,0.3172000050544739,0.2930999994277954,0.313400000333786,0.3763999938964844,0.35740000009536743,0.3312000036239624,0.3921999931335449,0.4277999997138977,0.37310001254081726,0.36410000920295715,0.32749998569488525,0.3709000051021576,0.31630000472068787,0.39329999685287476,0.33649998903274536,0.33160001039505005,0.3093000054359436,0.3082999885082245,0.3977999985218048,0.3098999857902527,0.3919000029563904,0.40389999747276306,0.319599986076355,0.38839998841285706,0.3181000053882599,0.304500013589859,0.3416000008583069,0.32760000228881836,0.2669000029563904,0.3785000145435333,0.5292999744415283,0.38339999318122864,0.39010000228881836,0.4156000018119812,0.4268999993801117,0.39469999074935913,0.38589999079704285,0.3873000144958496,0.4205999970436096,0.2851000130176544,0.38089999556541443,0.3549000024795532,0.3993000090122223,0.42879998683929443,0.2775000035762787,0.34940001368522644,0.39879998564720154,0.47600001096725464,0.39079999923706055,0.4133000075817108,0.29660001397132874,0.31220000982284546,0.3059000074863434,0.3912000060081482,0.35370001196861267,0.37310001254081726,0.43560001254081726,0.46639999747276306,0.4115999937057495,0.34200000762939453,0.4318999946117401,0.34619998931884766,0.39719998836517334,0.39399999380111694,0.3100999891757965,0.37709999084472656,0.47380000352859497,0.30809998512268066,0.46470001339912415,0.27959999442100525,0.41110000014305115,0.3871000111103058,0.23090000450611115,0.3741999864578247,0.43650001287460327,0.39239999651908875,0.43560001254081726,0.45649999380111694,0.3605000078678131,0.399399995803833,0.46560001373291016,0.41119998693466187,0.4575999975204468,0.4122999906539917,0.43369999527931213,0.5121999979019165,0.492900013923645,0.3896999955177307,0.45210000872612,0.3935999870300293,0.45170000195503235,0.39079999923706055,0.4196000099182129,0.336899995803833,0.31380000710487366,0.4909000098705292,0.3944999873638153,0.35019999742507935,0.5338000059127808,0.3093000054359436,0.47369998693466187,0.3490000069141388,0.45320001244544983,0.4156000018119812,0.4481000006198883,0.3758000135421753,0.4309000074863434,0.3497999906539917,0.4634999930858612,0.4731000065803528,0.4205999970436096,0.4374000132083893,0.43479999899864197,0.3508000075817108,0.3887999951839447,0.41100001335144043,0.44999998807907104,0.4011000096797943,0.45239999890327454,0.3312000036239624,0.5156999826431274,0.41339999437332153,0.3799999952316284,0.4092999994754791,0.48249998688697815,0.5047000050544739,0.3935999870300293,0.42080000042915344,0.4657999873161316,0.4496000111103058,0.4465000033378601,0.45190000534057617,0.482699990272522,0.515500009059906,0.4318999946117401,0.435699999332428,0.4296000003814697,0.4544000029563904,0.3928000032901764,0.47380000352859497,0.48649999499320984,0.4478999972343445,0.47200000286102295,0.5289999842643738,0.4878000020980835,0.36489999294281006,0.4779999852180481,0.4332999885082245,0.3763999938964844,0.45649999380111694,0.5167999863624573,0.47119998931884766,0.48890000581741333,0.41830000281333923,0.4961000084877014,0.4433000087738037,0.45410001277923584,0.47769999504089355,0.5144000053405762,0.4092999994754791,0.3873000144958496,0.5126000046730042,0.3702000081539154,0.5163999795913696,0.46939998865127563,0.48730000853538513,0.40959998965263367,0.43799999356269836,0.47589999437332153,0.42480000853538513,0.38109999895095825,0.4172999858856201,0.5065000057220459,0.483599990606308,0.4674000144004822,0.3961000144481659,0.45730000734329224,0.45879998803138733,0.35199999809265137,0.5267999768257141,0.5541999936103821,0.5403000116348267,0.4715999960899353,0.5037000179290771,0.4684000015258789,0.40689998865127563,0.3628000020980835,0.4242999851703644,0.35269999504089355,0.4293000102043152,0.4018999934196472,0.5527999997138977,0.5149000287055969,0.6650000214576721,0.5070000290870667,0.5131999850273132,0.4523000121116638,0.46959999203681946,0.45350000262260437,0.41370001435279846,0.4625999927520752,0.5645999908447266,0.4023999869823456,0.5113999843597412,0.4472000002861023,0.3553999960422516,0.3671000003814697,0.38199999928474426,0.507099986076355,0.38839998841285706,0.3874000012874603,0.5533000230789185,0.40880000591278076,0.5098000168800354,0.4498000144958496,0.4675000011920929,0.4666999876499176,0.4812999963760376,0.49459999799728394,0.4438999891281128,0.46309998631477356,0.5277000069618225,0.4860999882221222,0.48249998688697815,0.40290001034736633,0.460099995136261,0.3968999981880188,0.4124000072479248,0.48559999465942383,0.41929998993873596,0.3955000042915344,0.4560000002384186,0.39480000734329224,0.3926999866962433,0.4514999985694885,0.527899980545044,0.5103999972343445,0.31360000371932983,0.376800000667572,0.35089999437332153,0.5087000131607056,0.5284000039100647,0.3901999890804291,0.47450000047683716,0.5296000242233276,0.5077000260353088,0.4690000116825104,0.40799999237060547,0.44209998846054077,0.512499988079071,0.47679999470710754,0.4171999990940094,0.40869998931884766,0.4632999897003174,0.5593000054359436,0.3294999897480011,0.4343000054359436,0.45159998536109924,0.49970000982284546,0.3506999909877777,0.570900022983551,0.4498000144958496,0.503600001335144,0.5006999969482422,0.39089998602867126,0.5440999865531921,0.49219998717308044,0.527400016784668,0.45879998803138733,0.424699991941452,0.5720999836921692,0.4648999869823456,0.5304999947547913,0.49050000309944153,0.4180999994277954,0.4392000138759613,0.39320001006126404,0.4359000027179718,0.48910000920295715,0.52920001745224,0.46880000829696655,0.4805000126361847,0.5070000290870667,0.4657000005245209,0.4339999854564667,0.4474000036716461,0.5073999762535095,0.5307999849319458,0.4880000054836273,0.4343999922275543,0.41440001130104065,0.4368000030517578,0.4569000005722046,0.4487999975681305,0.4629000127315521,0.4661000072956085,0.5058000087738037,0.3677000105381012,0.4875999987125397,0.48919999599456787,0.3537999987602234,0.4034000039100647,0.4812999963760376,0.4133000075817108,0.4449999928474426,0.41499999165534973,0.5078999996185303,0.3885999917984009,0.4399000108242035,0.43059998750686646,0.4113999903202057,0.3905999958515167,0.5099999904632568,0.3546999990940094,0.4065000116825104,0.3693000078201294,0.4652000069618225,0.46470001339912415,0.4343999922275543,0.4546000063419342,0.4887000024318695,0.39309999346733093,0.414900004863739,0.43619999289512634,0.48890000581741333,0.35569998621940613,0.4300999939441681,0.527899980545044,0.4471000134944916,0.48089998960494995,0.4438000023365021,0.4260999858379364,0.3828999996185303,0.5885000228881836,0.4699999988079071,0.49619999527931213,0.3531000018119812,0.4474000036716461,0.3939000070095062,0.4104999899864197,0.5270000100135803,0.4465000033378601,0.5278000235557556,0.4097000062465668,0.3901999890804291,0.3882000148296356,0.39469999074935913,0.41819998621940613,0.39169999957084656,0.4629000127315521,0.5131999850273132,0.43779999017715454,0.4564000070095062,0.3734999895095825,0.40549999475479126,0.5611000061035156,0.4724999964237213,0.5213000178337097,0.45080000162124634,0.4510999917984009,0.3734000027179718,0.4178999960422516,0.3700999915599823,0.42980000376701355,0.37380000948905945,0.412200003862381,0.5533999800682068,0.5002999901771545,0.4083999991416931,0.46939998865127563,0.39629998803138733,0.4156000018119812,0.4332999885082245,0.5485000014305115,0.5483999848365784,0.5306000113487244,0.4546999931335449,0.4106000065803528,0.4702000021934509,0.5309000015258789,0.5081999897956848,0.4514999985694885,0.48590001463890076,0.4198000133037567,0.3734000027179718,0.3880999982357025,0.45570001006126404,0.46779999136924744,0.45249998569488525,0.40070000290870667,0.4900999963283539,0.4480000138282776,0.5192000269889832,0.3970000147819519,0.5016999840736389,0.4885999858379364,0.46869999170303345,0.4551999866962433,0.3301999866962433,0.5612000226974487,0.4726000130176544,0.4823000133037567,0.4571000039577484,0.4927999973297119,0.4537999927997589,0.46860000491142273,0.5142999887466431,0.3714999854564667,0.5314000248908997,0.454800009727478,0.4018000066280365,0.35600000619888306,0.5156999826431274,0.5146999955177307,0.46970000863075256,0.44130000472068787,0.46619999408721924,0.4108999967575073,0.35280001163482666,0.4729999899864197,0.46630001068115234,0.4537999927997589,0.45399999618530273,0.4300000071525574,0.4580000042915344,0.4327000081539154,0.4950999915599823,0.40610000491142273,0.438400000333786,0.5134000182151794,0.4564000070095062,0.4447000026702881,0.38839998841285706,0.4309000074863434,0.46790000796318054,0.33500000834465027,0.5131999850273132,0.47589999437332153,0.5048999786376953,0.4562000036239624,0.41190001368522644,0.48829999566078186,0.41339999437332153,0.42879998683929443,0.49140000343322754,0.5892999768257141,0.4302999973297119,0.5278000235557556,0.4327000081539154,0.5353999733924866,0.4674000144004822,0.3147999942302704,0.5393000245094299,0.507099986076355,0.38989999890327454,0.4097000062465668,0.4147000014781952,0.5049999952316284,0.5109999775886536,0.5511000156402588,0.36039999127388,0.4885999858379364,0.4675999879837036,0.4318000078201294,0.5278000235557556,0.4690000116825104,0.6044999957084656,0.5478000044822693,0.40049999952316284,0.5684000253677368,0.3546000123023987,0.5092999935150146,0.4921000003814697,0.45590001344680786,0.4207000136375427,0.45489999651908875,0.4697999954223633,0.4876999855041504,0.4832000136375427,0.48750001192092896,0.5418999791145325,0.4092000126838684,0.43380001187324524,0.5457000136375427,0.4767000079154968,0.5288000106811523,0.5684000253677368,0.583899974822998,0.6116999983787537,0.5331000089645386,0.374099999666214,0.43050000071525574,0.4056999981403351,0.4456999897956848,0.5443999767303467,0.44620001316070557,0.5784000158309937,0.5817999839782715,0.43479999899864197,0.5059999823570251,0.4498000144958496,0.44620001316070557,0.3125,0.42419999837875366,0.4927999973297119,0.4327000081539154,0.5637000203132629,0.5091000199317932,0.5400000214576721,0.5069000124931335,0.5753999948501587,0.515500009059906,0.4959000051021576,0.41620001196861267,0.448199987411499,0.43799999356269836,0.47189998626708984,0.47290000319480896,0.5396000146865845,0.33219999074935913,0.4821999967098236,0.43320000171661377,0.4560999870300293,0.5464000105857849,0.412200003862381,0.40950000286102295,0.43700000643730164,0.40790000557899475,0.46869999170303345,0.48170000314712524,0.5361999869346619,0.4587000012397766,0.4909999966621399,0.5170999765396118,0.41620001196861267,0.4187000095844269,0.4691999852657318,0.41589999198913574,0.37720000743865967,0.46790000796318054,0.4684999883174896,0.4537000060081482,0.4706999957561493,0.4884999990463257,0.47040000557899475,0.4514999985694885,0.4512999951839447,0.4472000002861023,0.4726000130176544,0.39239999651908875,0.37290000915527344,0.4077000021934509,0.39879998564720154,0.4156999886035919,0.4410000145435333,0.48500001430511475,0.522599995136261,0.46720001101493835,0.41179999709129333,0.42829999327659607,0.5583999752998352,0.4381999969482422,0.4952000081539154,0.5508000254631042,0.43299999833106995,0.4690000116825104,0.5084999799728394,0.46939998865127563,0.3944000005722046,0.49230000376701355,0.3384999930858612,0.43220001459121704,0.46230000257492065,0.39559999108314514,0.5719000101089478,0.4943999946117401,0.46970000863075256,0.3889000117778778,0.47119998931884766,0.5149999856948853,0.4494999945163727,0.39879998564720154,0.4472000002861023,0.4927000105381012,0.5098000168800354,0.48100000619888306,0.49959999322891235,0.5325999855995178,0.3319000005722046,0.3955000042915344,0.531000018119812,0.4474000036716461,0.48980000615119934,0.45100000500679016,0.40689998865127563,0.40950000286102295,0.45019999146461487,0.43309998512268066,0.49410000443458557,0.4668000042438507,0.5022000074386597,0.39160001277923584,0.4884999990463257,0.49160000681877136,0.40639999508857727,0.4918999969959259,0.5425000190734863,0.41999998688697815,0.40959998965263367,0.43700000643730164,0.4839000105857849,0.4278999865055084,0.37049999833106995,0.4138999879360199,0.427700012922287,0.5041000247001648,0.6090999841690063,0.3330000042915344,0.515500009059906,0.47870001196861267,0.4952000081539154,0.4749000072479248,0.4693000018596649,0.4390000104904175,0.5435000061988831,0.49149999022483826,0.4433000087738037,0.5698000192642212,0.4625000059604645,0.43220001459121704,0.4912000000476837,0.4683000147342682,0.4894999861717224,0.5145999789237976,0.6075000166893005,0.5902000069618225,0.46560001373291016,0.5745999813079834,0.2574999928474426,0.4896000027656555,0.5616999864578247,0.44130000472068787,0.4700999855995178,0.3905999958515167,0.4424000084400177,0.498199999332428,0.5486999750137329,0.47690001130104065,0.5450999736785889,0.5342000126838684,0.4952000081539154,0.5066999793052673,0.49050000309944153,0.46939998865127563,0.4731999933719635,0.5601999759674072,0.4927999973297119,0.4932999908924103,0.3880000114440918,0.5354999899864197,0.42100000381469727,0.5077000260353088,0.529699981212616,0.4302999973297119,0.48739999532699585,0.41830000281333923,0.43709999322891235,0.37560001015663147,0.4896000027656555,0.5465999841690063,0.4449000060558319,0.4058000147342682,0.47679999470710754,0.5878000259399414,0.47510001063346863,0.47279998660087585,0.5411999821662903,0.4377000033855438,0.4805000126361847,0.4722999930381775,0.4616999924182892,0.44690001010894775,0.5716999769210815,0.45559999346733093,0.5008999705314636,0.5720999836921692,0.5367000102996826,0.6252999901771545,0.4957999885082245,0.508899986743927,0.477400004863739,0.4068000018596649,0.5511000156402588,0.39649999141693115,0.4952000081539154,0.5351999998092651,0.44929999113082886,0.5024999976158142,0.43560001254081726,0.54830002784729,0.4068000018596649,0.5343999862670898,0.43470001220703125,0.531499981880188,0.36160001158714294,0.40849998593330383,0.5550000071525574,0.4320000112056732,0.6258000135421753,0.5221999883651733,0.3824999928474426,0.4278999865055084,0.4016999900341034,0.46779999136924744,0.44589999318122864,0.43939998745918274,0.4537999927997589,0.4602999985218048,0.4514000117778778,0.5447999835014343,0.5631999969482422,0.605400025844574,0.4666999876499176,0.5282999873161316,0.45249998569488525,0.5303999781608582,0.6132000088691711,0.4729999899864197,0.5069000124931335,0.5246000289916992,0.5489000082015991,0.3946000039577484,0.4681999981403351,0.483599990606308,0.5095000267028809,0.4909999966621399,0.5152000188827515,0.4681999981403351,0.5644999742507935,0.5049999952316284,0.48350000381469727,0.4690999984741211,0.4697999954223633,0.47699999809265137,0.43630000948905945,0.4023999869823456,0.4108000099658966,0.47589999437332153,0.4772000014781952,0.5357000231742859,0.5339999794960022,0.4903999865055084,0.46970000863075256,0.4902999997138977,0.4724999964237213,0.46619999408721924,0.5152000188827515,0.5024999976158142,0.4749000072479248,0.43369999527931213,0.4918000102043152,0.5340999960899353,0.5461000204086304,0.44859999418258667,0.5361999869346619,0.527999997138977,0.4661000072956085,0.4731999933719635,0.5069000124931335,0.3571999967098236,0.5041000247001648,0.44510000944137573,0.43860000371932983,0.4553000032901764,0.492900013923645,0.5299000144004822,0.5547999739646912,0.4903999865055084,0.48080000281333923,0.5605000257492065,0.47110000252723694,0.5189999938011169,0.47589999437332153,0.6261000037193298,0.5529999732971191,0.5302000045776367,0.5252000093460083,0.4966999888420105,0.44609999656677246,0.4975999891757965,0.46389999985694885,0.5257999897003174,0.4765999913215637,0.5091000199317932,0.5465999841690063,0.4059999883174896,0.5058000087738037,0.477400004863739,0.46799999475479126,0.4546000063419342,0.5012000203132629,0.45559999346733093,0.39070001244544983,0.4465000033378601,0.3716000020503998,0.548799991607666,0.4456999897956848,0.49129998683929443,0.43720000982284546,0.48539999127388,0.5242000222206116,0.4668999910354614,0.5123000144958496,0.3601999878883362,0.4341999888420105,0.5468999743461609,0.511900007724762,0.489300012588501,0.6150000095367432,0.444599986076355,0.5275999903678894,0.4302000105381012,0.4147000014781952,0.5338000059127808,0.34880000352859497,0.4526999890804291,0.49470001459121704,0.3702999949455261,0.39660000801086426,0.4846999943256378,0.3896999955177307,0.46959999203681946,0.5649999976158142,0.4027000069618225,0.387800008058548,0.49470001459121704,0.41370001435279846,0.4699000120162964,0.5479999780654907,0.4846999943256378,0.41290000081062317,0.37380000948905945,0.4521999955177307,0.5720999836921692,0.4090999960899353,0.32899999618530273,0.3853999972343445,0.4731999933719635,0.5293999910354614,0.5620999932289124,0.4731999933719635,0.3898000121116638,0.3540000021457672,0.4713999927043915,0.4925999939441681,0.44429999589920044,0.48240000009536743,0.5097000002861023,0.45170000195503235,0.5455999970436096,0.41110000014305115,0.5077000260353088,0.44859999418258667,0.39169999957084656,0.5508999824523926,0.6460999846458435,0.5485000014305115,0.46790000796318054,0.5361999869346619,0.48840001225471497,0.5559999942779541,0.569100022315979,0.5364000201225281,0.5766000151634216,0.5307000279426575,0.4262000024318695,0.43939998745918274,0.532800018787384,0.5557000041007996,0.5478000044822693,0.5694000124931335,0.5656999945640564,0.45750001072883606,0.5543000102043152,0.5273000001907349,0.5895000100135803,0.49140000343322754,0.5591999888420105,0.42989999055862427,0.5051000118255615,0.6265000104904175,0.5515000224113464,0.4595000147819519,0.45320001244544983,0.42669999599456787,0.546999990940094,0.512499988079071,0.4260999858379364,0.6269999742507935,0.5210000276565552,0.5773000121116638,0.5098999738693237,0.5878999829292297,0.5177000164985657,0.5313000082969666,0.597599983215332,0.4765999913215637,0.48489999771118164,0.46239998936653137,0.4848000109195709,0.5130000114440918,0.5523999929428101,0.5174999833106995,0.4684999883174896,0.5698999762535095,0.5112000107765198,0.5454999804496765,0.5663999915122986,0.44040000438690186,0.4562000036239624,0.5087000131607056,0.5412999987602234,0.5300999879837036,0.4754999876022339,0.4943000078201294,0.4072999954223633,0.46869999170303345,0.4320000112056732,0.4699999988079071,0.40689998865127563,0.43540000915527344,0.36719998717308044,0.4562000036239624,0.5027999877929688,0.5325000286102295,0.4657000005245209,0.5570999979972839,0.45719999074935913,0.4440000057220459,0.5906999707221985,0.439300000667572,0.4562999904155731,0.4092999994754791,0.37790000438690186,0.5491999983787537,0.41530001163482666,0.39309999346733093,0.5159000158309937,0.4253999888896942,0.47189998626708984,0.5687000155448914,0.49540001153945923,0.4578000009059906,0.5964000225067139,0.54339998960495,0.5293999910354614,0.572700023651123,0.5968999862670898,0.39649999141693115,0.4771000146865845,0.4648999869823456,0.5148000121116638,0.5002999901771545,0.387800008058548,0.48669999837875366,0.5465999841690063,0.6266999840736389,0.5087000131607056,0.4616999924182892,0.5638999938964844,0.4982999861240387,0.48840001225471497,0.5364000201225281,0.4740999937057495,0.4659999907016754,0.37540000677108765,0.4729999899864197,0.6194000244140625,0.4754999876022339,0.517300009727478,0.4893999993801117,0.47600001096725464,0.44209998846054077,0.4352000057697296,0.4514999985694885,0.4503999948501587,0.4961000084877014,0.4731000065803528,0.5320000052452087,0.5529000163078308,0.4887000024318695,0.5049999952316284,0.421999990940094,0.4189000129699707,0.5375999808311462,0.4912000000476837
0.45509999990463257,0.0,0.0,0.019600000232458115,0.01979999989271164,0.01940000057220459,0.02239999920129776,0.020800000056624413,0.017799999564886093,0.020899999886751175,0.016599999740719795,0.01940000057220459,0.017000000923871994,0.01730000041425228,0.0,0.019899999722838402,0.02019999921321869,0.0203000009059906,0.019600000232458115,0.01759999990463257,0.019200000911951065,0.019700000062584877,0.01679999940097332,0.0,0.01810000091791153,0.0,0.0,0.0,0.0,0.0,0.0,0.0,0.0,0.0,0.018699999898672104,0.0,0.0,0.0,0.0,0.0,0.0,0.0,0.0,0.020400000736117363,0.0,0.0,0.0,0.0,0.0,0.0,0.0,0.0,0.0,0.0,0.0,0.0,0.0,0.0,0.0,0.0,0.0,0.0,0.0,0.0,0.0,0.0,0.0,0.0,0.0,0.0,0.0,0.0,0.0,0.0,0.0,0.0,0.0,0.0,0.01940000057220459,0.0,0.018699999898672104,0.0,0.0,0.0,0.0,0.0,0.0,0.0,0.0,0.0,0.0,0.0,0.0,0.0,0.0,0.0,0.0,0.0,0.0,0.0,0.0,0.0,0.0,0.0,0.0,0.0,0.0,0.0,0.0,0.0,0.0,0.0,0.0,0.0,0.0,0.0,0.01769999973475933,0.0,0.016499999910593033,0.0,0.0,0.0,0.0,0.0,0.019300000742077827,0.0,0.0,0.0,0.0,0.0,0.0,0.0,0.0,0.0,0.0,0.0,0.0,0.0,0.0,0.0,0.0,0.0,0.0,0.0,0.0,0.0,0.0,0.0,0.0,0.0,0.0,0.0,0.0,0.0,0.0,0.0,0.0,0.0,0.0,0.0,0.0,0.0,0.0,0.0,0.0,0.0,0.0,0.0,0.0,0.0,0.0,0.0,0.0,0.0,0.019999999552965164,0.0,0.0,0.0,0.0,0.0,0.0,0.0,0.0,0.0,0.0,0.0,0.0,0.0,0.0,0.0,0.0,0.0,0.0,0.0,0.0,0.0,0.0,0.019300000742077827,0.0,0.0,0.0,0.0,0.0,0.0,0.0,0.0,0.0,0.0,0.0,0.0,0.0,0.0,0.0,0.0,0.0,0.0,0.0,0.0,0.0,0.0,0.0,0.0,0.0,0.0,0.0,0.0,0.0,0.0,0.0,0.0,0.0,0.0,0.0,0.0,0.0,0.0,0.0,0.0,0.0,0.0,0.0,0.0,0.0,0.0,0.0,0.0,0.0,0.0,0.0,0.0,0.0,0.0,0.0,0.0,0.0,0.0,0.0,0.0,0.020999999716877937,0.0,0.0,0.0,0.0,0.0,0.0,0.0,0.0,0.0,0.0,0.0,0.0,0.0,0.0,0.0,0.0,0.0,0.0,0.0,0.0,0.0,0.0,0.0,0.0,0.0,0.0,0.0,0.0,0.0,0.0,0.0,0.0,0.0,0.0,0.0,0.0,0.0,0.020999999716877937,0.0,0.0,0.0,0.0,0.0,0.0,0.0,0.0,0.0,0.017999999225139618,0.0,0.0,0.0,0.0,0.018799999728798866,0.0,0.018300000578165054,0.0,0.0,0.0,0.0,0.0,0.0,0.0,0.0,0.0,0.0,0.0,0.0,0.0,0.0,0.0,0.0,0.0,0.0,0.0,0.0,0.0,0.0,0.0,0.0,0.020099999383091927,0.0,0.0,0.0,0.0,0.0,0.0,0.0,0.0,0.0,0.0,0.0,0.0,0.0,0.0,0.0210999995470047,0.0,0.0,0.0,0.0,0.0,0.0,0.0,0.0,0.0,0.0,0.0,0.020600000396370888,0.0,0.04179999977350235,0.0,0.07590000331401825,0.0,0.01979999989271164,0.0,0.0617000013589859,0.0,0.0,0.0,0.019700000062584877,0.0,0.018300000578165054,0.0,0.04170000180602074,0.03819999843835831,0.0,0.0,0.0,0.0,0.020600000396370888,0.0,0.0,0.0,0.08060000091791153,0.01889999955892563,0.0,0.03799999877810478,0.020899999886751175,0.061400000005960464,0.0,0.0,0.0,0.0,0.0,0.0,0.0,0.03849999979138374,0.0,0.0,0.0,0.0,0.09570000320672989,0.018799999728798866,0.020500000566244125,0.01979999989271164,0.0,0.0,0.0,0.02019999921321869,0.0,0.0,0.018799999728798866,0.0,0.0,0.0,0.0,0.02160000056028366,0.0,0.0,0.07509999722242355,0.0,0.0,0.0,0.0,0.0,0.0,0.0,0.0,0.0,0.0,0.0,0.0,0.0,0.04520000144839287,0.0,0.0,0.0,0.0210999995470047,0.0,0.0,0.0,0.0,0.0,0.0,0.0,0.01940000057220459,0.0,0.0,0.019500000402331352,0.0,0.0,0.07590000331401825,0.0,0.0,0.039400000125169754,0.0,0.0,0.0,0.019099999219179153,0.0,0.0,0.0,0.0,0.02019999921321869,0.0,0.0,0.0,0.0,0.0,0.0,0.0,0.019700000062584877,0.03709999844431877,0.03840000182390213,0.039900001138448715,0.0,0.0,0.0,0.0,0.0,0.0,0.0,0.0,0.03759999945759773,0.0,0.0,0.01889999955892563,0.0,0.0,0.0,0.0,0.0,0.0,0.0,0.01979999989271164,0.039799999445676804,0.0,0.0,0.0,0.039400000125169754,0.0,0.03970000147819519,0.020600000396370888,0.0,0.0,0.0,0.0,0.0,0.0,0.0,0.0,0.0,0.0,0.04129999876022339,0.0,0.0,0.0,0.0203000009059906,0.0,0.02239999920129776,0.0,0.0,0.0,0.0,0.0,0.0,0.0,0.0,0.0,0.0,0.0,0.0,0.0,0.0,0.0,0.0,0.0,0.0,0.0,0.06109999865293503,0.0,0.0,0.01850000023841858,0.08020000159740448,0.061400000005960464,0.0,0.0,0.0,0.0,0.0,0.0,0.0,0.0,0.0,0.0,0.0,0.0,0.017799999564886093,0.057500001043081284,0.0,0.0,0.019099999219179153,0.0,0.021700000390410423,0.0,0.040800001472234726,0.018400000408291817,0.020400000736117363,0.01860000006854534,0.04129999876022339,0.01940000057220459,0.0,0.0,0.0,0.0,0.019700000062584877,0.0,0.0,0.020400000736117363,0.0,0.039799999445676804,0.0,0.0,0.0,0.021199999377131462,0.0,0.0,0.0,0.0,0.07919999957084656,0.0,0.01940000057220459,0.03970000147819519,0.0,0.0,0.0,0.0,0.0,0.0,0.0,0.0,0.05869999900460243,0.0,0.0738999992609024,0.0,0.0,0.02160000056028366,0.0,0.0,0.0,0.0,0.0,0.03779999911785126,0.07660000026226044,0.0,0.0,0.035599999129772186,0.0,0.04019999876618385,0.03830000013113022,0.04129999876022339,0.0,0.021400000900030136,0.0,0.062199998646974564,0.0,0.0,0.0,0.0,0.0,0.0,0.0,0.02019999921321869,0.018699999898672104,0.0,0.060499999672174454,0.023099999874830246,0.020099999383091927,0.01979999989271164,0.01860000006854534,0.07580000162124634,0.03929999843239784,0.020800000056624413,0.018699999898672104,0.0,0.01979999989271164,0.0,0.0,0.0,0.0,0.0,0.0,0.0,0.01889999955892563,0.0,0.0,0.07660000026226044,0.0,0.0,0.0,0.0,0.0,0.0203000009059906,0.0,0.03539999946951866,0.0,0.0210999995470047,0.0,0.023399999365210533,0.0,0.0,0.0,0.0,0.0,0.0,0.0,0.019200000911951065,0.04019999876618385,0.03790000081062317,0.03660000115633011,0.0,0.0,0.0,0.0,0.0,0.0,0.03689999878406525,0.018400000408291817,0.0,0.0,0.02070000022649765,0.037300001829862595,0.0,0.017999999225139618,0.0,0.0,0.0,0.0,0.0,0.0,0.0,0.0,0.0,0.0,0.0,0.0,0.0203000009059906,0.0,0.03539999946951866,0.0,0.0,0.019600000232458115,0.03790000081062317,0.0,0.0,0.0364999994635582,0.0,0.0,0.021800000220537186,0.0,0.0,0.0,0.0,0.0,0.0,0.0,0.0,0.0,0.02250000089406967,0.05959999933838844,0.036400001496076584,0.0,0.0,0.018799999728798866,0.021400000900030136,0.0,0.0,0.018799999728798866,0.03909999877214432,0.0,0.0,0.0,0.0,0.0,0.0,0.0,0.0,0.0,0.04349999874830246,0.03629999980330467,0.0,0.017400000244379044,0.0,0.0,0.0,0.0,0.0,0.0,0.0,0.018699999898672104,0.018400000408291817,0.0,0.017000000923871994,0.0,0.0,0.0,0.0,0.0,0.0,0.0,0.0,0.0,0.0,0.0,0.0,0.0,0.01899999938905239,0.0,0.04050000011920929,0.018699999898672104,0.0,0.05909999832510948,0.0,0.0,0.0,0.0,0.0,0.0,0.0,0.0,0.0,0.0,0.0,0.0,0.0,0.0,0.0,0.0,0.0,0.0,0.0,0.017999999225139618,0.0,0.0,0.0,0.0,0.0,0.0,0.0,0.0,0.0,0.0,0.0,0.0,0.0,0.0,0.0625,0.0,0.0,0.0,0.0,0.0,0.0,0.0,0.0,0.0,0.0,0.0,0.0,0.0,0.0,0.0,0.0,0.0,0.019899999722838402,0.0,0.0,0.0,0.0,0.0,0.0,0.0,0.02319999970495701,0.021299999207258224,0.01899999938905239,0.019700000062584877,0.0,0.0,0.0,0.0,0.019999999552965164,0.0,0.0,0.041200000792741776,0.0,0.0,0.0,0.0,0.0,0.0,0.0,0.0,0.020500000566244125,0.0,0.01810000091791153,0.0,0.0640999972820282,0.0,0.0,0.021199999377131462,0.0,0.0,0.0,0.0,0.0,0.0,0.0,0.0,0.03920000046491623,0.0,0.0,0.0,0.0,0.0,0.0,0.0,0.0,0.0,0.0,0.0,0.019700000062584877,0.0,0.0,0.0,0.0,0.0,0.0,0.0,0.0,0.0,0.0,0.0,0.0,0.0,0.0,0.017999999225139618,0.0,0.0,0.0,0.0,0.0,0.0,0.0,0.0,0.0,0.0,0.0,0.019700000062584877,0.0,0.0,0.0,0.0,0.0,0.0,0.0,0.021800000220537186,0.0,0.0,0.0,0.0,0.0,0.0,0.0,0.01979999989271164,0.0,0.0,0.0,0.0,0.0,0.0,0.03970000147819519,0.0,0.0,0.0,0.0,0.0,0.0,0.0,0.0,0.0,0.0,0.0,0.0,0.0,0.0,0.01850000023841858,0.0,0.0,0.018200000748038292,0.0,0.0,0.0,0.0,0.016899999231100082,0.019300000742077827,0.0,0.0,0.039500001817941666,0.0,0.056299999356269836,0.0,0.020600000396370888,0.0,0.0,0.0,0.03680000081658363,0.0,0.018200000748038292,0.0,0.0,0.0,0.039500001817941666,0.0,0.0,0.0,0.0,0.0,0.0,0.0,0.0,0.03739999979734421,0.0,0.0,0.0,0.0,0.0,0.0,0.0,0.0,0.0,0.019300000742077827,0.0,0.0,0.0,0.0,0.0,0.0,0.0,0.0,0.0,0.0,0.0,0.0,0.0,0.0,0.0,0.0,0.0,0.0,0.0,0.0,0.0,0.0,0.0,0.0,0.021400000900030136,0.0,0.0203000009059906,0.0,0.0,0.0,0.0,0.0,0.0,0.0,0.0,0.0,0.0,0.0,0.0,0.0,0.0,0.0,0.0,0.019600000232458115,0.0,0.0,0.0,0.0,0.0,0.0,0.0,0.0,0.0,0.0,0.0,0.0,0.0,0.0,0.0,0.0,0.0,0.0,0.0,0.0,0.0,0.0,0.0,0.0,0.0,0.0,0.01889999955892563,0.0,0.0,0.0,0.0,0.0,0.019600000232458115,0.0,0.0,0.0,0.0,0.0,0.0,0.0,0.021400000900030136,0.0,0.0,0.0,0.0,0.0,0.0,0.0,0.0,0.0,0.0,0.0,0.0,0.0,0.0,0.019300000742077827,0.0,0.0,0.0,0.0,0.0,0.019500000402331352,0.0,0.0,0.01899999938905239,0.0,0.0,0.0,0.0,0.0,0.0,0.0,0.0210999995470047,0.0,0.0,0.0,0.03869999945163727,0.02199999988079071,0.0,0.0,0.020400000736117363,0.0,0.0,0.0,0.0,0.0,0.0,0.021299999207258224,0.0,0.0,0.0,0.03880000114440918,0.016300000250339508,0.01940000057220459,0.0,0.0,0.0,0.0,0.0,0.0,0.0,0.0,0.0,0.0,0.0,0.0,0.0,0.0,0.0,0.0,0.0,0.0,0.0,0.0,0.0,0.0,0.0,0.0,0.0,0.0,0.0,0.0,0.0,0.0,0.0,0.0,0.0,0.0,0.0,0.0,0.0,0.0,0.0,0.0,0.0,0.0,0.0,0.0,0.0,0.0,0.0,0.0,0.0,0.0,0.0,0.05829999968409538,0.0,0.0,0.0,0.0,0.0,0.0,0.0,0.0,0.0,0.0,0.0,0.0,0.0,0.0,0.0,0.0,0.0,0.0,0.0,0.0,0.0,0.0,0.0,0.0,0.0,0.0,0.0,0.0,0.0,0.0,0.0,0.0,0.0,0.03869999945163727,0.020600000396370888,0.0,0.0,0.0,0.0,0.03480000048875809,0.0,0.0,0.0,0.0,0.0,0.0,0.0,0.0,0.0,0.0,0.0,0.0,0.0,0.0,0.0,0.0,0.0,0.0,0.0,0.0,0.0,0.0,0.0,0.0,0.0,0.0,0.0,0.0,0.0,0.0,0.0,0.0,0.0,0.0,0.0,0.0,0.0,0.0,0.0,0.0,0.0,0.0,0.0,0.0,0.0,0.0,0.0,0.0,0.0,0.0,0.0,0.0,0.0,0.0,0.0,0.0,0.0,0.0,0.0,0.0,0.0,0.0,0.0,0.0,0.0,0.0,0.0,0.0,0.0,0.0,0.0,0.0,0.0,0.0,0.0,0.020099999383091927,0.0,0.0,0.0,0.0,0.0,0.0,0.020500000566244125,0.0,0.0,0.0,0.0,0.0,0.0,0.0,0.0,0.0,0.0,0.0,0.0,0.0,0.0,0.0,0.0,0.0,0.0,0.0,0.0,0.0,0.0,0.0,0.0,0.0,0.0,0.0,0.0,0.0,0.0,0.0,0.0,0.0,0.0,0.0215000007301569,0.0,0.0,0.0,0.0,0.0,0.0,0.0,0.0,0.0,0.0,0.0,0.016499999910593033,0.0,0.0,0.0,0.0,0.0,0.0,0.0,0.0,0.0,0.0,0.0,0.0,0.0,0.0,0.0,0.0,0.0,0.0,0.0,0.0,0.0,0.0,0.0,0.0,0.0,0.0,0.0,0.0,0.0,0.0,0.0,0.0,0.0,0.0,0.0,0.0,0.0,0.0,0.0,0.0,0.0,0.0,0.0,0.0,0.0,0.0,0.0,0.0,0.022199999541044235,0.0,0.0,0.0,0.0,0.0,0.0,0.0,0.0,0.0,0.0,0.0,0.0,0.0,0.0,0.0,0.0,0.0,0.0,0.0,0.0,0.0,0.0,0.0,0.0,0.0,0.0,0.0,0.0,0.0,0.02160000056028366,0.0,0.0,0.0,0.0,0.0,0.0,0.0,0.0,0.0,0.0,0.019700000062584877,0.019700000062584877,0.0,0.0,0.0,0.0,0.0,0.03669999912381172,0.0,0.0,0.0,0.0,0.0,0.0,0.0,0.019700000062584877,0.0,0.0,0.0,0.0,0.0,0.0,0.0,0.0,0.0,0.0,0.0,0.0,0.0,0.0,0.0,0.0,0.0,0.0,0.0,0.0,0.0,0.0,0.0,0.0,0.0,0.0,0.0,0.0,0.0,0.0,0.0,0.0,0.0,0.0,0.0,0.0,0.0,0.0,0.0,0.0,0.0,0.0,0.0,0.0,0.0,0.0,0.024800000712275505,0.0,0.0,0.0,0.0,0.0,0.0,0.0,0.0,0.0,0.0,0.0,0.0,0.0,0.0,0.0,0.018400000408291817,0.018300000578165054,0.0,0.0,0.0,0.0,0.0,0.0,0.0,0.0,0.0,0.0,0.0,0.0,0.0,0.0,0.0,0.0,0.0,0.0,0.0,0.0,0.0,0.0,0.0,0.0,0.0,0.0,0.0,0.0,0.0,0.0,0.0,0.0,0.017799999564886093,0.0,0.0,0.0,0.0,0.0,0.0,0.0210999995470047,0.0,0.0,0.0,0.019700000062584877,0.0,0.0,0.0,0.0,0.0,0.0,0.0,0.01810000091791153,0.0,0.0,0.0,0.0,0.0,0.0,0.0,0.0,0.0,0.0,0.0,0.0,0.0,0.0,0.0,0.0,0.0,0.0,0.0,0.0,0.0,0.0,0.0,0.0,0.0,0.0,0.0,0.0,0.0,0.0,0.0,0.0,0.0,0.0,0.0,0.0,0.0,0.0,0.0,0.0,0.0,0.0,0.0,0.0,0.0,0.0,0.0,0.01889999955892563,0.0,0.0,0.0,0.0,0.0,0.0,0.0,0.0,0.0,0.0,0.0,0.0,0.0,0.0,0.0,0.0,0.0,0.0,0.0,0.0,0.0,0.0,0.0,0.0,0.0,0.0,0.0,0.0,0.0,0.0,0.0,0.0,0.0,0.0,0.0,0.0,0.0,0.0,0.0,0.0,0.0,0.0,0.0,0.0,0.0,0.0,0.0,0.0,0.0,0.0,0.0,0.0,0.0,0.0,0.0,0.0,0.0,0.0,0.0,0.0,0.0,0.0,0.0,0.0,0.0,0.0,0.0,0.0,0.0,0.0,0.0,0.0,0.0,0.0,0.0,0.0,0.0,0.0,0.0,0.0,0.0,0.0,0.0,0.0,0.0,0.0,0.0,0.0,0.0,0.0,0.0,0.0,0.0,0.019999999552965164,0.0,0.0,0.0,0.0,0.0,0.0,0.0,0.0,0.0,0.019999999552965164,0.0,0.0,0.019999999552965164,0.0,0.0,0.0,0.0,0.0,0.0,0.0,0.0,0.0,0.0,0.0,0.0,0.0,0.0,0.0,0.020899999886751175,0.0,0.0,0.0,0.0,0.0,0.0,0.0,0.0,0.0,0.0,0.0,0.0,0.0,0.0,0.0,0.0,0.0,0.0,0.0,0.0,0.0,0.0,0.0,0.0,0.0,0.0,0.0,0.0,0.0,0.0203000009059906,0.0,0.0,0.0,0.01899999938905239,0.0,0.0,0.0,0.0,0.0,0.0,0.0,0.0,0.0,0.0,0.0,0.0,0.0,0.0,0.0,0.0,0.0,0.0,0.0,0.0,0.0,0.019899999722838402,0.0,0.021199999377131462,0.0,0.0,0.0,0.0,0.0,0.0,0.0,0.0,0.0,0.0,0.0,0.0,0.0,0.0,0.0,0.0,0.0,0.0,0.0,0.0,0.0,0.0,0.0,0.0,0.0,0.0,0.0,0.0,0.0,0.0,0.0,0.0,0.0,0.0,0.0,0.020500000566244125,0.0,0.0,0.020400000736117363,0.0,0.0,0.0,0.0,0.0,0.0,0.0,0.0,0.0,0.0,0.0,0.0,0.0,0.0,0.0,0.0,0.0,0.0,0.0,0.0,0.0,0.0,0.0,0.0,0.0,0.0,0.0,0.0,0.0,0.0,0.0,0.0,0.0,0.0,0.0,0.0,0.0,0.0,0.0,0.0,0.0,0.0,0.0,0.0,0.0,0.0,0.0,0.0,0.0,0.0,0.0,0.0,0.0,0.0,0.0,0.0,0.0,0.0,0.0,0.0,0.0,0.0,0.0,0.0,0.0,0.0,0.0,0.0,0.0,0.0,0.0,0.0,0.0,0.0,0.0,0.0,0.0,0.0,0.0,0.0,0.021400000900030136,0.0,0.0,0.01889999955892563,0.0,0.0,0.0,0.0,0.0,0.0,0.0,0.0,0.0,0.0,0.0,0.0,0.0,0.0,0.0,0.0,0.0,0.0,0.0,0.0,0.0,0.0,0.0,0.0,0.0,0.0,0.0,0.0,0.0,0.0,0.0,0.0,0.0,0.01860000006854534,0.0,0.0,0.0,0.0,0.0,0.0,0.0,0.0,0.0,0.0,0.0,0.0,0.0,0.0,0.0,0.0,0.0,0.0,0.0,0.0,0.0,0.0,0.0,0.0
0.45509999990463257,0.0,0.0,0.0,0.0,0.0,0.0,0.0,0.0,0.0,0.0,0.0,0.0,0.0,0.0,0.0,0.0,0.0,0.0,0.01759999990463257,0.0,0.0,0.0,0.0,0.0,0.0,0.0,0.0,0.0,0.0,0.0,0.0,0.0,0.0,0.0,0.0,0.0,0.0,0.0,0.0,0.0,0.0,0.0,0.020400000736117363,0.0,0.0,0.0,0.0,0.0,0.0,0.0,0.0,0.0,0.0,0.0,0.0,0.0,0.0,0.0,0.0,0.0,0.0,0.0,0.0,0.0,0.0,0.0,0.0,0.0,0.0,0.0,0.0,0.0,0.0,0.0,0.0,0.0,0.0,0.0,0.0,0.0,0.0,0.0,0.0,0.0,0.0,0.0,0.0,0.0,0.0,0.0,0.0,0.0,0.0,0.0,0.0,0.0,0.0,0.0,0.0,0.0,0.0,0.0,0.0,0.0,0.0,0.0,0.0,0.0,0.0,0.0,0.0,0.0,0.0,0.0,0.0,0.0,0.0,0.0,0.0,0.0,0.0,0.0,0.0,0.0,0.0,0.0,0.0,0.0,0.0,0.0,0.0,0.0,0.0,0.0,0.0,0.0,0.0,0.0,0.0,0.0,0.0,0.0,0.0,0.0,0.0,0.0,0.0,0.0,0.0,0.0,0.0,0.0,0.0,0.0,0.0,0.0,0.0,0.0,0.0,0.0,0.0,0.0,0.0,0.0,0.0,0.0,0.0,0.0,0.0,0.0,0.0,0.0,0.0,0.0,0.0,0.0,0.0,0.0,0.0,0.0,0.0,0.0,0.0,0.0,0.0,0.0,0.0,0.0,0.0,0.0,0.0,0.0,0.0,0.0,0.0,0.0,0.019300000742077827,0.0,0.0,0.0,0.0,0.0,0.0,0.0,0.0,0.0,0.0,0.0,0.0,0.0,0.0,0.0,0.0,0.0,0.0,0.0,0.0,0.0,0.0,0.0,0.0,0.0,0.0,0.0,0.0,0.0,0.0,0.0,0.0,0.0,0.0,0.0,0.0,0.0,0.0,0.0,0.0,0.0,0.0,0.0,0.0,0.0,0.0,0.0,0.0,0.0,0.0,0.0,0.0,0.0,0.0,0.0,0.0,0.0,0.0,0.0,0.0,0.020999999716877937,0.0,0.0,0.0,0.0,0.0,0.0,0.0,0.0,0.0,0.0,0.0,0.0,0.0,0.0,0.0,0.0,0.0,0.0,0.0,0.0,0.0,0.0,0.0,0.0,0.0,0.0,0.0,0.0,0.0,0.0,0.0,0.0,0.0,0.0,0.0,0.0,0.0,0.0,0.0,0.0,0.0,0.0,0.0,0.0,0.0,0.0,0.0,0.017999999225139618,0.0,0.0,0.0,0.0,0.018799999728798866,0.0,0.018300000578165054,0.0,0.0,0.0,0.0,0.0,0.0,0.0,0.0,0.0,0.0,0.0,0.0,0.0,0.0,0.0,0.0,0.0,0.0,0.0,0.0,0.0,0.0,0.0,0.0,0.0,0.0,0.0,0.0,0.0,0.0,0.0,0.0,0.0,0.0,0.0,0.0,0.0,0.0,0.0,0.0210999995470047,0.0,0.0,0.0,0.0,0.0,0.0,0.0,0.0,0.0,0.0,0.0,0.020600000396370888,0.0,0.04179999977350235,0.0,0.07590000331401825,0.05860000103712082,0.05730000138282776,0.0,0.0,0.03929999843239784,0.0,0.0,0.060600001364946365,0.01889999955892563,0.0,0.061799999326467514,0.04170000180602074,0.09849999845027924,0.0,0.0,0.0,0.0,0.04170000180602074,0.0,0.03819999843835831,0.11559999734163284,0.020500000566244125,0.0,0.0,0.03759999945759773,0.0,0.08129999786615372,0.0,0.0,0.0,0.0,0.0,0.0,0.0,0.03849999979138374,0.0,0.0,0.0,0.0,0.07410000264644623,0.041600000113248825,0.019500000402331352,0.07800000160932541,0.04019999876618385,0.040699999779462814,0.0,0.0,0.0,0.0,0.0406000018119812,0.0,0.0,0.0,0.0,0.02160000056028366,0.0,0.0,0.07509999722242355,0.0,0.03790000081062317,0.0,0.0,0.0,0.0,0.0,0.0,0.0,0.0,0.0,0.0,0.0,0.018400000408291817,0.0,0.0,0.0,0.0210999995470047,0.0,0.0,0.0,0.0,0.0,0.0,0.0,0.0215000007301569,0.0,0.041200000792741776,0.0,0.016899999231100082,0.04019999876618385,0.04010000079870224,0.0,0.0,0.01940000057220459,0.0,0.0,0.018799999728798866,0.039500001817941666,0.0,0.0,0.0,0.0,0.0,0.0,0.0,0.0,0.0,0.0,0.0,0.039900001138448715,0.0,0.03709999844431877,0.0,0.0,0.0,0.0,0.0,0.0,0.0,0.0,0.0,0.0,0.037700001150369644,0.0,0.0,0.04170000180602074,0.02019999921321869,0.0,0.0,0.0,0.0,0.0,0.0,0.0,0.0,0.019200000911951065,0.0,0.0,0.0,0.0,0.0,0.0,0.0,0.0,0.0,0.0,0.0,0.03880000114440918,0.017999999225139618,0.0,0.0,0.0,0.0,0.0,0.0,0.0,0.0,0.03869999945163727,0.0,0.0,0.0,0.0,0.0,0.0,0.0,0.0,0.0,0.0,0.0,0.0,0.0,0.0,0.0,0.0,0.03579999879002571,0.0,0.0,0.0,0.02070000022649765,0.0,0.0,0.0,0.0,0.021199999377131462,0.0,0.0,0.0,0.0,0.0,0.0,0.0,0.0,0.0,0.0,0.0,0.0,0.038100000470876694,0.0,0.0,0.0,0.038600001484155655,0.0,0.03929999843239784,0.020600000396370888,0.08030000329017639,0.0,0.020400000736117363,0.01860000006854534,0.0,0.01940000057220459,0.0,0.0,0.0,0.0,0.0,0.0,0.0,0.020400000736117363,0.0,0.021299999207258224,0.0,0.0,0.058400001376867294,0.04129999876022339,0.0,0.0,0.0,0.03790000081062317,0.039900001138448715,0.0,0.01940000057220459,0.019700000062584877,0.0,0.0,0.0,0.0,0.0,0.0,0.0,0.0,0.0,0.0,0.05689999833703041,0.03689999878406525,0.0,0.037700001150369644,0.0,0.0,0.0,0.0,0.0,0.01899999938905239,0.03799999877810478,0.0,0.0,0.0,0.0,0.0,0.020099999383091927,0.019300000742077827,0.0,0.0,0.0,0.08139999955892563,0.0,0.0,0.0,0.0,0.0,0.0,0.0,0.0,0.018699999898672104,0.0,0.03880000114440918,0.023099999874830246,0.020099999383091927,0.01979999989271164,0.0,0.0,0.019500000402331352,0.020800000056624413,0.018699999898672104,0.0,0.01979999989271164,0.0,0.0,0.0,0.0,0.0,0.0,0.0,0.01889999955892563,0.0,0.0,0.05810000002384186,0.0,0.0,0.0,0.0,0.0,0.019099999219179153,0.0,0.018200000748038292,0.0,0.0,0.0,0.0,0.0,0.0,0.0,0.0,0.0,0.0,0.0,0.0,0.0,0.03790000081062317,0.0,0.0,0.0,0.0,0.0,0.0,0.0,0.0,0.0,0.0,0.0,0.02070000022649765,0.0,0.0,0.0,0.0,0.0,0.0,0.0,0.0,0.02070000022649765,0.0,0.0,0.0,0.0,0.0,0.0,0.0,0.0,0.0,0.0,0.0,0.0,0.039799999445676804,0.0,0.0,0.055399999022483826,0.0,0.037700001150369644,0.0,0.0,0.0,0.0,0.0,0.0,0.0,0.0,0.0,0.0,0.018400000408291817,0.03819999843835831,0.0,0.0,0.0,0.0,0.0,0.0,0.0,0.0,0.03909999877214432,0.0,0.0,0.0,0.0,0.0,0.0,0.0,0.0,0.0,0.0,0.0,0.0,0.034699998795986176,0.0,0.0,0.0,0.0,0.0,0.0,0.0,0.018699999898672104,0.0,0.0,0.0,0.0,0.0,0.0,0.0,0.0,0.0,0.0,0.0,0.0,0.0,0.0,0.0,0.0,0.01899999938905239,0.0,0.01730000041425228,0.0,0.0,0.03880000114440918,0.018699999898672104,0.0,0.0,0.0,0.0,0.0,0.0,0.0,0.0,0.0,0.0,0.0,0.0,0.0,0.0,0.0,0.0,0.0,0.0,0.0,0.0,0.0,0.0,0.0,0.0,0.0,0.0,0.0,0.0,0.0,0.0,0.019700000062584877,0.0,0.0,0.02019999921321869,0.0,0.0,0.0,0.0,0.0,0.0,0.0,0.0,0.0,0.0,0.0,0.0,0.0,0.0,0.0,0.0,0.0,0.0,0.0,0.0,0.0,0.0,0.0,0.0,0.0,0.0,0.021299999207258224,0.01899999938905239,0.019700000062584877,0.0,0.0,0.0,0.0,0.03790000081062317,0.0,0.0,0.0,0.0,0.0,0.0,0.0,0.0,0.0,0.0,0.0,0.0,0.0,0.01810000091791153,0.0,0.021700000390410423,0.0,0.0,0.0,0.0,0.0,0.0,0.0,0.0,0.0,0.0,0.0,0.0,0.0,0.0,0.0,0.0,0.0,0.0,0.0,0.0,0.0,0.0,0.0,0.0,0.0,0.0,0.0,0.0,0.0,0.0,0.0,0.0,0.0,0.0,0.0,0.0,0.0,0.0,0.0,0.0,0.0,0.0,0.0,0.0,0.01979999989271164,0.0,0.0,0.0,0.0,0.0,0.0,0.0,0.0,0.0,0.0,0.0,0.0,0.0,0.0,0.0,0.0,0.0,0.0,0.0,0.0,0.0,0.0,0.0,0.0,0.0,0.0,0.0,0.0,0.0,0.0,0.0,0.0,0.0,0.0,0.0,0.0,0.0,0.0,0.0,0.0,0.0,0.0,0.0,0.0,0.0,0.0,0.0,0.0,0.0,0.0,0.0,0.0,0.0,0.0,0.0,0.020099999383091927,0.0,0.0,0.0,0.0,0.0,0.0,0.0,0.0,0.0,0.0,0.02070000022649765,0.0,0.0,0.0,0.0,0.0,0.0,0.0,0.0,0.0,0.0,0.0,0.0,0.0,0.0,0.0,0.0,0.0,0.0,0.0,0.0,0.0,0.0,0.0,0.0,0.0,0.0,0.0,0.0,0.0,0.0,0.0,0.0,0.0,0.0,0.0,0.0,0.0,0.0,0.0,0.0,0.0,0.0,0.0,0.0,0.0,0.0,0.021400000900030136,0.0,0.0203000009059906,0.020099999383091927,0.0,0.0,0.0,0.0,0.0,0.0,0.0,0.0,0.0,0.0,0.0,0.0,0.0,0.0,0.0,0.0,0.0,0.0,0.0,0.0,0.0,0.0,0.0,0.0,0.0,0.0,0.0,0.0,0.0,0.0,0.0,0.0,0.0,0.0,0.0,0.0,0.0,0.0,0.0,0.0,0.020800000056624413,0.0,0.0,0.0,0.0,0.0,0.0,0.0,0.0,0.0,0.0,0.0,0.0,0.0,0.0,0.0,0.0,0.0,0.0,0.0,0.0,0.0,0.0,0.0,0.0,0.0,0.0,0.0,0.0,0.0,0.038600001484155655,0.0,0.0,0.0,0.0,0.0,0.0,0.03840000182390213,0.0,0.0,0.01899999938905239,0.0,0.0,0.0,0.0,0.0,0.0,0.0,0.0,0.0,0.0,0.0,0.0,0.0,0.0,0.0,0.0,0.0,0.0,0.0,0.0,0.0,0.0,0.0,0.0,0.0,0.0,0.019600000232458115,0.0,0.01940000057220459,0.0,0.0,0.0,0.022199999541044235,0.0,0.0,0.0,0.0,0.0,0.0,0.0,0.0,0.0,0.0,0.0,0.0,0.0,0.0,0.0,0.0,0.0,0.0,0.0,0.0,0.0,0.0,0.0,0.0,0.0,0.019600000232458115,0.0,0.0,0.0,0.0,0.018799999728798866,0.0,0.0,0.0,0.0,0.0,0.0,0.0,0.0,0.0,0.0,0.0,0.0,0.0,0.0,0.0,0.0,0.0,0.0,0.0,0.0,0.0,0.0,0.0,0.0,0.0,0.0,0.0,0.0,0.0,0.0,0.0,0.0,0.0,0.0,0.0,0.0,0.0,0.0,0.0,0.0,0.0,0.0,0.0,0.0,0.0,0.0,0.0,0.0,0.0,0.0,0.0,0.0,0.0,0.0,0.0,0.0,0.0,0.0,0.0,0.0,0.0,0.0,0.0,0.0,0.0,0.0,0.0,0.0,0.0,0.0,0.0,0.0,0.0,0.0,0.0,0.0,0.0,0.0,0.0,0.0,0.0,0.0,0.0,0.0,0.0,0.0,0.0,0.0,0.0,0.0,0.0,0.0,0.0,0.0,0.0,0.0,0.0,0.0,0.0,0.0,0.0,0.0,0.0,0.0,0.0,0.0,0.0,0.0,0.0,0.0,0.0,0.0,0.0,0.0,0.0,0.0,0.0,0.0,0.0,0.0,0.0,0.0,0.0,0.0,0.02160000056028366,0.0,0.0,0.0,0.0,0.0,0.0,0.0,0.0,0.0,0.0,0.0,0.0,0.0,0.0,0.020500000566244125,0.0,0.0,0.0,0.0,0.021800000220537186,0.0,0.0,0.0,0.0,0.0,0.0,0.0,0.0,0.0,0.0,0.0,0.0,0.0,0.0,0.0,0.0,0.0,0.0,0.0,0.0,0.0,0.01889999955892563,0.0,0.0,0.0,0.0,0.0,0.0,0.0,0.0,0.0,0.0,0.0,0.0,0.0,0.0,0.0,0.0,0.0,0.0,0.0,0.0,0.0,0.0,0.0,0.0,0.0,0.0,0.0,0.0,0.0,0.0,0.0,0.0,0.0,0.0,0.0,0.0,0.0,0.0,0.0,0.0,0.0,0.0,0.0,0.0,0.0,0.0,0.0,0.0,0.0,0.0,0.0,0.0,0.0,0.0,0.0,0.0,0.0,0.0,0.0,0.0,0.0,0.0,0.0,0.0,0.0,0.0,0.0,0.0,0.0,0.0,0.0,0.0,0.0,0.0,0.0,0.0,0.0,0.0,0.0,0.0,0.0,0.0,0.0,0.0,0.0,0.0,0.0,0.0,0.0,0.0,0.0,0.0,0.0,0.0,0.0,0.0,0.0,0.0,0.0,0.0,0.0,0.0,0.0,0.0,0.0,0.0,0.0,0.0,0.019099999219179153,0.0,0.0,0.0,0.0,0.0,0.0,0.0,0.0,0.0,0.0,0.0,0.0,0.0,0.0,0.0,0.0,0.0,0.0,0.0,0.0,0.0,0.0,0.0,0.0,0.0,0.0,0.0,0.0,0.0,0.0,0.0,0.0,0.0,0.0,0.0,0.0,0.0,0.0,0.0,0.0,0.0,0.0,0.0,0.0,0.0,0.0,0.0,0.0,0.0,0.0,0.0,0.0,0.0,0.0,0.01850000023841858,0.0,0.0,0.0,0.0,0.0,0.0,0.0,0.0,0.0,0.0,0.0,0.0,0.0,0.0,0.0,0.0,0.0,0.0,0.0,0.020099999383091927,0.0,0.0,0.0,0.018400000408291817,0.018300000578165054,0.0,0.0,0.0,0.0,0.0,0.0,0.0,0.0,0.0,0.0,0.0,0.0,0.0,0.0,0.0,0.0,0.0,0.0,0.0,0.0,0.0,0.0,0.0,0.0,0.0,0.0,0.0,0.0,0.0,0.0,0.0,0.0,0.0,0.0,0.0,0.0,0.0,0.0,0.0,0.0210999995470047,0.0,0.0,0.0,0.019700000062584877,0.0,0.0,0.0,0.0,0.0,0.0,0.0,0.01810000091791153,0.0,0.0,0.0,0.0,0.0,0.0,0.0,0.0,0.0,0.0,0.0,0.0,0.01810000091791153,0.0,0.0,0.0,0.0,0.0,0.0,0.0,0.0,0.0,0.0,0.0,0.0,0.0,0.0,0.0,0.0,0.0,0.0,0.0,0.0,0.0,0.0,0.0,0.0,0.0,0.0,0.0,0.0,0.0,0.0,0.0,0.0,0.0,0.0,0.01889999955892563,0.0,0.0,0.0,0.0,0.0,0.0,0.0,0.0,0.0,0.0,0.0,0.0,0.0,0.0,0.0,0.0,0.0,0.0,0.0,0.0,0.0,0.0,0.0,0.0,0.0,0.01940000057220459,0.0,0.0,0.0,0.0,0.0,0.0,0.0,0.0,0.0,0.0,0.0,0.0,0.0,0.0,0.0,0.0,0.0,0.0,0.0,0.0,0.0,0.0,0.0,0.0,0.0,0.0,0.0,0.0,0.0,0.0,0.0,0.0,0.0,0.0,0.0,0.0,0.0,0.0,0.0,0.0,0.0,0.0,0.0,0.0,0.0,0.0,0.0,0.0,0.0,0.0,0.0,0.0,0.0,0.0,0.0,0.0,0.0,0.0,0.0,0.0,0.0,0.0,0.0,0.0,0.0,0.0,0.0,0.019999999552965164,0.0,0.0,0.0,0.0,0.0,0.0,0.0,0.0,0.0,0.0,0.0,0.0,0.0,0.0,0.0,0.0,0.0,0.01810000091791153,0.0,0.01860000006854534,0.0,0.0,0.0,0.0,0.0,0.0,0.0,0.0,0.0,0.0,0.0,0.0,0.0,0.0,0.0,0.0,0.0,0.0,0.0,0.0,0.0,0.0,0.0,0.0,0.0,0.0,0.0,0.0,0.0,0.0,0.0,0.0,0.0,0.0,0.0,0.0,0.0,0.0,0.0,0.021299999207258224,0.0,0.0,0.01899999938905239,0.0,0.0,0.0,0.0,0.0,0.0,0.0,0.0,0.0,0.0,0.0,0.0,0.0,0.0,0.0,0.0,0.0,0.0,0.0,0.0,0.0,0.0,0.0,0.0,0.0,0.0,0.0,0.0,0.0,0.0,0.0,0.0,0.0,0.0,0.0,0.0,0.0,0.0,0.0,0.0,0.0,0.0,0.0,0.0,0.0,0.0,0.0,0.0,0.0,0.0,0.0,0.0,0.0,0.0,0.0,0.0,0.0,0.0,0.0,0.0,0.0,0.0,0.04129999876022339,0.0,0.0,0.0,0.0,0.0,0.0,0.0,0.0,0.0,0.0,0.0,0.0,0.0,0.0,0.0,0.0,0.0,0.0,0.0,0.0,0.0,0.0,0.0,0.0,0.0,0.0,0.0,0.0,0.0,0.0,0.0,0.0,0.0,0.0,0.0,0.0,0.0,0.0,0.0,0.0,0.0,0.0,0.0,0.0,0.0,0.0,0.0,0.0,0.0,0.0,0.0,0.0,0.0,0.0,0.0,0.0,0.0,0.0,0.0,0.0,0.0,0.0,0.0,0.0,0.0,0.0,0.0,0.0,0.0,0.0,0.0,0.0,0.0,0.0,0.0,0.0,0.0,0.0,0.0,0.0,0.0,0.0,0.0,0.0,0.0,0.0,0.0,0.0,0.0,0.0,0.0,0.0,0.0,0.0,0.0,0.0,0.0,0.0,0.0,0.0,0.0,0.0,0.0,0.0,0.0,0.0,0.0,0.0,0.0,0.0,0.0,0.0,0.0,0.0,0.0,0.0,0.0,0.0,0.0,0.0,0.0,0.0,0.0,0.0,0.0,0.0,0.0,0.0,0.0,0.0,0.0,0.0,0.0,0.0,0.0,0.0,0.0,0.0,0.0,0.0,0.0,0.0
0.0,0.0,0.0,0.0,0.0,0.0,0.0,0.0,0.0,0.0,0.0,0.0,0.0,0.0,0.0,0.0,0.0,0.0,0.0,0.0,0.0,0.0,0.0,0.0,0.0,0.0,0.0,0.0,0.0,0.0,0.0,0.0,0.0,0.0,0.0,0.0,0.0,0.0,0.0,0.0,0.0,0.0,0.0,0.0,0.0,0.0,0.0,0.0,0.0,0.0,0.0,0.0,0.0,0.0,0.0,0.0,0.0,0.0,0.0,0.0,0.0,0.0,0.0,0.0,0.0,0.0,0.0,0.0,0.0,0.0,0.0,0.0,0.0,0.0,0.0,0.0,0.0,0.0,0.0,0.0,0.0,0.0,0.0,0.0,0.0,0.0,0.0,0.0,0.0,0.0,0.0,0.0,0.0,0.0,0.0,0.0,0.0,0.0,0.0,0.0,0.0,0.0,0.0,0.0,0.0,0.0,0.0,0.0,0.0,0.0,0.0,0.0,0.0,0.0,0.0,0.0,0.0,0.0,0.0,0.0,0.0,0.0,0.0,0.0,0.0,0.0,0.0,0.0,0.0,0.0,0.0,0.0,0.0,0.0,0.0,0.0,0.0,0.0,0.0,0.0,0.0,0.0,0.0,0.0,0.0,0.0,0.0,0.0,0.0,0.0,0.0,0.0,0.0,0.0,0.0,0.0,0.0,0.0,0.0,0.0,0.0,0.0,0.0,0.0,0.0,0.0,0.0,0.0,0.0,0.0,0.0,0.0,0.0,0.0,0.0,0.0,0.0,0.0,0.0,0.0,0.0,0.0,0.0,0.0,0.0,0.0,0.0,0.0,0.0,0.0,0.0,0.0,0.0,0.0,0.0,0.0,0.0,0.0,0.0,0.0,0.0,0.0,0.0,0.0,0.0,0.0,0.0,0.0,0.0,0.0,0.0,0.0,0.0,0.0,0.0,0.0,0.0,0.0,0.0,0.0,0.0,0.0,0.0,0.0,0.0,0.0,0.0,0.0,0.0,0.0,0.0,0.0,0.0,0.0,0.0,0.0,0.0,0.0,0.0,0.0,0.0,0.0,0.0,0.0,0.0,0.0,0.0,0.0,0.0,0.0,0.0,0.0,0.0,0.0,0.0,0.0,0.0,0.0,0.0,0.0,0.0,0.0,0.0,0.0,0.0,0.0,0.0,0.0,0.0,0.0,0.0,0.0,0.0,0.0,0.0,0.0,0.0,0.0,0.0,0.0,0.0,0.0,0.0,0.0,0.0,0.0,0.0,0.0,0.0,0.0,0.0,0.0,0.0,0.0,0.0,0.0,0.0,0.0,0.0,0.0,0.0,0.0,0.0,0.0,0.0,0.0,0.0,0.0,0.0,0.0,0.0,0.0,0.0,0.0,0.0,0.0,0.0,0.0,0.0,0.0,0.0,0.0,0.0,0.0,0.0,0.0,0.0,0.0,0.0,0.0,0.0,0.0,0.0,0.0,0.0,0.0,0.0,0.0,0.0,0.0,0.0,0.0,0.0,0.0,0.0,0.0,0.0,0.0,0.0,0.0,0.0,0.0,0.0,0.0,0.0,0.0,0.0,0.0,0.0,0.0,0.0,0.0,0.0,0.0,0.0,0.0,0.0,0.0,0.0,0.0,0.0,0.0,0.0,0.0,0.0,0.0,0.0,0.019700000062584877,0.0,0.0,0.0,0.0,0.0,0.0,0.0,0.0,0.0,0.0,0.0,0.0,0.0,0.0,0.0,0.0,0.0,0.0,0.0,0.0,0.0,0.0,0.0,0.0,0.0,0.0,0.0,0.0,0.0,0.0,0.0,0.0,0.0,0.0,0.0,0.0,0.0,0.0,0.0,0.0,0.0,0.0,0.0,0.0,0.0,0.0,0.0,0.0,0.0,0.0,0.0,0.0,0.0,0.0,0.0,0.0,0.0,0.0,0.0,0.0,0.0,0.0,0.0,0.0,0.0,0.0,0.0,0.0,0.0,0.0,0.0,0.0,0.0,0.0,0.0,0.0,0.0,0.0,0.0,0.0,0.0,0.0,0.0,0.0,0.0,0.0,0.0,0.0,0.0,0.0,0.0,0.0,0.0,0.0,0.0,0.0,0.0,0.0,0.0,0.0,0.0,0.0,0.0,0.0,0.0,0.0,0.0,0.0,0.0,0.0,0.0,0.0,0.0,0.0,0.0,0.0,0.0,0.0,0.0,0.0,0.0,0.0,0.0,0.0,0.0,0.0,0.0,0.0,0.0,0.0,0.0,0.0,0.0,0.0,0.0,0.0,0.0,0.0,0.0,0.0,0.0,0.0,0.0,0.0,0.0,0.0,0.0,0.0,0.0,0.0,0.0,0.0,0.0,0.0,0.0,0.0,0.0,0.0,0.0,0.0,0.0,0.0,0.0,0.0,0.0,0.0,0.0,0.0,0.0,0.0,0.0,0.0,0.0,0.0,0.0,0.0,0.0,0.0,0.0,0.0,0.0,0.0,0.0,0.0,0.0,0.0,0.0,0.0,0.0,0.0,0.0,0.0,0.0,0.0,0.0,0.0,0.0,0.0,0.0,0.0,0.0,0.0,0.0,0.0,0.0,0.0,0.0,0.0,0.0,0.0,0.0,0.0,0.0,0.0,0.0,0.0,0.0,0.0,0.0,0.0,0.0,0.0,0.0,0.0,0.0,0.0,0.0,0.0,0.0,0.0,0.0,0.0,0.0,0.0,0.0,0.0,0.0,0.0,0.0,0.0,0.0,0.0,0.0,0.0,0.0,0.0,0.0,0.0,0.0,0.0,0.0,0.0,0.0,0.0,0.0,0.0,0.0,0.0,0.0,0.0,0.0,0.0,0.0,0.0,0.0,0.0,0.0,0.0,0.0,0.0,0.0,0.0,0.0,0.0,0.0,0.0,0.0,0.0,0.0,0.0,0.0,0.0,0.0,0.0,0.0,0.0,0.0,0.0,0.0,0.0,0.0,0.0,0.0,0.0,0.0,0.0,0.0,0.0,0.0,0.0,0.0,0.0,0.0,0.0,0.0,0.0,0.0,0.0,0.0,0.0,0.0,0.0,0.0,0.0,0.0,0.0,0.0,0.0,0.0,0.0,0.0,0.0,0.0,0.0,0.0,0.0,0.0,0.0,0.0,0.0,0.0,0.0,0.0,0.0,0.0,0.0,0.0,0.0,0.0,0.0,0.0,0.0,0.0,0.0,0.0,0.0,0.0,0.0,0.0,0.0,0.0,0.0,0.0,0.0,0.0,0.0,0.0,0.0,0.0,0.0,0.0,0.0,0.0,0.0,0.0,0.0,0.0,0.0,0.0,0.0,0.0,0.0,0.0,0.0,0.0,0.0,0.0,0.0,0.0,0.0,0.0,0.0,0.0,0.0,0.0,0.0,0.0,0.0,0.0,0.0,0.0,0.0,0.0,0.0,0.0,0.0,0.0,0.0,0.0,0.0,0.0,0.0,0.0,0.0,0.0,0.0,0.0,0.0,0.0,0.0,0.0,0.0,0.0,0.0,0.0,0.0,0.0,0.0,0.0,0.0,0.0,0.0,0.0,0.0,0.0,0.0,0.0,0.0,0.0,0.0,0.0,0.0,0.0,0.0,0.0,0.0,0.0,0.0,0.0,0.0,0.0,0.0,0.0,0.0,0.0,0.0,0.0,0.0,0.0,0.0,0.0,0.0,0.0,0.0,0.0,0.0,0.0,0.0,0.0,0.0,0.0,0.0,0.0,0.0,0.0,0.0,0.0,0.0,0.0,0.0,0.0,0.0,0.0,0.0,0.0,0.0,0.0,0.0,0.0,0.0,0.0,0.0,0.0,0.0,0.0,0.0,0.0,0.0,0.0,0.0,0.0,0.0,0.0,0.0,0.0,0.0,0.0,0.0,0.0,0.0,0.0,0.0,0.0,0.0,0.0,0.0,0.0,0.0,0.0,0.0,0.0,0.0,0.0,0.0,0.0,0.0,0.0,0.0,0.0,0.0,0.0,0.0,0.0,0.0,0.0,0.0,0.0,0.0,0.0,0.0,0.0,0.0,0.0,0.0,0.0,0.0,0.0,0.0,0.0,0.0,0.0,0.0,0.0,0.0,0.0,0.0,0.0,0.0,0.0,0.0,0.0,0.0,0.0,0.0,0.0,0.0,0.0,0.0,0.0,0.0,0.0,0.0,0.0,0.0,0.0,0.0,0.0,0.0,0.0,0.0,0.0,0.0,0.0,0.0,0.0,0.0,0.0,0.0,0.0,0.0,0.0,0.0,0.0,0.0,0.0,0.0,0.0,0.0,0.0,0.0,0.0,0.0,0.0,0.0,0.0,0.0,0.0,0.0,0.0,0.0,0.0,0.0,0.0,0.0,0.0,0.0,0.0,0.0,0.0,0.0,0.0,0.0,0.0,0.0,0.0,0.0,0.0,0.0,0.0,0.0,0.0,0.0,0.0,0.0,0.0,0.0,0.0,0.0,0.0,0.0,0.0,0.0,0.0,0.0,0.0,0.0,0.0,0.0,0.0,0.0,0.0,0.0,0.0,0.0,0.0,0.0,0.0,0.0,0.0,0.0,0.0,0.0,0.0,0.0,0.0,0.0,0.0,0.0,0.0,0.0,0.0,0.0,0.0,0.0,0.0,0.0,0.0,0.0,0.0,0.0,0.0,0.0,0.0,0.0,0.0,0.0,0.0,0.0,0.0,0.0,0.0,0.0,0.0,0.0,0.0,0.0,0.0,0.0,0.0,0.0,0.0,0.0,0.0,0.0,0.0,0.0,0.0,0.0,0.0,0.0,0.0,0.0,0.0,0.0,0.0,0.0,0.0,0.0,0.0,0.0,0.0,0.0,0.0,0.0,0.0,0.0,0.0,0.0,0.0,0.0,0.0,0.0,0.0,0.0,0.0,0.0,0.0,0.0,0.0,0.0,0.0,0.0,0.0,0.0,0.0,0.0,0.0,0.0,0.0,0.0,0.0,0.0,0.0,0.0,0.0,0.0,0.0,0.0,0.0,0.0,0.0,0.0,0.0,0.0,0.0,0.0,0.0,0.0,0.0,0.0,0.0,0.0,0.0,0.0,0.0,0.0,0.0,0.0,0.0,0.0,0.0,0.0,0.0,0.0,0.0,0.0,0.0,0.0,0.0,0.0,0.0,0.0,0.0,0.0,0.0,0.0,0.0,0.0,0.0,0.0,0.0,0.0,0.0,0.0,0.0,0.0,0.0,0.0,0.0,0.0,0.0,0.0,0.0,0.0,0.0,0.0,0.0,0.0,0.0,0.0,0.0,0.0,0.0,0.0,0.0,0.0,0.0,0.0,0.0,0.0,0.0,0.0,0.0,0.0,0.0,0.0,0.0,0.0,0.0,0.0,0.0,0.0,0.0,0.0,0.0,0.0,0.0,0.0,0.0,0.0,0.0,0.0,0.0,0.0,0.0,0.0,0.0,0.0,0.0,0.0,0.0,0.0,0.0,0.0,0.0,0.0,0.0,0.0,0.0,0.0,0.0,0.0,0.0,0.0,0.0,0.0,0.0,0.0,0.0,0.0,0.0,0.0,0.0,0.0,0.0,0.0,0.0,0.0,0.0,0.0,0.0,0.0,0.0,0.0,0.0,0.0,0.0,0.0,0.0,0.0,0.0,0.0,0.0,0.0,0.0,0.0,0.0,0.0,0.0,0.0,0.0,0.0,0.0,0.0,0.0,0.0,0.0,0.0,0.0,0.0,0.0,0.0,0.0,0.0,0.0,0.0,0.0,0.0,0.0,0.0,0.0,0.0,0.0,0.0,0.0,0.0,0.0,0.0,0.0,0.0,0.0,0.0,0.0,0.0,0.0,0.0,0.0,0.0,0.0,0.0,0.0,0.0,0.0,0.0,0.0,0.0,0.0,0.0,0.0,0.0,0.0,0.0,0.0,0.0,0.0,0.0,0.0,0.0,0.0,0.0,0.0,0.0,0.0,0.0,0.0,0.0,0.0,0.0,0.0,0.0,0.0,0.0,0.0,0.0,0.0,0.0,0.0,0.0,0.0,0.0,0.0,0.0,0.0,0.0,0.0,0.0,0.0,0.0,0.0,0.0,0.0,0.0,0.0,0.0,0.0,0.0,0.0,0.0,0.0,0.0,0.0,0.0,0.0,0.0,0.0,0.0,0.0,0.0,0.0,0.0,0.0,0.0,0.0,0.0,0.0,0.0,0.0,0.0,0.0,0.0,0.0,0.0,0.0,0.0,0.0,0.0,0.0,0.0,0.0,0.0,0.0,0.0,0.0,0.0,0.0,0.0,0.0,0.0,0.0,0.0,0.0,0.0,0.0,0.0,0.0,0.0,0.0,0.0,0.0,0.0,0.0,0.0,0.0,0.0,0.0,0.0,0.0,0.0,0.0,0.0,0.0,0.0,0.0,0.0,0.0,0.0,0.0,0.0,0.0,0.0,0.0,0.0,0.0,0.0,0.0,0.0,0.0,0.0,0.0,0.0,0.0,0.0,0.0,0.0,0.0,0.0,0.0,0.0,0.0,0.0,0.0,0.0,0.0,0.0,0.0,0.0,0.0,0.0,0.0,0.0,0.0,0.0,0.0,0.0,0.0,0.0,0.0,0.0,0.0,0.0,0.0,0.0,0.0,0.0,0.0,0.0,0.0,0.0,0.0,0.0,0.0,0.0,0.0,0.0,0.0,0.0,0.0,0.0,0.0,0.0,0.0,0.0,0.0,0.0,0.0,0.0,0.0,0.0,0.0,0.0,0.0,0.0,0.0,0.0,0.0,0.0,0.0,0.0,0.0,0.0,0.0,0.0,0.0,0.0,0.0,0.0,0.0,0.0,0.0,0.0,0.0,0.0,0.0,0.0,0.0,0.0,0.0,0.0,0.0,0.0,0.0,0.0,0.0,0.0,0.0,0.0,0.0,0.0,0.0,0.0,0.0,0.0,0.0,0.0,0.0,0.0,0.0,0.0,0.0,0.0,0.0,0.0,0.0,0.0,0.0,0.0,0.0,0.0,0.0,0.0,0.0,0.0,0.0,0.0,0.0,0.0,0.0,0.0,0.0,0.0,0.0,0.0,0.0,0.0,0.0,0.0,0.0,0.0,0.0,0.0,0.0,0.0,0.0,0.0,0.0,0.0,0.0,0.0,0.0,0.0,0.0,0.0,0.0,0.0,0.0,0.0,0.0,0.0,0.0,0.0,0.0,0.0,0.0,0.0,0.0,0.0,0.0,0.0,0.0,0.0,0.0,0.0,0.0,0.0,0.0,0.0,0.0,0.0,0.0,0.0,0.0,0.0,0.0,0.0,0.0,0.0,0.0,0.0,0.0,0.0,0.0,0.0,0.0,0.0,0.0,0.0,0.0,0.0,0.0,0.0,0.0,0.0,0.0,0.0,0.0,0.0,0.0,0.0,0.0,0.0,0.0,0.0,0.0,0.0,0.0,0.0,0.0,0.0,0.0,0.0,0.0,0.0,0.0,0.0,0.0,0.0,0.0,0.0,0.0,0.0,0.0,0.0,0.0,0.0,0.0,0.0,0.0,0.0,0.0,0.0,0.0,0.0,0.0,0.0,0.0,0.0,0.0,0.0,0.0,0.0,0.0,0.0,0.0,0.0,0.0,0.0,0.0,0.0,0.0,0.0,0.0,0.0,0.0,0.0,0.0,0.0,0.0,0.0,0.0,0.0,0.0,0.0,0.0,0.0,0.0,0.0,0.0,0.0,0.0,0.0,0.0,0.0,0.0,0.0,0.0,0.0,0.0,0.0,0.0,0.0,0.0,0.0,0.0,0.0,0.0,0.0,0.0,0.0,0.0,0.0,0.0,0.0,0.0,0.0,0.0,0.0,0.0,0.0,0.0,0.0,0.0,0.0,0.0,0.0,0.0,0.0,0.0,0.0,0.0,0.0,0.0,0.0,0.0,0.0,0.0,0.0,0.0,0.0,0.0,0.0,0.0,0.0,0.0,0.0,0.0,0.0,0.0,0.0,0.0,0.0,0.0,0.0,0.0,0.0,0.0,0.0,0.0,0.0,0.0,0.0,0.0,0.0,0.0,0.0,0.0,0.0,0.0,0.0,0.0,0.0,0.0,0.0,0.0,0.0,0.0,0.0,0.0,0.0,0.0,0.0,0.0,0.0,0.0,0.0,0.0,0.0,0.0,0.0,0.0,0.0,0.0,0.0,0.0,0.0,0.0,0.0,0.0,0.0,0.0,0.0,0.0,0.0,0.0,0.0,0.0,0.0,0.0,0.0,0.0,0.0,0.0,0.0,0.0,0.0,0.0,0.0,0.0,0.0,0.0,0.0,0.0,0.0,0.0,0.0,0.0,0.0,0.0,0.0,0.0,0.0,0.0,0.0,0.0,0.0,0.0,0.0,0.0,0.0,0.0,0.0,0.0,0.0,0.0,0.0,0.0,0.0,0.0,0.0,0.0,0.0,0.0,0.0,0.0,0.0,0.0,0.0,0.0,0.0,0.0,0.0,0.0,0.0,0.0,0.0,0.0,0.0,0.0,0.0,0.0,0.0,0.0,0.0,0.0,0.0,0.0,0.0,0.0,0.0,0.0,0.0,0.0,0.0,0.0,0.0,0.0,0.0,0.0,0.0,0.0,0.0,0.0,0.0,0.0,0.0,0.0,0.0,0.0,0.0,0.0,0.0,0.0,0.0,0.0,0.0,0.0,0.0,0.0,0.0,0.0,0.0,0.0,0.0,0.0,0.0,0.0,0.0,0.0,0.0,0.0,0.0,0.0,0.0,0.0,0.0,0.0,0.0,0.0,0.0,0.0,0.0,0.0,0.0,0.0,0.0,0.0,0.0,0.0,0.0,0.0,0.0,0.0,0.0,0.0,0.0,0.0,0.0,0.0,0.0,0.0,0.0,0.0,0.0
